num_WE,num_WF,we,wf,revenue
0,8,0.0,0.0,0.0
0,8,0.0,0.0,0.0
0,8,0.0,0.0,0.0
0,8,0.0,0.0,0.0
0,8,0.0,0.0,0.0
0,8,0.0,0.0,0.0
0,8,0.0,0.0,0.0
0,8,0.0,0.0,0.0
0,8,0.0,0.0,0.0
0,8,0.0,0.0,0.0
0,8,0.0,0.0,0.0
0,8,0.0,0.0,0.0
0,8,0.0,0.0,0.0
0,8,0.0,0.0,0.0
0,8,0.0,0.0,0.0
0,8,0.0,0.0,0.0
0,8,0.0,0.0,0.0
0,8,0.0,0.0,0.0
0,8,0.0,0.0,0.0
0,8,0.0,0.0,0.0
0,8,0.0,0.0,0.0
0,8,0.0,0.0,0.0
0,8,0.0,0.0,0.0
0,8,0.0,0.0,0.0
0,8,0.0,0.0,0.0
0,8,0.0,0.0,0.0
0,8,0.0,0.0,0.0
0,8,0.0,0.0,0.0
0,8,0.0,0.0,0.0
0,8,0.0,0.0,0.0
0,8,0.0,0.0,0.0
0,8,0.0,0.0,0.0
0,8,0.0,0.0,0.0
0,8,0.0,0.0,0.0
0,8,0.0,0.0,0.0
0,8,0.0,0.0,0.0
0,8,0.0,0.0,0.0
0,8,0.0,0.0,0.0
0,8,0.0,0.0,0.0
0,8,0.0,0.0,0.0
0,8,0.0,0.0,0.0
0,8,0.0,0.0,0.0
0,8,0.0,0.0,0.0
0,8,0.0,0.0,0.0
0,8,0.0,0.0,0.0
0,8,0.0,0.0,0.0
0,8,0.0,0.0,0.0
0,8,0.0,0.0,0.0
0,8,0.0,0.0,0.0
0,8,0.0,0.0,0.0
0,8,0.0,0.0,0.0
0,8,0.0,0.0,0.0
0,8,0.0,0.0,0.0
0,8,0.0,0.0,0.0
0,8,0.0,0.0,0.0
0,8,0.0,0.0,0.0
0,8,0.0,0.0,0.0
0,8,0.0,0.0,0.0
0,8,0.0,0.0,0.0
0,8,0.0,0.0,0.0
0,8,0.0,0.0,0.0
0,8,0.0,0.0,0.0
0,8,0.0,0.0,0.0
0,8,0.0,0.0,0.0
0,8,0.0,0.0,0.0
0,8,0.0,0.0,0.0
0,8,0.0,0.0,0.0
0,8,0.0,0.0,0.0
0,8,0.0,0.0,0.0
0,8,0.0,0.0,0.0
0,8,0.0,0.0,0.0
0,8,0.0,0.0,0.0
0,8,0.0,0.0,0.0
0,8,0.0,0.0,0.0
0,8,0.0,0.0,0.0
0,8,0.0,0.0,0.0
0,8,0.0,0.0,0.0
0,8,0.0,0.0,0.0
0,8,0.0,0.0,0.0
0,8,0.0,0.0,0.0
0,8,0.0,0.0,0.0
0,8,0.0,0.0,0.0
0,8,0.0,0.0,0.0
0,8,0.0,0.0,0.0
0,8,0.0,0.0,0.0
0,8,0.0,0.0,0.0
0,8,0.0,0.0,0.0
0,8,0.0,0.0,0.0
0,8,0.0,0.0,0.0
0,8,0.0,0.0,0.0
0,8,0.0,0.0,0.0
0,8,0.0,0.0,0.0
0,8,0.0,0.0,0.0
0,8,0.0,0.0,0.0
0,8,0.0,0.0,0.0
0,8,0.0,0.0,0.0
0,8,0.0,0.0,0.0
0,8,0.0,0.0,0.0
0,8,0.0,0.0,0.0
0,8,0.0,0.0,0.0
0,8,0.0,0.0,0.0
0,8,0.0,0.0,0.0
0,8,0.0,0.0,0.0
0,8,0.0,0.0,0.0
0,8,0.0,0.0,0.0
0,8,0.0,0.0,0.0
0,8,0.0,0.0,0.0
0,8,0.0,0.0,0.0
0,8,0.0,0.0,0.0
0,8,0.0,0.0,0.0
0,8,0.0,0.0,0.0
0,8,0.0,0.0,0.0
0,8,0.0,0.0,0.0
0,8,0.0,0.0,0.0
0,8,0.0,0.0,0.0
0,8,0.0,0.0,0.0
0,8,0.0,0.0,0.0
0,8,0.0,0.0,0.0
0,8,0.0,0.0,0.0
0,8,0.0,0.0,0.0
0,8,0.0,0.0,0.0
0,8,0.0,0.0,0.0
0,8,0.0,0.0,0.0
0,8,0.0,0.0,0.0
0,8,0.0,0.0,0.0
0,8,0.0,0.0,0.0
0,8,0.0,0.0,0.0
0,8,0.0,0.0,0.0
0,8,0.0,0.0,0.0
0,8,0.0,0.0,0.0
0,8,0.0,0.0,0.0
0,8,0.0,0.0,0.0
0,8,0.0,0.0,0.0
0,8,0.0,0.0,0.0
0,8,0.0,0.0,0.0
0,8,0.0,0.0,0.0
0,8,0.0,0.0,0.0
0,8,0.0,0.0,0.0
0,8,0.0,0.0,0.0
0,8,0.0,0.0,0.0
0,8,0.0,0.0,0.0
0,8,0.0,0.0,0.0
0,8,0.0,0.0,0.0
0,8,0.0,0.0,0.0
0,8,0.0,0.0,0.0
0,8,0.0,0.0,0.0
0,8,0.0,0.0,0.0
0,8,0.0,0.0,0.0
0,8,0.0,0.0,0.0
0,8,0.0,0.0,0.0
0,8,0.0,0.0,0.0
0,8,0.0,0.0,0.0
0,8,0.0,0.0,0.0
0,8,0.0,0.0,0.0
0,8,0.0,0.0,0.0
0,8,0.0,0.0,0.0
0,8,0.0,0.0,0.0
0,8,0.0,0.0,0.0
0,8,0.0,0.0,0.0
0,8,0.0,0.0,0.0
0,8,0.0,0.0,0.0
0,8,0.0,0.0,0.0
0,8,0.0,0.0,0.0
0,8,0.0,0.0,0.0
0,8,0.0,0.0,0.0
0,8,0.0,0.0,0.0
0,8,0.0,0.0,0.0
0,8,0.0,0.0,0.0
0,8,0.0,0.0,0.0
0,8,0.0,0.0,0.0
0,8,0.0,0.0,0.0
0,8,0.0,0.0,0.0
0,8,0.0,0.0,0.0
0,8,0.0,0.0,0.0
0,8,0.0,0.0,36.96
0,8,0.0,0.0,0.0
0,8,0.0,0.0,0.0
0,8,0.0,0.0,0.0
0,8,0.0,0.0,0.0
0,8,0.0,0.0,0.0
0,8,0.0,0.0,0.0
0,8,0.0,0.0,0.0
0,8,0.0,0.0,22.44
0,8,0.0,0.0,0.0
0,8,0.0,0.0,0.0
0,8,0.0,0.0,0.0
0,8,0.0,0.0,0.0
0,8,0.0,0.0,0.0
0,8,0.0,0.0,0.0
0,8,0.0,0.0,0.0
0,8,0.0,0.0,0.0
0,8,0.0,0.0,0.0
0,8,0.0,0.0,0.0
0,8,0.0,0.0,0.0
0,8,0.0,0.0,0.0
0,8,0.0,0.0,0.0
0,8,0.0,0.0,0.0
0,8,0.0,0.0,0.0
0,8,0.0,0.0,0.0
0,8,0.0,0.0,0.0
0,8,0.0,0.0,0.0
0,8,0.0,0.0,0.0
0,8,0.0,0.0,0.0
0,8,0.0,0.0,0.0
0,8,0.0,0.0,0.0
0,8,0.0,0.0,0.0
0,8,0.0,0.0,0.0
0,8,0.0,0.0,0.0
0,8,0.0,0.0,0.0
0,8,0.0,0.0,0.0
0,8,0.0,0.0,0.0
0,8,0.0,0.0,0.0
0,8,0.0,0.0,0.0
0,8,0.0,0.0,0.0
0,8,0.0,0.0,0.0
0,8,0.0,0.0,0.0
0,8,0.0,0.0,0.0
0,8,0.0,0.0,0.0
0,8,0.0,0.0,0.0
0,8,0.0,0.0,0.0
0,8,0.0,0.0,0.0
0,8,0.0,0.0,0.0
0,8,0.0,0.0,0.0
0,8,0.0,0.0,0.0
0,8,0.0,0.0,0.0
0,8,0.0,0.0,0.0
0,8,0.0,0.0,0.0
0,8,0.0,0.0,0.0
0,8,0.0,0.0,0.0
0,8,0.0,0.0,0.0
0,8,0.0,0.0,0.0
0,8,0.0,0.0,0.0
0,8,0.0,0.0,0.0
0,8,0.0,0.0,0.0
0,8,0.0,0.0,0.0
0,8,0.0,0.0,0.0
0,8,0.0,0.0,0.0
0,8,0.0,0.0,0.0
0,8,0.0,0.0,0.0
0,8,0.0,0.0,0.0
0,8,0.0,0.0,0.0
0,8,0.0,0.0,0.0
0,8,0.0,0.0,0.0
0,8,0.0,0.0,0.0
0,8,0.0,0.0,0.0
0,8,0.0,0.0,0.0
0,8,0.0,0.0,0.0
0,8,0.0,0.0,0.0
0,8,0.0,0.0,0.0
0,8,0.0,0.0,0.0
0,8,0.0,0.0,0.0
0,8,0.0,0.0,0.0
0,8,0.0,0.0,0.0
0,8,0.0,0.0,0.0
0,8,0.0,0.0,0.0
0,8,0.0,0.0,0.0
0,8,0.0,0.0,0.0
0,8,0.0,0.0,0.0
0,8,0.0,0.0,0.0
0,8,0.0,0.0,0.0
0,8,0.0,0.0,0.0
0,8,0.0,0.0,0.0
0,8,0.0,0.0,0.0
0,8,0.0,0.0,0.0
0,8,0.0,0.0,0.0
0,8,0.0,0.0,0.0
0,8,0.0,0.0,0.0
0,8,0.0,0.0,0.0
0,8,0.0,0.0,0.0
0,8,0.0,0.0,0.0
0,8,0.0,0.0,0.0
0,8,0.0,0.0,0.0
0,8,0.0,0.0,0.0
0,8,0.0,0.0,0.0
0,8,0.0,0.0,0.0
0,8,0.0,0.0,0.0
0,8,0.0,0.0,0.0
0,8,0.0,0.0,0.0
0,8,0.0,0.0,39.6
0,8,0.0,0.0,0.0
0,8,0.0,0.0,0.0
0,8,0.0,0.0,0.0
0,8,0.0,0.0,0.0
0,8,0.0,0.0,0.0
0,8,0.0,0.0,0.0
0,8,0.0,0.0,0.0
0,8,0.0,0.0,0.0
0,8,0.0,0.0,0.0
0,8,0.0,0.0,0.0
0,8,0.0,0.0,0.0
0,8,0.0,0.0,0.0
0,8,0.0,0.0,0.0
0,8,0.0,0.0,0.0
0,8,0.0,0.0,0.0
0,8,0.0,0.0,0.0
0,8,0.0,0.0,0.0
0,8,0.0,0.0,0.0
0,8,0.0,0.0,0.0
0,8,0.0,0.0,0.0
0,8,0.0,0.0,0.0
0,8,0.0,0.0,0.0
0,8,0.0,0.0,0.0
0,8,0.0,0.0,0.0
0,8,0.0,0.0,0.0
0,8,0.0,0.0,0.0
0,8,0.0,0.0,0.0
0,8,0.0,0.0,0.0
0,8,0.0,0.0,0.0
0,8,0.0,0.0,0.0
0,8,0.0,0.0,0.0
0,8,0.0,0.0,0.0
0,8,0.0,0.0,0.0
0,8,0.0,0.0,0.0
0,8,0.0,0.0,0.0
0,8,0.0,0.0,0.0
0,8,0.0,0.0,0.0
0,8,0.0,0.0,0.0
0,8,0.0,0.0,0.0
0,8,0.0,0.0,0.0
0,8,0.0,0.0,0.0
0,8,0.0,0.0,0.0
0,8,0.0,0.0,0.0
0,8,0.0,0.0,0.0
0,8,0.0,0.0,0.0
0,8,0.0,0.0,0.0
0,8,0.0,0.0,0.0
0,8,0.0,0.0,0.0
0,8,0.0,0.0,0.0
0,8,0.0,0.0,0.0
0,8,0.0,0.0,0.0
0,8,0.0,0.0,0.0
0,8,0.0,0.0,0.0
0,8,0.0,0.0,0.0
0,8,0.0,0.0,0.0
0,8,0.0,0.0,0.0
0,8,0.0,0.0,0.0
0,8,0.0,0.0,0.0
0,8,0.0,0.0,0.0
0,8,0.0,0.0,0.0
0,8,0.0,0.0,0.0
0,8,0.0,0.0,0.0
0,8,0.0,0.0,0.0
0,8,0.0,0.0,0.0
0,8,0.0,0.0,0.0
0,8,0.0,0.0,0.0
0,8,0.0,0.0,0.0
0,8,0.0,0.0,0.0
0,8,0.0,0.0,0.0
0,8,0.0,0.0,0.0
0,8,0.0,0.0,0.0
0,8,0.0,0.0,0.0
0,8,0.0,0.0,0.0
0,8,0.0,0.0,0.0
0,8,0.0,0.0,0.0
0,8,0.0,0.0,0.0
0,8,0.0,0.0,0.0
0,8,0.0,0.0,0.0
0,8,0.0,0.0,0.0
0,8,0.0,0.0,0.0
0,8,0.0,0.0,0.0
0,8,0.0,0.0,0.0
0,8,0.0,0.0,0.0
0,8,0.0,0.0,0.0
0,8,0.0,0.0,0.0
0,8,0.0,0.0,0.0
0,8,0.0,0.0,0.0
0,8,0.0,0.0,0.0
0,8,0.0,0.0,0.0
0,8,0.0,0.0,0.0
0,8,0.0,0.0,0.0
0,8,0.0,0.0,0.0
0,8,0.0,0.0,0.0
0,8,0.0,0.0,0.0
0,8,0.0,0.0,0.0
0,8,0.0,0.0,0.0
0,8,0.0,0.0,0.0
0,8,0.0,0.0,0.0
0,8,0.0,0.0,0.0
0,8,0.0,0.0,0.0
0,8,0.0,0.0,0.0
0,8,0.0,0.0,0.0
0,8,0.0,0.0,0.0
0,8,0.0,0.0,0.0
0,8,0.0,0.0,0.0
0,8,0.0,0.0,0.0
0,8,0.0,0.0,0.0
0,8,0.0,0.0,0.0
0,8,0.0,0.0,0.0
0,8,0.0,0.0,0.0
0,8,0.0,0.0,0.0
0,8,0.0,0.0,0.0
0,8,0.0,0.0,0.0
0,8,0.0,0.0,0.0
0,8,0.0,0.0,0.0
0,8,0.0,0.0,0.0
0,8,0.0,0.0,0.0
0,8,0.0,0.0,0.0
0,8,0.0,0.0,0.0
0,8,0.0,0.0,0.0
0,8,0.0,0.0,0.0
0,8,0.0,0.0,0.0
0,8,0.0,0.0,0.0
0,8,0.0,0.0,0.0
0,8,0.0,0.0,0.0
0,8,0.0,0.0,0.0
0,8,0.0,0.0,0.0
0,8,0.0,0.0,0.0
0,8,0.0,0.0,0.0
0,8,0.0,0.0,0.0
0,8,0.0,0.0,0.0
0,8,0.0,0.0,0.0
0,8,0.0,0.0,0.0
0,8,0.0,0.0,0.0
0,8,0.0,0.0,0.0
0,8,0.0,0.0,0.0
0,8,0.0,0.0,0.0
0,8,0.0,0.0,0.0
0,8,0.0,0.0,0.0
0,8,0.0,0.0,0.0
0,8,0.0,0.0,0.0
0,8,0.0,0.0,0.0
0,8,0.0,0.0,0.0
0,8,0.0,0.0,0.0
0,8,0.0,0.0,0.0
0,8,0.0,0.0,0.0
0,8,0.0,0.0,0.0
0,8,0.0,0.0,0.0
0,8,0.0,0.0,0.0
0,8,0.0,0.0,0.0
0,8,0.0,0.0,0.0
0,8,0.0,0.0,0.0
0,8,0.0,0.0,0.0
0,8,0.0,0.0,0.0
0,8,0.0,0.0,0.0
0,8,0.0,0.0,0.0
0,8,0.0,0.0,0.0
0,8,0.0,0.0,0.0
0,8,0.0,0.0,0.0
0,8,0.0,0.0,0.0
0,8,0.0,0.0,0.0
0,8,0.0,0.0,0.0
0,8,0.0,0.0,0.0
0,8,0.0,0.0,0.0
0,8,0.0,0.0,0.0
0,8,0.0,0.0,0.0
0,8,0.0,0.0,0.0
0,8,0.0,0.0,0.0
0,8,0.0,0.0,0.0
0,8,0.0,0.0,0.0
0,8,0.0,0.0,0.0
0,8,0.0,0.0,0.0
0,8,0.0,0.0,0.0
0,8,0.0,0.0,0.0
0,8,0.0,0.0,0.0
0,8,0.0,0.0,0.0
0,8,0.0,0.0,0.0
0,8,0.0,0.0,0.0
0,8,0.0,0.0,0.0
0,8,0.0,0.0,0.0
0,8,0.0,0.0,0.0
0,8,0.0,0.0,0.0
0,8,0.0,0.0,0.0
0,8,0.0,0.0,0.0
0,8,0.0,0.0,0.0
0,8,0.0,0.0,0.0
0,8,0.0,0.0,0.0
0,8,0.0,0.0,0.0
0,8,0.0,0.0,0.0
0,8,0.0,0.0,0.0
0,8,0.0,0.0,0.0
0,8,0.0,0.0,0.0
0,8,0.0,0.0,0.0
0,8,0.0,0.0,0.0
0,8,0.0,0.0,0.0
0,8,0.0,0.0,0.0
0,8,0.0,0.0,0.0
0,8,0.0,0.0,0.0
0,8,0.0,0.0,0.0
0,8,0.0,0.0,0.0
0,8,0.0,0.0,0.0
0,8,0.0,0.0,0.0
0,8,0.0,0.0,0.0
0,8,0.0,0.0,0.0
0,8,0.0,0.0,0.0
0,8,0.0,0.0,0.0
0,8,0.0,0.0,0.0
0,8,0.0,0.0,0.0
0,8,0.0,0.0,0.0
0,8,0.0,0.0,0.0
0,8,0.0,0.0,0.0
0,8,0.0,0.0,0.0
0,8,0.0,0.0,0.0
0,8,0.0,0.0,0.0
0,8,0.0,0.0,0.0
0,8,0.0,0.0,0.0
0,8,0.0,0.0,0.0
0,8,0.0,0.0,0.0
0,8,0.0,0.0,0.0
0,8,0.0,0.0,0.0
0,8,0.0,0.0,0.0
0,8,0.0,0.0,0.0
0,8,0.0,0.0,0.0
0,8,0.0,0.0,0.0
0,8,0.0,0.0,0.0
0,8,0.0,0.0,0.0
0,8,0.0,0.0,0.0
0,8,0.0,0.0,0.0
0,8,0.0,0.0,0.0
0,8,0.0,0.0,0.0
0,8,0.0,0.0,0.0
0,8,0.0,0.0,0.0
0,8,0.0,0.0,0.0
0,8,0.0,0.0,0.0
0,8,0.0,0.0,0.0
0,8,0.0,0.0,0.0
0,8,0.0,0.0,0.0
0,8,0.0,0.0,0.0
0,8,0.0,0.0,0.0
0,8,0.0,0.0,0.0
0,8,0.0,0.0,0.0
0,8,0.0,0.0,0.0
0,8,0.0,0.0,0.0
0,8,0.0,0.0,0.0
0,8,0.0,0.0,0.0
0,8,0.0,0.0,0.0
0,8,0.0,0.0,0.0
0,8,0.0,0.0,0.0
0,8,0.0,0.0,0.0
0,8,0.0,0.0,0.0
0,8,0.0,0.0,0.0
0,8,0.0,0.0,0.0
0,8,0.0,0.0,0.0
0,8,0.0,0.0,0.0
0,8,0.0,0.0,0.0
0,8,0.0,0.0,0.0
0,8,0.0,0.0,0.0
0,8,0.0,0.0,0.0
0,8,0.0,0.0,0.0
0,8,0.0,0.0,0.0
0,8,0.0,0.0,0.0
0,8,0.0,0.0,0.0
0,8,0.0,0.0,0.0
0,8,0.0,0.0,0.0
0,8,0.0,0.0,0.0
0,8,0.0,0.0,0.0
0,8,0.0,0.0,30.360000000000003
0,8,0.0,0.0,0.0
0,8,0.0,0.0,0.0
0,8,0.0,0.0,0.0
0,8,0.0,0.0,0.0
0,8,0.0,0.0,0.0
0,8,0.0,0.0,0.0
0,8,0.0,0.0,0.0
0,8,0.0,0.0,0.0
0,8,0.0,0.0,0.0
0,8,0.0,0.0,0.0
0,8,0.0,0.0,0.0
0,8,0.0,0.0,0.0
0,8,0.0,0.0,0.0
0,8,0.0,0.0,0.0
0,8,0.0,0.0,0.0
0,8,0.0,0.0,0.0
0,8,0.0,0.0,0.0
0,8,0.0,0.0,0.0
0,8,0.0,0.0,0.0
0,8,0.0,0.0,0.0
0,8,0.0,0.0,0.0
0,8,0.0,0.0,0.0
0,8,0.0,0.0,0.0
0,8,0.0,0.0,0.0
0,8,0.0,0.0,0.0
0,8,0.0,0.0,0.0
0,8,0.0,0.0,0.0
0,8,0.0,0.0,0.0
0,8,0.0,0.0,0.0
0,8,0.0,0.0,0.0
0,8,0.0,0.0,0.0
0,8,0.0,0.0,0.0
0,8,0.0,0.0,0.0
0,8,0.0,0.0,0.0
0,8,0.0,0.0,0.0
0,8,0.0,0.0,0.0
0,8,0.0,0.0,0.0
0,8,0.0,0.0,0.0
0,8,0.0,0.0,0.0
0,8,0.0,0.0,0.0
0,8,0.0,0.0,0.0
0,8,0.0,0.0,0.0
0,8,0.0,0.0,0.0
0,8,0.0,0.0,0.0
0,8,0.0,0.0,0.0
0,8,0.0,0.0,0.0
0,8,0.0,0.0,0.0
0,8,0.0,0.0,0.0
0,8,0.0,0.0,0.0
0,8,0.0,0.0,0.0
0,8,0.0,0.0,0.0
0,8,0.0,0.0,0.0
0,8,0.0,0.0,0.0
0,8,0.0,0.0,0.0
0,8,0.0,0.0,0.0
0,8,0.0,0.0,0.0
0,8,0.0,0.0,0.0
0,8,0.0,0.0,0.0
0,8,0.0,0.0,0.0
0,8,0.0,0.0,0.0
0,8,0.0,0.0,0.0
0,8,0.0,0.0,0.0
0,8,0.0,0.0,0.0
0,8,0.0,0.0,0.0
0,8,0.0,0.0,0.0
0,8,0.0,0.0,0.0
0,8,0.0,0.0,0.0
0,8,0.0,0.0,0.0
0,8,0.0,0.0,0.0
0,8,0.0,0.0,0.0
0,8,0.0,0.0,0.0
0,8,0.0,0.0,0.0
0,8,0.0,0.0,0.0
0,8,0.0,0.0,0.0
0,8,0.0,0.0,0.0
0,8,0.0,0.0,0.0
0,8,0.0,0.0,0.0
0,8,0.0,0.0,0.0
0,8,0.0,0.0,0.0
0,8,0.0,0.0,0.0
0,8,0.0,0.0,0.0
0,8,0.0,0.0,0.0
0,8,0.0,0.0,0.0
0,8,0.0,0.0,0.0
0,8,0.0,0.0,0.0
0,8,0.0,0.0,0.0
0,8,0.0,0.0,0.0
0,8,0.0,0.0,0.0
0,8,0.0,0.0,0.0
0,8,0.0,0.0,0.0
0,8,0.0,0.0,0.0
0,8,0.0,0.0,0.0
0,8,0.0,0.0,0.0
0,8,0.0,0.0,0.0
0,8,0.0,0.0,0.0
0,8,0.0,0.0,0.0
0,8,0.0,0.0,0.0
0,8,0.0,0.0,0.0
0,8,0.0,0.0,0.0
0,8,0.0,0.0,0.0
0,8,0.0,0.0,0.0
0,8,0.0,0.0,0.0
0,8,0.0,0.0,0.0
0,8,0.0,0.0,0.0
0,8,0.0,0.0,0.0
0,8,0.0,0.0,0.0
0,8,0.0,0.0,0.0
0,8,0.0,0.0,0.0
0,8,0.0,0.0,0.0
0,8,0.0,0.0,0.0
0,8,0.0,0.0,0.0
0,8,0.0,0.0,0.0
0,8,0.0,0.0,0.0
0,8,0.0,0.0,0.0
0,8,0.0,0.0,0.0
0,8,0.0,0.0,0.0
0,8,0.0,0.0,0.0
0,8,0.0,0.0,0.0
0,8,0.0,0.0,0.0
0,8,0.0,0.0,6.6000000000000005
0,8,0.0,0.0,0.0
0,8,0.0,0.0,0.0
0,8,0.0,0.0,0.0
0,8,0.0,0.0,0.0
0,8,0.0,0.0,0.0
0,8,0.0,0.0,0.0
0,8,0.0,0.0,0.0
0,8,0.0,0.0,0.0
0,8,0.0,0.0,0.0
0,8,0.0,0.0,0.0
0,8,0.0,0.0,0.0
0,8,0.0,0.0,0.0
0,8,0.0,0.0,0.0
0,8,0.0,0.0,0.0
0,8,0.0,0.0,0.0
0,8,0.0,0.0,0.0
0,8,0.0,0.0,0.0
0,8,0.0,0.0,0.0
0,8,0.0,0.0,0.0
0,8,0.0,0.0,0.0
0,8,0.0,0.0,0.0
0,8,0.0,0.0,0.0
0,8,0.0,0.0,0.0
0,8,0.0,0.0,0.0
0,8,0.0,0.0,0.0
0,8,0.0,0.0,0.0
0,8,0.0,0.0,0.0
0,8,0.0,0.0,0.0
0,8,0.0,0.0,0.0
0,8,0.0,0.0,0.0
0,8,0.0,0.0,0.0
0,8,0.0,0.0,0.0
0,8,0.0,0.0,0.0
0,8,0.0,0.0,0.0
0,8,0.0,0.0,0.0
0,8,0.0,0.0,0.0
0,8,0.0,0.0,0.0
0,8,0.0,0.0,0.0
0,8,0.0,0.0,0.0
0,8,0.0,0.0,0.0
0,8,0.0,0.0,0.0
0,8,0.0,0.0,0.0
0,8,0.0,0.0,0.0
0,8,0.0,0.0,0.0
0,8,0.0,0.0,0.0
0,8,0.0,0.0,0.0
0,8,0.0,0.0,0.0
0,8,0.0,0.0,0.0
0,8,0.0,0.0,0.0
0,8,0.0,0.0,0.0
0,8,0.0,0.0,0.0
0,8,0.0,0.0,0.0
0,8,0.0,0.0,0.0
0,8,0.0,0.0,0.0
0,8,0.0,0.0,0.0
0,8,0.0,0.0,0.0
0,8,0.0,0.0,0.0
0,8,0.0,0.0,0.0
0,8,0.0,0.0,0.0
0,8,0.0,0.0,0.0
0,8,0.0,0.0,0.0
0,8,0.0,0.0,0.0
0,8,0.0,0.0,0.0
0,8,0.0,0.0,0.0
0,8,0.0,0.0,0.0
0,8,0.0,0.0,0.0
0,8,0.0,0.0,0.0
0,8,0.0,0.0,0.0
0,8,0.0,0.0,0.0
0,8,0.0,0.0,0.0
0,8,0.0,0.0,0.0
0,8,0.0,0.0,0.0
0,8,0.0,0.0,0.0
0,8,0.0,0.0,0.0
0,8,0.0,0.0,0.0
0,8,0.0,0.0,0.0
0,8,0.0,0.0,0.0
0,8,0.0,0.0,0.0
0,8,0.0,0.0,0.0
0,8,0.0,0.0,0.0
0,8,0.0,0.0,0.0
0,8,0.0,0.0,0.0
0,8,0.0,0.0,0.0
0,8,0.0,0.0,0.0
0,8,0.0,0.0,0.0
0,8,0.0,0.0,0.0
0,8,0.0,0.0,0.0
0,8,0.0,0.0,0.0
0,8,0.0,0.0,0.0
0,8,0.0,0.0,0.0
0,8,0.0,0.0,0.0
0,8,0.0,0.0,0.0
0,8,0.0,0.0,0.0
0,8,0.0,0.0,0.0
0,8,0.0,0.0,0.0
0,8,0.0,0.0,0.0
0,8,0.0,0.0,0.0
0,8,0.0,0.0,0.0
0,8,0.0,0.0,0.0
0,8,0.0,0.0,0.0
0,8,0.0,0.0,0.0
0,8,0.0,0.0,0.0
0,8,0.0,0.0,0.0
0,8,0.0,0.0,0.0
0,8,0.0,0.0,0.0
0,8,0.0,0.0,0.0
0,8,0.0,0.0,0.0
0,8,0.0,0.0,0.0
0,8,0.0,0.0,0.0
0,8,0.0,0.0,0.0
0,8,0.0,0.0,0.0
0,8,0.0,0.0,0.0
0,8,0.0,0.0,0.0
0,8,0.0,0.0,0.0
0,8,0.0,0.0,0.0
0,8,0.0,0.0,0.0
0,8,0.0,0.0,0.0
0,8,0.0,0.0,0.0
0,8,0.0,0.0,0.0
0,8,0.0,0.0,0.0
0,8,0.0,0.0,0.0
0,8,0.0,0.0,0.0
0,8,0.0,0.0,0.0
0,8,0.0,0.0,0.0
0,8,0.0,0.0,0.0
0,8,0.0,0.0,0.0
0,8,0.0,0.0,0.0
0,8,0.0,0.0,0.0
0,8,0.0,0.0,0.0
0,8,0.0,0.0,0.0
0,8,0.0,0.0,0.0
0,8,0.0,0.0,0.0
0,8,0.0,0.0,0.0
0,8,0.0,0.0,0.0
0,8,0.0,0.0,0.0
0,8,0.0,0.0,0.0
0,8,0.0,0.0,0.0
0,8,0.0,0.0,0.0
0,8,0.0,0.0,0.0
0,8,0.0,0.0,0.0
0,8,0.0,0.0,0.0
0,8,0.0,0.0,0.0
0,8,0.0,0.0,0.0
0,8,0.0,0.0,0.0
0,8,0.0,0.0,0.0
0,8,0.0,0.0,0.0
0,8,0.0,0.0,0.0
0,8,0.0,0.0,0.0
0,8,0.0,0.0,0.0
0,8,0.0,0.0,0.0
0,8,0.0,0.0,0.0
0,8,0.0,0.0,0.0
0,8,0.0,0.0,0.0
0,8,0.0,0.0,0.0
0,8,0.0,0.0,0.0
0,8,0.0,0.0,0.0
0,8,0.0,0.0,0.0
0,8,0.0,0.0,0.0
0,8,0.0,0.0,0.0
0,8,0.0,0.0,0.0
0,8,0.0,0.0,0.0
0,8,0.0,0.0,0.0
0,8,0.0,0.0,0.0
0,8,0.0,0.0,0.0
0,8,0.0,0.0,0.0
0,8,0.0,0.0,0.0
0,8,0.0,0.0,0.0
0,8,0.0,0.0,0.0
0,8,0.0,0.0,0.0
0,8,0.0,0.0,0.0
0,8,0.0,0.0,0.0
0,8,0.0,0.0,0.0
0,8,0.0,0.0,0.0
0,8,0.0,0.0,0.0
0,8,0.0,0.0,0.0
0,8,0.0,0.0,0.0
0,8,0.0,0.0,0.0
0,8,0.0,0.0,0.0
0,8,0.0,0.0,0.0
0,8,0.0,0.0,0.0
0,8,0.0,0.0,0.0
0,8,0.0,0.0,0.0
0,8,0.0,0.0,0.0
0,8,0.0,0.0,0.0
0,8,0.0,0.0,0.0
0,8,0.0,0.0,0.0
0,8,0.0,0.1436866440592084,13.200000000000001
0,8,0.0,0.0,0.0
0,8,0.0,0.0,6.6000000000000005
0,8,0.0,0.0,0.0
0,8,0.0,0.0,0.0
0,8,0.0,0.0,0.0
0,8,0.0,0.0,0.0
0,8,0.0,0.0,0.0
0,8,0.0,0.0,0.0
0,8,0.0,0.0,0.0
0,8,0.0,0.0,0.0
0,8,0.0,0.0,0.0
0,8,0.0,0.0,0.0
0,8,0.0,0.0,0.0
0,8,0.0,0.0,0.0
0,8,0.0,0.0,0.0
0,8,0.0,0.0,0.0
0,8,0.0,0.0,0.0
0,8,0.0,0.0,0.0
0,8,0.0,0.0,0.0
0,8,0.0,0.0,0.0
0,8,0.0,0.0,0.0
0,8,0.0,0.0,0.0
0,8,0.0,0.0,0.0
0,8,0.0,0.0,0.0
0,8,0.0,0.0,0.0
0,8,0.0,0.0,0.0
0,8,0.0,0.0,0.0
0,8,0.0,0.0,0.0
0,8,0.0,0.0,0.0
0,8,0.0,0.0,0.0
0,8,0.0,0.0,0.0
0,8,0.0,0.0,0.0
0,8,0.0,0.0,0.0
0,8,0.0,0.0,0.0
0,8,0.0,0.0,0.0
0,8,0.0,0.0,0.0
0,8,0.0,0.0,0.0
0,8,0.0,0.0,0.0
0,8,0.0,0.0,0.0
0,8,0.0,0.0,0.0
0,8,0.0,0.0,0.0
0,8,0.0,0.0,0.0
0,8,0.0,0.0,0.0
0,8,0.0,0.0,0.0
0,8,0.0,0.0,0.0
0,8,0.0,0.0,0.0
0,8,0.0,0.0,0.0
0,8,0.0,0.0,0.0
0,8,0.0,0.0,0.0
0,8,0.0,0.0,0.0
0,8,0.0,0.0,0.0
0,8,0.0,0.0,0.0
0,8,0.0,0.0,0.0
0,8,0.0,0.0,0.0
0,8,0.0,0.0,0.0
0,8,0.0,0.0,0.0
0,8,0.0,0.0,0.0
0,8,0.0,0.0,0.0
0,8,0.0,0.0,0.0
0,8,0.0,0.0,0.0
0,8,0.0,0.0,0.0
0,8,0.0,0.0,0.0
0,8,0.0,0.0,0.0
0,8,0.0,0.0,0.0
0,8,0.0,0.0,0.0
0,8,0.0,0.0,0.0
0,8,0.0,0.0,0.0
0,8,0.0,0.0,0.0
0,8,0.0,0.0,0.0
0,8,0.0,0.0,0.0
0,8,0.0,0.0,0.0
0,8,0.0,0.0,0.0
0,8,0.0,0.0,0.0
0,8,0.0,0.0,0.0
0,8,0.0,0.0,0.0
0,8,0.0,0.0,0.0
0,8,0.0,0.0,0.0
0,8,0.0,0.0,0.0
0,8,0.0,0.0,0.0
0,8,0.0,0.0,0.0
0,8,0.0,0.0,0.0
0,8,0.0,0.0,0.0
0,8,0.0,0.0,0.0
0,8,0.0,0.0,0.0
0,8,0.0,0.0,0.0
0,8,0.0,0.0,0.0
0,8,0.0,0.0,0.0
0,8,0.0,0.0,0.0
0,8,0.0,0.0,0.0
0,8,0.0,0.0,0.0
0,8,0.0,0.0,0.0
0,8,0.0,0.0,0.0
0,8,0.0,0.0,0.0
0,8,0.0,0.0,0.0
0,8,0.0,0.0,0.0
0,8,0.0,0.0,0.0
0,8,0.0,0.0,0.0
0,8,0.0,0.0,0.0
0,8,0.0,0.0,0.0
0,8,0.0,0.0,0.0
0,8,0.0,0.0,0.0
0,8,0.0,0.0,0.0
0,8,0.0,0.0,0.0
0,8,0.0,0.0,0.0
0,8,0.0,0.0,0.0
0,8,0.0,0.0,0.0
0,8,0.0,0.0,0.0
0,8,0.0,0.0,0.0
0,8,0.0,0.0,0.0
0,8,0.0,0.0,0.0
0,8,0.0,0.0,0.0
0,8,0.0,0.0,0.0
0,8,0.0,0.0,0.0
0,8,0.0,0.0,0.0
0,8,0.0,0.0,0.0
0,8,0.0,0.0,0.0
0,8,0.0,0.0,0.0
0,8,0.0,0.0,0.0
0,8,0.0,0.0,0.0
0,8,0.0,0.0,0.0
0,8,0.0,0.0,0.0
0,8,0.0,0.0,0.0
0,8,0.0,0.0,0.0
0,8,0.0,0.0,0.0
0,8,0.0,0.0,0.0
0,8,0.0,0.0,0.0
0,8,0.0,0.0,0.0
0,8,0.0,0.0,0.0
0,8,0.0,0.0,0.0
0,8,0.0,0.0,0.0
0,8,0.0,0.0,0.0
0,8,0.0,0.0,0.0
0,8,0.0,0.0,0.0
0,8,0.0,0.0,0.0
0,8,0.0,0.0,0.0
0,8,0.0,0.0,0.0
0,8,0.0,0.0,0.0
0,8,0.0,0.0,0.0
0,8,0.0,0.0,0.0
0,8,0.0,0.0,0.0
0,8,0.0,0.0,0.0
0,8,0.0,0.0,0.0
0,8,0.0,0.0,0.0
0,8,0.0,0.0,0.0
0,8,0.0,0.0,0.0
0,8,0.0,0.0,0.0
0,8,0.0,0.0,0.0
0,8,0.0,0.0,0.0
0,8,0.0,0.0,0.0
0,8,0.0,0.0,0.0
0,8,0.0,0.0,0.0
0,8,0.0,0.0,0.0
0,8,0.0,0.0,0.0
0,8,0.0,0.0,0.0
0,8,0.0,0.0,0.0
0,8,0.0,0.0,0.0
0,8,0.0,0.0,0.0
0,8,0.0,0.0,0.0
0,8,0.0,0.0,0.0
0,8,0.0,0.0,0.0
0,8,0.0,0.0,0.0
0,8,0.0,0.0,0.0
0,8,0.0,0.0,0.0
0,8,0.0,0.0,0.0
0,8,0.0,0.0,0.0
0,8,0.0,0.0,0.0
0,8,0.0,0.0,0.0
0,8,0.0,0.0,0.0
0,8,0.0,0.0,0.0
0,8,0.0,0.0,0.0
0,8,0.0,0.0,0.0
0,8,0.0,0.0,0.0
0,8,0.0,0.0,0.0
0,8,0.0,0.0,0.0
0,8,0.0,0.0,0.0
0,8,0.0,0.0,0.0
0,8,0.0,0.0,0.0
0,8,0.0,0.0,0.0
0,8,0.0,0.0,0.0
0,8,0.0,0.0,0.0
0,8,0.0,0.0,0.0
0,8,0.0,0.0,0.0
0,8,0.0,0.0,0.0
0,8,0.0,0.0,0.0
0,8,0.0,0.0,0.0
0,8,0.0,0.0,0.0
0,8,0.0,0.0,0.0
0,8,0.0,0.0,0.0
0,8,0.0,0.0,0.0
0,8,0.0,0.0,0.0
0,8,0.0,0.0,0.0
0,8,0.0,0.0,0.0
0,8,0.0,0.0,0.0
0,8,0.0,0.0,0.0
0,8,0.0,0.0,0.0
0,8,0.0,0.0,0.0
0,8,0.0,0.0,0.0
0,8,0.0,0.0,0.0
0,8,0.0,0.0,0.0
0,8,0.0,0.0,0.0
0,8,0.0,0.0,0.0
0,8,0.0,0.0,0.0
0,8,0.0,0.0,0.0
0,8,0.0,0.0,0.0
0,8,0.0,0.0,0.0
0,8,0.0,0.0,0.0
0,8,0.0,0.0,0.0
0,8,0.0,0.0,0.0
0,8,0.0,0.0,0.0
0,8,0.0,0.0,0.0
0,8,0.0,0.0,0.0
0,8,0.0,0.0,0.0
0,8,0.0,0.0,0.0
0,8,0.0,0.0,0.0
0,8,0.0,0.0,0.0
0,8,0.0,0.0,0.0
0,8,0.0,0.0,0.0
0,8,0.0,0.0,0.0
0,8,0.0,0.0,0.0
0,8,0.0,0.0,0.0
0,8,0.0,0.0,0.0
0,8,0.0,0.0,0.0
0,8,0.0,0.0,0.0
0,8,0.0,0.0,0.0
0,8,0.0,0.0,0.0
0,8,0.0,0.0,0.0
0,8,0.0,0.0,0.0
0,8,0.0,0.0,0.0
0,8,0.0,0.0,0.0
0,8,0.0,0.0,0.0
0,8,0.0,0.0,0.0
0,8,0.0,0.0,0.0
0,8,0.0,0.0,0.0
0,8,0.0,0.0,0.0
0,8,0.0,0.0,0.0
0,8,0.0,0.0,0.0
0,8,0.0,0.0,0.0
0,8,0.0,0.0,0.0
0,8,0.0,0.0,0.0
0,8,0.0,0.0,0.0
0,8,0.0,0.0,0.0
0,8,0.0,0.0,0.0
0,8,0.0,0.0,0.0
0,8,0.0,0.0,0.0
0,8,0.0,0.0,0.0
0,8,0.0,0.0,0.0
0,8,0.0,0.0,0.0
0,8,0.0,0.0,0.0
0,8,0.0,0.0,0.0
0,8,0.0,0.0,0.0
0,8,0.0,0.0,0.0
0,8,0.0,0.0,0.0
0,8,0.0,0.0,0.0
0,8,0.0,0.0,0.0
0,8,0.0,0.0,0.0
0,8,0.0,0.0,0.0
0,8,0.0,0.0,0.0
0,8,0.0,0.0,0.0
0,8,0.0,0.0,0.0
0,8,0.0,0.0,0.0
0,8,0.0,0.0,0.0
0,8,0.0,0.0,0.0
0,8,0.0,0.0,0.0
0,8,0.0,0.0,0.0
0,8,0.0,0.0,0.0
0,8,0.0,0.0,0.0
0,8,0.0,0.0,0.0
0,8,0.0,0.0,0.0
0,8,0.0,0.0,0.0
0,8,0.0,0.0,0.0
0,8,0.0,0.0,0.0
0,8,0.0,0.0,0.0
0,8,0.0,0.0,0.0
0,8,0.0,0.0,0.0
0,8,0.0,0.0,0.0
0,8,0.0,0.0,0.0
0,8,0.0,0.0,0.0
0,8,0.0,0.0,0.0
0,8,0.0,0.0,0.0
0,8,0.0,0.0,0.0
0,8,0.0,0.0,0.0
0,8,0.0,0.0,0.0
0,8,0.0,0.0,0.0
0,8,0.0,0.0,0.0
0,8,0.0,0.0,0.0
0,8,0.0,0.0,0.0
0,8,0.0,0.0,0.0
0,8,0.0,0.0,0.0
0,8,0.0,0.0,0.0
0,8,0.0,0.0,0.0
0,8,0.0,0.0,0.0
0,8,0.0,0.0,0.0
0,8,0.0,0.0,0.0
0,8,0.0,0.0,0.0
0,8,0.0,0.0,0.0
0,8,0.0,0.0,0.0
0,8,0.0,0.0,0.0
0,8,0.0,0.0,0.0
0,8,0.0,0.0,0.0
0,8,0.0,0.0,0.0
0,8,0.0,0.0,0.0
0,8,0.0,0.0,0.0
0,8,0.0,0.0,0.0
0,8,0.0,0.0,0.0
0,8,0.0,0.0,0.0
0,8,0.0,0.0,0.0
0,8,0.0,0.0,0.0
0,8,0.0,0.0,0.0
0,8,0.0,0.0,0.0
0,8,0.0,0.0,0.0
0,8,0.0,0.0,0.0
0,8,0.0,0.0,0.0
0,8,0.0,0.0,62.040000000000006
0,8,0.0,0.0,0.0
0,8,0.0,0.0,0.0
0,8,0.0,0.0,0.0
0,8,0.0,0.0,0.0
0,8,0.0,0.0,0.0
0,8,0.0,0.0,0.0
0,8,0.0,0.0,0.0
0,8,0.0,0.0,0.0
0,8,0.0,0.0,0.0
0,8,0.0,0.0,0.0
0,8,0.0,0.0,0.0
0,8,0.0,0.0,0.0
0,8,0.0,0.0,0.0
0,8,0.0,0.0,0.0
0,8,0.0,0.0,0.0
0,8,0.0,0.0,0.0
0,8,0.0,0.0,0.0
0,8,0.0,0.0,0.0
0,8,0.0,0.0,0.0
0,8,0.0,0.0,0.0
0,8,0.0,0.0,0.0
0,8,0.0,0.0,0.0
0,8,0.0,0.0,0.0
0,8,0.0,0.0,0.0
0,8,0.0,0.0,0.0
0,8,0.0,0.0,0.0
0,8,0.0,0.0,0.0
0,8,0.0,0.0,0.0
0,8,0.0,0.0,0.0
0,8,0.0,0.0,0.0
0,8,0.0,0.0,0.0
0,8,0.0,0.0,0.0
0,8,0.0,0.0,0.0
0,8,0.0,0.0,0.0
0,8,0.0,0.0,0.0
0,8,0.0,0.0,0.0
0,8,0.0,0.0,0.0
0,8,0.0,0.0,0.0
0,8,0.0,0.0,0.0
0,8,0.0,0.0,0.0
0,8,0.0,0.0,0.0
0,8,0.0,0.0,0.0
0,8,0.0,0.0,0.0
0,8,0.0,0.0,0.0
0,8,0.0,0.0,0.0
0,8,0.0,0.0,0.0
0,8,0.0,0.0,0.0
0,8,0.0,0.0,0.0
0,8,0.0,0.0,0.0
0,8,0.0,0.0,0.0
0,8,0.0,0.0,0.0
0,8,0.0,0.0,0.0
0,8,0.0,0.0,0.0
0,8,0.0,0.0,0.0
0,8,0.0,0.0,0.0
0,8,0.0,0.0,0.0
0,8,0.0,0.0,0.0
0,8,0.0,0.0,0.0
0,8,0.0,0.0,0.0
0,8,0.0,0.0,0.0
0,8,0.0,0.0,0.0
0,8,0.0,0.0,0.0
0,8,0.0,0.0,0.0
0,8,0.0,0.0,0.0
0,8,0.0,0.0,0.0
0,8,0.0,0.0,0.0
0,8,0.0,0.0,0.0
0,8,0.0,0.0,0.0
0,8,0.0,0.0,0.0
0,8,0.0,0.0,0.0
0,8,0.0,0.0,0.0
0,8,0.0,0.0,0.0
0,8,0.0,0.0,0.0
0,8,0.0,0.0,0.0
0,8,0.0,0.0,0.0
0,8,0.0,0.0,0.0
0,8,0.0,0.0,0.0
0,8,0.0,0.0,0.0
0,8,0.0,0.0,0.0
0,8,0.0,0.0,0.0
0,8,0.0,0.0,0.0
0,8,0.0,0.0,0.0
0,8,0.0,0.0,0.0
0,8,0.0,0.0,0.0
0,8,0.0,0.0,0.0
0,8,0.0,0.0,0.0
0,8,0.0,0.0,0.0
0,8,0.0,0.0,0.0
0,8,0.0,0.0,0.0
0,8,0.0,0.0,0.0
0,8,0.0,0.0,0.0
0,8,0.0,0.0,0.0
0,8,0.0,0.0,0.0
0,8,0.0,0.0,0.0
0,8,0.0,0.0,0.0
0,8,0.0,0.0,0.0
0,8,0.0,0.0,0.0
0,8,0.0,0.0,0.0
0,8,0.0,0.0,0.0
0,8,0.0,0.0,0.0
0,8,0.0,0.0,0.0
0,8,0.0,0.0,0.0
0,8,0.0,0.0,0.0
0,8,0.0,0.0,0.0
0,8,0.0,0.0,0.0
0,8,0.0,0.0,0.0
0,8,0.0,0.0,0.0
0,8,0.0,0.0,0.0
0,8,0.0,0.0,0.0
0,8,0.0,0.0,0.0
0,8,0.0,0.0,0.0
0,8,0.0,0.0,0.0
0,8,0.0,0.0,0.0
0,8,0.0,0.0,0.0
0,8,0.0,0.0,0.0
0,8,0.0,0.0,0.0
0,8,0.0,0.0,0.0
0,8,0.0,0.0,0.0
0,8,0.0,0.0,0.0
0,8,0.0,0.0,0.0
0,8,0.0,0.0,0.0
0,8,0.0,0.0,0.0
0,8,0.0,0.0,0.0
0,8,0.0,0.0,0.0
0,8,0.0,0.0,0.0
0,8,0.0,0.0,0.0
0,8,0.0,0.0,0.0
0,8,0.0,0.0,0.0
0,8,0.0,0.0,0.0
0,8,0.0,0.0,0.0
0,8,0.0,0.0,0.0
0,8,0.0,0.0,0.0
0,8,0.0,0.0,0.0
0,8,0.0,0.0,0.0
0,8,0.0,0.0,0.0
0,8,0.0,0.0,0.0
0,8,0.0,0.0,0.0
0,8,0.0,0.0,0.0
0,8,0.0,0.0,0.0
0,8,0.0,0.0,0.0
0,8,0.0,0.0,0.0
0,8,0.0,0.0,0.0
0,8,0.0,0.0,0.0
0,8,0.0,0.0,0.0
0,8,0.0,0.0,0.0
0,8,0.0,0.0,0.0
0,8,0.0,0.0,0.0
0,8,0.0,0.0,0.0
0,8,0.0,0.0,0.0
0,8,0.0,0.0,0.0
0,8,0.0,0.0,0.0
0,8,0.0,0.0,0.0
0,8,0.0,0.0,0.0
0,8,0.0,0.0,0.0
0,8,0.0,0.0,0.0
0,8,0.0,0.0,0.0
0,8,0.0,0.0,0.0
0,8,0.0,0.0,0.0
0,8,0.0,0.0,0.0
0,8,0.0,0.0,0.0
0,8,0.0,0.0,0.0
0,8,0.0,0.0,0.0
0,8,0.0,0.0,0.0
0,8,0.0,0.0,0.0
0,8,0.0,0.0,0.0
0,8,0.0,0.0,0.0
0,8,0.0,0.0,0.0
0,8,0.0,0.0,0.0
0,8,0.0,0.0,0.0
0,8,0.0,0.0,0.0
0,8,0.0,0.0,0.0
0,8,0.0,0.0,0.0
0,8,0.0,0.0,0.0
0,8,0.0,0.0,0.0
0,8,0.0,0.0,0.0
0,8,0.0,0.0,0.0
0,8,0.0,0.0,0.0
0,8,0.0,0.0,0.0
0,8,0.0,0.0,0.0
0,8,0.0,0.0,0.0
0,8,0.0,0.0,0.0
0,8,0.0,0.0,0.0
0,8,0.0,0.0,0.0
0,8,0.0,0.0,0.0
0,8,0.0,0.0,0.0
0,8,0.0,0.0,0.0
0,8,0.0,0.0,0.0
0,8,0.0,0.0,0.0
0,8,0.0,0.0,0.0
0,8,0.0,0.0,0.0
0,8,0.0,0.0,0.0
0,8,0.0,0.0,0.0
0,8,0.0,0.0,0.0
0,8,0.0,0.0,0.0
0,8,0.0,0.0,0.0
0,8,0.0,0.0,0.0
0,8,0.0,0.0,0.0
0,8,0.0,0.0,0.0
0,8,0.0,0.0,0.0
0,8,0.0,0.0,0.0
0,8,0.0,0.0,0.0
0,8,0.0,0.0,0.0
0,8,0.0,0.0,0.0
0,8,0.0,0.0,0.0
0,8,0.0,0.0,0.0
0,8,0.0,0.0,0.0
0,8,0.0,0.0,0.0
0,8,0.0,0.0,0.0
0,8,0.0,0.0,0.0
0,8,0.0,0.0,0.0
0,8,0.0,0.0,0.0
0,8,0.0,0.0,0.0
0,8,0.0,0.0,0.0
0,8,0.0,0.0,0.0
0,8,0.0,0.0,0.0
0,8,0.0,0.0,0.0
0,8,0.0,0.0,0.0
0,8,0.0,0.0,0.0
0,8,0.0,0.0,0.0
0,8,0.0,0.0,0.0
0,8,0.0,0.0,0.0
0,8,0.0,0.0,0.0
0,8,0.0,0.0,0.0
0,8,0.0,0.0,0.0
0,8,0.0,0.0,0.0
0,8,0.0,0.0,0.0
0,8,0.0,0.0,0.0
0,8,0.0,0.0,0.0
0,8,0.0,0.0,0.0
0,8,0.0,0.0,0.0
0,8,0.0,0.0,0.0
0,8,0.0,0.0,0.0
0,8,0.0,0.0,0.0
0,8,0.0,0.0,0.0
0,8,0.0,0.0,0.0
0,8,0.0,0.0,0.0
0,8,0.0,0.0,0.0
0,8,0.0,0.0,0.0
0,8,0.0,0.0,0.0
0,8,0.0,0.0,0.0
0,8,0.0,0.0,43.56
0,8,0.0,0.0,0.0
0,8,0.0,0.0,0.0
0,8,0.0,0.0,0.0
0,8,0.0,0.0,0.0
0,8,0.0,0.0,0.0
0,8,0.0,0.0,0.0
0,8,0.0,0.0,0.0
0,8,0.0,0.0,0.0
0,8,0.0,0.0,0.0
0,8,0.0,0.0,0.0
0,8,0.0,0.0,0.0
0,8,0.0,0.0,0.0
0,8,0.0,0.0,0.0
0,8,0.0,0.0,0.0
0,8,0.0,0.0,0.0
0,8,0.0,0.0,0.0
0,8,0.0,0.0,0.0
0,8,0.0,0.0,0.0
0,8,0.0,0.0,0.0
0,8,0.0,0.0,0.0
0,8,0.0,0.0,0.0
0,8,0.0,0.0,0.0
0,8,0.0,0.0,0.0
0,8,0.0,0.0,0.0
0,8,0.0,0.0,0.0
0,8,0.0,0.0,0.0
0,8,0.0,0.0,0.0
0,8,0.0,0.0,0.0
0,8,0.0,0.0,0.0
0,8,0.0,0.0,0.0
0,8,0.0,0.0,0.0
0,8,0.0,0.0,0.0
0,8,0.0,0.0,0.0
0,8,0.0,0.0,0.0
0,8,0.0,0.0,0.0
0,8,0.0,0.0,0.0
0,8,0.0,0.0,0.0
0,8,0.0,0.0,0.0
0,8,0.0,0.0,0.0
0,8,0.0,0.0,0.0
0,8,0.0,0.0,0.0
0,8,0.0,0.0,0.0
0,8,0.0,0.0,0.0
0,8,0.0,0.0,0.0
0,8,0.0,0.0,0.0
0,8,0.0,0.0,0.0
0,8,0.0,0.0,0.0
0,8,0.0,0.0,0.0
0,8,0.0,0.0,0.0
0,8,0.0,0.0,0.0
0,8,0.0,0.0,0.0
0,8,0.0,0.0,0.0
0,8,0.0,0.0,0.0
0,8,0.0,0.0,0.0
0,8,0.0,0.0,0.0
0,8,0.0,0.0,0.0
0,8,0.0,0.0,0.0
0,8,0.0,0.0,0.0
0,8,0.0,0.0,0.0
0,8,0.0,0.0,0.0
0,8,0.0,0.0,0.0
0,8,0.0,0.0,0.0
0,8,0.0,0.0,0.0
0,8,0.0,0.0,0.0
0,8,0.0,0.0,0.0
0,8,0.0,0.0,0.0
0,8,0.0,0.0,0.0
0,8,0.0,0.0,0.0
0,8,0.0,0.0,0.0
0,8,0.0,0.0,0.0
0,8,0.0,0.0,0.0
0,8,0.0,0.0,0.0
0,8,0.0,0.0,0.0
0,8,0.0,0.0,0.0
0,8,0.0,0.0,0.0
0,8,0.0,0.0,0.0
0,8,0.0,0.0,0.0
0,8,0.0,0.0,0.0
0,8,0.0,0.0,0.0
0,8,0.0,0.0,0.0
0,8,0.0,0.0,0.0
0,8,0.0,0.0,0.0
0,8,0.0,0.0,0.0
0,8,0.0,0.0,0.0
0,8,0.0,0.0,0.0
0,8,0.0,0.0,0.0
0,8,0.0,0.0,0.0
0,8,0.0,0.0,0.0
0,8,0.0,0.0,0.0
0,8,0.0,0.0,0.0
0,8,0.0,0.0,0.0
0,8,0.0,0.0,0.0
0,8,0.0,0.0,0.0
0,8,0.0,0.0,0.0
0,8,0.0,0.0,0.0
0,8,0.0,0.0,0.0
0,8,0.0,0.0,0.0
0,8,0.0,0.0,0.0
0,8,0.0,0.0,0.0
0,8,0.0,0.0,0.0
0,8,0.0,0.0,0.0
0,8,0.0,0.0,0.0
0,8,0.0,0.0,0.0
0,8,0.0,0.0,0.0
0,8,0.0,0.0,0.0
0,8,0.0,0.0,0.0
0,8,0.0,0.0,0.0
0,8,0.0,0.0,0.0
0,8,0.0,0.0,0.0
0,8,0.0,0.0,0.0
0,8,0.0,0.0,0.0
0,8,0.0,0.0,0.0
0,8,0.0,0.0,0.0
0,8,0.0,0.0,0.0
0,8,0.0,0.0,0.0
0,8,0.0,0.0,0.0
0,8,0.0,0.0,0.0
0,8,0.0,0.0,0.0
0,8,0.0,0.0,0.0
0,8,0.0,0.0,0.0
0,8,0.0,0.0,0.0
0,8,0.0,0.0,0.0
0,8,0.0,0.0,0.0
0,8,0.0,0.0,0.0
0,8,0.0,0.0,0.0
0,8,0.0,0.0,0.0
0,8,0.0,0.0,0.0
0,8,0.0,0.0,0.0
0,8,0.0,0.0,0.0
0,8,0.0,0.0,0.0
0,8,0.0,0.0,0.0
0,8,0.0,0.0,0.0
0,8,0.0,0.0,0.0
0,8,0.0,0.0,0.0
0,8,0.0,0.0,0.0
0,8,0.0,0.0,0.0
0,8,0.0,0.0,0.0
0,8,0.0,0.0,0.0
0,8,0.0,0.0,0.0
0,8,0.0,0.0,0.0
0,8,0.0,0.0,0.0
0,8,0.0,0.0,0.0
0,8,0.0,0.0,0.0
0,8,0.0,0.0,0.0
0,8,0.0,0.0,0.0
0,8,0.0,0.0,0.0
0,8,0.0,0.0,0.0
0,8,0.0,0.0,0.0
0,8,0.0,0.0,0.0
0,8,0.0,0.0,0.0
0,8,0.0,0.0,0.0
0,8,0.0,0.0,0.0
0,8,0.0,0.0,0.0
0,8,0.0,0.0,0.0
0,8,0.0,0.0,0.0
0,8,0.0,0.0,0.0
0,8,0.0,0.0,0.0
0,8,0.0,0.0,0.0
0,8,0.0,0.0,0.0
0,8,0.0,0.0,0.0
0,8,0.0,0.0,0.0
0,8,0.0,0.0,0.0
0,8,0.0,0.0,0.0
0,8,0.0,0.0,0.0
0,8,0.0,0.0,0.0
0,8,0.0,0.0,0.0
0,8,0.0,0.0,0.0
0,8,0.0,0.0,0.0
0,8,0.0,0.0,0.0
0,8,0.0,0.0,0.0
0,8,0.0,0.0,0.0
0,8,0.0,0.0,0.0
0,8,0.0,0.0,0.0
0,8,0.0,0.0,0.0
0,8,0.0,0.0,0.0
0,8,0.0,0.0,0.0
0,8,0.0,0.0,0.0
0,8,0.0,0.0,0.0
0,8,0.0,0.0,0.0
0,8,0.0,0.0,0.0
0,8,0.0,0.0,0.0
0,8,0.0,0.0,0.0
0,8,0.0,0.0,0.0
0,8,0.0,0.0,0.0
0,8,0.0,0.0,0.0
0,8,0.0,0.0,0.0
0,8,0.0,0.0,0.0
0,8,0.0,0.0,0.0
0,8,0.0,0.0,0.0
0,8,0.0,0.0,0.0
0,8,0.0,0.0,0.0
0,8,0.0,0.0,0.0
0,8,0.0,0.0,0.0
0,8,0.0,0.0,0.0
0,8,0.0,0.0,0.0
0,8,0.0,0.0,0.0
0,8,0.0,0.0,0.0
0,8,0.0,0.0,0.0
0,8,0.0,0.0,0.0
0,8,0.0,0.0,0.0
0,8,0.0,0.0,0.0
0,8,0.0,0.0,0.0
0,8,0.0,0.0,0.0
0,8,0.0,0.0,0.0
0,8,0.0,0.0,0.0
0,8,0.0,0.0,0.0
0,8,0.0,0.0,0.0
0,8,0.0,0.0,0.0
0,8,0.0,0.0,0.0
0,8,0.0,0.0,0.0
0,8,0.0,0.0,0.0
0,8,0.0,0.0,0.0
0,8,0.0,0.0,0.0
0,8,0.0,0.0,0.0
0,8,0.0,0.0,0.0
0,8,0.0,0.0,0.0
0,8,0.0,0.0,0.0
0,8,0.0,0.0,0.0
0,8,0.0,0.0,0.0
0,8,0.0,0.0,0.0
0,8,0.0,0.0,0.0
0,8,0.0,0.0,0.0
0,8,0.0,0.0,0.0
0,8,0.0,0.0,0.0
0,8,0.0,0.0,0.0
0,8,0.0,0.0,0.0
0,8,0.0,0.0,0.0
0,8,0.0,0.0,0.0
0,8,0.0,0.0,0.0
0,8,0.0,0.0,0.0
0,8,0.0,0.0,0.0
0,8,0.0,0.0,0.0
0,8,0.0,0.0,0.0
0,8,0.0,0.0,0.0
0,8,0.0,0.0,0.0
0,8,0.0,0.0,0.0
0,8,0.0,0.0,0.0
0,8,0.0,0.0,0.0
0,8,0.0,0.0,0.0
0,8,0.0,0.0,0.0
0,8,0.0,0.0,0.0
0,8,0.0,0.0,0.0
0,8,0.0,0.0,0.0
0,8,0.0,0.0,0.0
0,8,0.0,0.0,0.0
0,8,0.0,0.0,0.0
0,8,0.0,0.0,0.0
0,8,0.0,0.0,0.0
0,8,0.0,0.0,0.0
0,8,0.0,0.0,0.0
0,8,0.0,0.0,0.0
0,8,0.0,0.0,0.0
0,8,0.0,0.0,0.0
0,8,0.0,0.0,0.0
0,8,0.0,0.0,0.0
0,8,0.0,0.0,0.0
0,8,0.0,0.0,0.0
0,8,0.0,0.0,0.0
0,8,0.0,0.0,0.0
0,8,0.0,0.0,0.0
0,8,0.0,0.0,0.0
0,8,0.0,0.0,0.0
0,8,0.0,0.0,0.0
0,8,0.0,0.0,0.0
0,8,0.0,0.0,0.0
0,8,0.0,0.0,0.0
0,8,0.0,0.0,0.0
0,8,0.0,0.0,0.0
0,8,0.0,0.0,0.0
0,8,0.0,0.0,0.0
0,8,0.0,0.0,0.0
0,8,0.0,0.0,0.0
0,8,0.0,0.0,0.0
0,8,0.0,0.0,0.0
0,8,0.0,0.0,0.0
0,8,0.0,0.0,0.0
0,8,0.0,0.0,0.0
0,8,0.0,0.0,0.0
0,8,0.0,0.0,0.0
0,8,0.0,0.0,0.0
0,8,0.0,0.0,0.0
0,8,0.0,0.0,0.0
0,8,0.0,0.0,0.0
0,8,0.0,0.0,0.0
0,8,0.0,0.0,0.0
0,8,0.0,0.0,0.0
0,8,0.0,0.0,0.0
0,8,0.0,0.0,0.0
0,8,0.0,0.0,0.0
0,8,0.0,0.0,0.0
0,8,0.0,0.0,0.0
0,8,0.0,0.0,0.0
0,8,0.0,0.0,0.0
0,8,0.0,0.0,0.0
0,8,0.0,0.0,0.0
0,8,0.0,0.0,0.0
0,8,0.0,0.0,0.0
0,8,0.0,0.0,0.0
0,8,0.0,0.0,0.0
0,8,0.0,0.0,0.0
0,8,0.0,0.0,0.0
0,8,0.0,0.0,0.0
0,8,0.0,0.0,0.0
0,8,0.0,0.0,0.0
0,8,0.0,0.0,0.0
0,8,0.0,0.0,0.0
0,8,0.0,0.0,0.0
0,8,0.0,0.0,0.0
0,8,0.0,0.0,0.0
0,8,0.0,0.0,0.0
0,8,0.0,0.0,0.0
0,8,0.0,0.0,0.0
0,8,0.0,0.0,0.0
0,8,0.0,0.0,0.0
0,8,0.0,0.0,0.0
0,8,0.0,0.0,0.0
0,8,0.0,0.0,0.0
0,8,0.0,0.0,0.0
0,8,0.0,0.0,0.0
0,8,0.0,0.0,0.0
0,8,0.0,0.0,0.0
0,8,0.0,0.0,0.0
0,8,0.0,0.0,0.0
0,8,0.0,0.0,0.0
0,8,0.0,0.0,0.0
0,8,0.0,0.0,0.0
0,8,0.0,0.0,0.0
0,8,0.0,0.0,0.0
0,8,0.0,0.0,0.0
0,8,0.0,0.0,0.0
0,8,0.0,0.0,0.0
0,8,0.0,0.0,0.0
0,8,0.0,0.0,0.0
0,8,0.0,0.0,0.0
0,8,0.0,0.0,0.0
0,8,0.0,0.0,0.0
0,8,0.0,0.0,60.720000000000006
0,8,0.0,0.0,0.0
0,8,0.0,0.0,0.0
0,8,0.0,0.0,0.0
0,8,0.0,0.0,0.0
0,8,0.0,0.0,0.0
0,8,0.0,0.0,0.0
0,8,0.0,0.0,0.0
0,8,0.0,0.0,0.0
0,8,0.0,0.0,0.0
0,8,0.0,0.0,0.0
0,8,0.0,0.0,0.0
0,8,0.0,0.0,0.0
0,8,0.0,0.0,0.0
0,8,0.0,0.0,0.0
0,8,0.0,0.0,0.0
0,8,0.0,0.0,0.0
0,8,0.0,0.0,0.0
0,8,0.0,0.0,0.0
0,8,0.0,0.0,0.0
0,8,0.0,0.0,0.0
0,8,0.0,0.0,0.0
0,8,0.0,0.0,0.0
0,8,0.0,0.0,0.0
0,8,0.0,0.0,0.0
0,8,0.0,0.0,0.0
0,8,0.0,0.0,0.0
0,8,0.0,0.0,0.0
0,8,0.0,0.0,0.0
0,8,0.0,0.0,0.0
0,8,0.0,0.0,0.0
0,8,0.0,0.0,0.0
0,8,0.0,0.0,0.0
0,8,0.0,0.0,0.0
0,8,0.0,0.0,0.0
0,8,0.0,0.0,0.0
0,8,0.0,0.0,0.0
0,8,0.0,0.0,0.0
0,8,0.0,0.0,0.0
0,8,0.0,0.0,0.0
0,8,0.0,0.0,0.0
0,8,0.0,0.0,0.0
0,8,0.0,0.0,0.0
0,8,0.0,0.0,0.0
0,8,0.0,0.0,0.0
0,8,0.0,0.0,0.0
0,8,0.0,0.0,0.0
0,8,0.0,0.0,0.0
0,8,0.0,0.0,0.0
0,8,0.0,0.0,0.0
0,8,0.0,0.0,0.0
0,8,0.0,0.0,0.0
0,8,0.0,0.0,0.0
0,8,0.0,0.0,0.0
0,8,0.0,0.0,0.0
0,8,0.0,0.0,0.0
0,8,0.0,0.0,0.0
0,8,0.0,0.0,0.0
0,8,0.0,0.0,0.0
0,8,0.0,0.0,0.0
0,8,0.0,0.0,0.0
0,8,0.0,0.0,0.0
0,8,0.0,0.0,0.0
0,8,0.0,0.0,0.0
0,8,0.0,0.0,0.0
0,8,0.0,0.0,0.0
0,8,0.0,0.0,0.0
0,8,0.0,0.0,0.0
0,8,0.0,0.0,0.0
0,8,0.0,0.0,0.0
0,8,0.0,0.0,0.0
0,8,0.0,0.0,0.0
0,8,0.0,0.0,0.0
0,8,0.0,0.0,0.0
0,8,0.0,0.0,0.0
0,8,0.0,0.0,0.0
0,8,0.0,0.0,0.0
0,8,0.0,0.0,0.0
0,8,0.0,0.0,0.0
0,8,0.0,0.0,0.0
0,8,0.0,0.0,0.0
0,8,0.0,0.0,0.0
0,8,0.0,0.0,0.0
0,8,0.0,0.0,0.0
0,8,0.0,0.0,0.0
0,8,0.0,0.0,0.0
0,8,0.0,0.0,0.0
0,8,0.0,0.0,0.0
0,8,0.0,0.0,0.0
0,8,0.0,0.0,0.0
0,8,0.0,0.0,0.0
0,8,0.0,0.0,0.0
0,8,0.0,0.0,0.0
0,8,0.0,0.0,0.0
0,8,0.0,0.0,0.0
0,8,0.0,0.0,0.0
0,8,0.0,0.0,0.0
0,8,0.0,0.0,0.0
0,8,0.0,0.0,0.0
0,8,0.0,0.0,0.0
0,8,0.0,0.0,0.0
0,8,0.0,0.0,0.0
0,8,0.0,0.0,0.0
0,8,0.0,0.0,0.0
0,8,0.0,0.0,0.0
0,8,0.0,0.0,0.0
0,8,0.0,0.0,0.0
0,8,0.0,0.0,0.0
0,8,0.0,0.0,0.0
0,8,0.0,0.0,0.0
0,8,0.0,0.0,0.0
0,8,0.0,0.0,36.96
0,8,0.0,0.0,0.0
0,8,0.0,0.0,0.0
0,8,0.0,0.0,0.0
0,8,0.0,0.0,0.0
0,8,0.0,0.0,0.0
0,8,0.0,0.0,0.0
0,8,0.0,0.0,0.0
0,8,0.0,0.0,0.0
0,8,0.0,0.0,0.0
0,8,0.0,0.0,0.0
0,8,0.0,0.0,0.0
0,8,0.0,0.0,0.0
0,8,0.0,0.0,0.0
0,8,0.0,0.0,0.0
0,8,0.0,0.0,0.0
0,8,0.0,0.0,0.0
0,8,0.0,0.0,0.0
0,8,0.0,0.0,0.0
0,8,0.0,0.0,0.0
0,8,0.0,0.0,0.0
0,8,0.0,0.0,0.0
0,8,0.0,0.0,0.0
0,8,0.0,0.0,0.0
0,8,0.0,0.0,0.0
0,8,0.0,0.0,0.0
0,8,0.0,0.0,0.0
0,8,0.0,0.0,0.0
0,8,0.0,0.0,0.0
0,8,0.0,0.0,0.0
0,8,0.0,0.0,0.0
0,8,0.0,0.0,0.0
0,8,0.0,0.0,0.0
0,8,0.0,0.0,0.0
0,8,0.0,0.0,0.0
0,8,0.0,0.0,0.0
0,8,0.0,0.0,0.0
0,8,0.0,0.0,0.0
0,8,0.0,0.0,0.0
0,8,0.0,0.0,0.0
0,8,0.0,0.0,0.0
0,8,0.0,0.0,0.0
0,8,0.0,0.0,0.0
0,8,0.0,0.0,0.0
0,8,0.0,0.0,0.0
0,8,0.0,0.0,0.0
0,8,0.0,0.0,0.0
0,8,0.0,0.0,0.0
0,8,0.0,0.0,0.0
0,8,0.0,0.0,0.0
0,8,0.0,0.0,0.0
0,8,0.0,0.0,0.0
0,8,0.0,0.0,0.0
0,8,0.0,0.0,0.0
0,8,0.0,0.0,0.0
0,8,0.0,0.0,0.0
0,8,0.0,0.0,0.0
0,8,0.0,0.0,0.0
0,8,0.0,0.0,0.0
0,8,0.0,0.0,0.0
0,8,0.0,0.0,0.0
0,8,0.0,0.0,0.0
0,8,0.0,0.0,0.0
0,8,0.0,0.0,0.0
0,8,0.0,0.0,0.0
0,8,0.0,0.0,0.0
0,8,0.0,0.0,0.0
0,8,0.0,0.0,0.0
0,8,0.0,0.0,0.0
0,8,0.0,0.0,0.0
0,8,0.0,0.0,0.0
0,8,0.0,0.0,0.0
0,8,0.0,0.0,0.0
0,8,0.0,0.0,0.0
0,8,0.0,0.0,0.0
0,8,0.0,0.0,0.0
0,8,0.0,0.0,0.0
0,8,0.0,0.0,0.0
0,8,0.0,0.0,0.0
0,8,0.0,0.0,0.0
0,8,0.0,0.0,0.0
0,8,0.0,0.0,0.0
0,8,0.0,0.0,0.0
0,8,0.0,0.0,0.0
0,8,0.0,0.0,0.0
0,8,0.0,0.0,0.0
0,8,0.0,0.0,0.0
0,8,0.0,0.0,0.0
0,8,0.0,0.0,0.0
0,8,0.0,0.0,0.0
0,8,0.0,0.0,0.0
0,8,0.0,0.0,0.0
0,8,0.0,0.0,0.0
0,8,0.0,0.0,0.0
0,8,0.0,0.0,0.0
0,8,0.0,0.0,0.0
0,8,0.0,0.0,0.0
0,8,0.0,0.0,0.0
0,8,0.0,0.0,0.0
0,8,0.0,0.0,0.0
0,8,0.0,0.0,0.0
0,8,0.0,0.0,0.0
0,8,0.0,0.0,0.0
0,8,0.0,0.0,0.0
0,8,0.0,0.0,0.0
0,8,0.0,0.0,0.0
0,8,0.0,0.0,0.0
0,8,0.0,0.0,0.0
0,8,0.0,0.0,0.0
0,8,0.0,0.0,0.0
0,8,0.0,0.0,0.0
0,8,0.0,0.0,0.0
0,8,0.0,0.0,0.0
0,8,0.0,0.0,0.0
0,8,0.0,0.0,0.0
0,8,0.0,0.0,0.0
0,8,0.0,0.0,0.0
0,8,0.0,0.0,0.0
0,8,0.0,0.0,0.0
0,8,0.0,0.0,0.0
0,8,0.0,0.0,0.0
0,8,0.0,0.0,0.0
0,8,0.0,0.0,0.0
0,8,0.0,0.0,0.0
0,8,0.0,0.0,0.0
0,8,0.0,0.0,0.0
0,8,0.0,0.0,0.0
0,8,0.0,0.0,0.0
0,8,0.0,0.0,0.0
0,8,0.0,0.0,0.0
0,8,0.0,0.0,0.0
0,8,0.0,0.0,0.0
0,8,0.0,0.0,0.0
0,8,0.0,0.0,0.0
0,8,0.0,0.0,0.0
0,8,0.0,0.0,0.0
0,8,0.0,0.0,0.0
0,8,0.0,0.0,0.0
0,8,0.0,0.0,0.0
0,8,0.0,0.0,0.0
0,8,0.0,0.0,0.0
0,8,0.0,0.0,0.0
0,8,0.0,0.0,0.0
0,8,0.0,0.0,0.0
0,8,0.0,0.0,0.0
0,8,0.0,0.0,0.0
0,8,0.0,0.0,0.0
0,8,0.0,0.0,0.0
0,8,0.0,0.0,0.0
0,8,0.0,0.0,0.0
0,8,0.0,0.0,0.0
0,8,0.0,0.0,0.0
0,8,0.0,0.0,0.0
0,8,0.0,0.0,0.0
0,8,0.0,0.0,0.0
0,8,0.0,0.0,0.0
0,8,0.0,0.0,0.0
0,8,0.0,0.0,0.0
0,8,0.0,0.0,0.0
0,8,0.0,0.0,0.0
0,8,0.0,0.0,0.0
0,8,0.0,0.0,0.0
0,8,0.0,0.0,0.0
0,8,0.0,0.0,0.0
0,8,0.0,0.0,0.0
0,8,0.0,0.0,0.0
0,8,0.0,0.0,0.0
0,8,0.0,0.0,0.0
0,8,0.0,0.0,0.0
0,8,0.0,0.0,0.0
0,8,0.0,0.0,0.0
0,8,0.0,0.0,0.0
0,8,0.0,0.0,0.0
0,8,0.0,0.0,0.0
0,8,0.0,0.0,0.0
0,8,0.0,0.0,0.0
0,8,0.0,0.0,0.0
0,8,0.0,0.0,0.0
0,8,0.0,0.0,0.0
0,8,0.0,0.0,0.0
0,8,0.0,0.0,0.0
0,8,0.0,0.0,0.0
0,8,0.0,0.0,0.0
0,8,0.0,0.0,0.0
0,8,0.0,0.0,0.0
0,8,0.0,0.0,0.0
0,8,0.0,0.0,0.0
0,8,0.0,0.0,0.0
0,8,0.0,0.0,0.0
0,8,0.0,0.0,0.0
0,8,0.0,0.0,0.0
0,8,0.0,0.0,0.0
0,8,0.0,0.0,0.0
0,8,0.0,0.0,0.0
0,8,0.0,0.0,0.0
0,8,0.0,0.0,0.0
0,8,0.0,0.0,0.0
0,8,0.0,0.0,0.0
0,8,0.0,0.0,0.0
0,8,0.0,0.31807423369147614,36.96
0,8,0.0,0.0,0.0
0,8,0.0,0.0,0.0
0,8,0.0,0.0,0.0
0,8,0.0,0.0,0.0
0,8,0.0,0.0,0.0
0,8,0.0,0.0,0.0
0,8,0.0,0.0,0.0
0,8,0.0,0.0,0.0
0,8,0.0,0.0,0.0
0,8,0.0,0.0,0.0
0,8,0.0,0.0,0.0
0,8,0.0,0.0,0.0
0,8,0.0,0.0,0.0
0,8,0.0,0.0,0.0
0,8,0.0,0.0,0.0
0,8,0.0,0.0,0.0
0,8,0.0,0.0,0.0
0,8,0.0,0.0,0.0
0,8,0.0,0.0,0.0
0,8,0.0,0.0,0.0
0,8,0.0,0.0,0.0
0,8,0.0,0.0,0.0
0,8,0.0,0.0,0.0
0,8,0.0,0.0,0.0
0,8,0.0,0.0,0.0
0,8,0.0,0.0,0.0
0,8,0.0,0.0,0.0
0,8,0.0,0.0,0.0
0,8,0.0,0.0,0.0
0,8,0.0,0.0,0.0
0,8,0.0,0.0,0.0
0,8,0.0,0.0,0.0
0,8,0.0,0.0,0.0
0,8,0.0,0.0,0.0
0,8,0.0,0.0,0.0
0,8,0.0,0.0,0.0
0,8,0.0,0.0,0.0
0,8,0.0,0.0,0.0
0,8,0.0,0.0,0.0
0,8,0.0,0.0,0.0
0,8,0.0,0.0,0.0
0,8,0.0,0.0,0.0
0,8,0.0,0.0,0.0
0,8,0.0,0.0,0.0
0,8,0.0,0.0,0.0
0,8,0.0,0.0,0.0
0,8,0.0,0.0,0.0
0,8,0.0,0.0,0.0
0,8,0.0,0.0,0.0
0,8,0.0,0.0,0.0
0,8,0.0,0.0,0.0
0,8,0.0,0.0,0.0
0,8,0.0,0.0,0.0
0,8,0.0,0.0,0.0
0,8,0.0,0.0,0.0
0,8,0.0,0.0,0.0
0,8,0.0,0.0,0.0
0,8,0.0,0.0,0.0
0,8,0.0,0.0,0.0
0,8,0.0,0.0,0.0
0,8,0.0,0.0,0.0
0,8,0.0,0.0,0.0
0,8,0.0,0.0,0.0
0,8,0.0,0.0,0.0
0,8,0.0,0.0,0.0
0,8,0.0,0.0,0.0
0,8,0.0,0.0,0.0
0,8,0.0,0.0,0.0
0,8,0.0,0.0,0.0
0,8,0.0,0.0,0.0
0,8,0.0,0.0,0.0
0,8,0.0,0.0,0.0
0,8,0.0,0.0,0.0
0,8,0.0,0.0,0.0
0,8,0.0,0.0,0.0
0,8,0.0,0.0,0.0
0,8,0.0,0.0,7.920000000000001
0,8,0.0,0.0,0.0
0,8,0.0,0.0,0.0
0,8,0.0,0.0,0.0
0,8,0.0,0.0,0.0
0,8,0.0,0.0,0.0
0,8,0.0,0.0,0.0
0,8,0.0,0.0,0.0
0,8,0.0,0.0,0.0
0,8,0.0,0.0,0.0
0,8,0.0,0.0,0.0
0,8,0.0,0.0,0.0
0,8,0.0,0.0,0.0
0,8,0.0,0.0,0.0
0,8,0.0,0.0,0.0
0,8,0.0,0.0,0.0
0,8,0.0,0.0,0.0
0,8,0.0,0.0,0.0
0,8,0.0,0.0,0.0
0,8,0.0,0.0,0.0
0,8,0.0,0.0,0.0
0,8,0.0,0.0,0.0
0,8,0.0,0.0,0.0
0,8,0.0,0.0,0.0
0,8,0.0,0.0,0.0
0,8,0.0,0.0,0.0
0,8,0.0,0.0,0.0
0,8,0.0,0.0,0.0
0,8,0.0,0.0,0.0
0,8,0.0,0.0,0.0
0,8,0.0,0.0,0.0
0,8,0.0,0.0,0.0
0,8,0.0,0.0,0.0
0,8,0.0,0.0,0.0
0,8,0.0,0.0,5.28
0,8,0.0,0.0,0.0
0,8,0.0,0.0,0.0
0,8,0.0,0.0,0.0
0,8,0.0,0.0,0.0
0,8,0.0,0.0,0.0
0,8,0.0,0.0,0.0
0,8,0.0,0.0,0.0
0,8,0.0,0.0,0.0
0,8,0.0,0.0,0.0
0,8,0.0,0.0,0.0
0,8,0.0,0.0,0.0
0,8,0.0,0.0,0.0
0,8,0.0,0.0,0.0
0,8,0.0,0.0,0.0
0,8,0.0,0.0,0.0
0,8,0.0,0.0,0.0
0,8,0.0,0.0,0.0
0,8,0.0,0.0,0.0
0,8,0.0,0.0,0.0
0,8,0.0,0.0,0.0
0,8,0.0,0.0,0.0
0,8,0.0,0.0,0.0
0,8,0.0,0.0,0.0
0,8,0.0,0.0,0.0
0,8,0.0,0.0,0.0
0,8,0.0,0.0,0.0
0,8,0.0,0.0,0.0
0,8,0.0,0.0,0.0
0,8,0.0,0.0,0.0
0,8,0.0,0.0,0.0
0,8,0.0,0.0,0.0
0,8,0.0,0.0,0.0
0,8,0.0,0.0,0.0
0,8,0.0,0.0,0.0
0,8,0.0,0.0,0.0
0,8,0.0,0.0,0.0
0,8,0.0,0.0,0.0
0,8,0.0,0.0,0.0
0,8,0.0,0.0,0.0
0,8,0.0,0.0,0.0
0,8,0.0,0.0,0.0
0,8,0.0,0.0,0.0
0,8,0.0,0.0,0.0
0,8,0.0,0.0,0.0
0,8,0.0,0.0,0.0
0,8,0.0,0.0,0.0
0,8,0.0,0.0,0.0
0,8,0.0,0.0,0.0
0,8,0.0,0.0,0.0
0,8,0.0,0.0,0.0
0,8,0.0,0.0,0.0
0,8,0.0,0.0,0.0
0,8,0.0,0.0,0.0
0,8,0.0,0.0,0.0
0,8,0.0,0.0,0.0
0,8,0.0,0.0,0.0
0,8,0.0,0.0,0.0
0,8,0.0,0.0,0.0
0,8,0.0,0.0,0.0
0,8,0.0,0.0,0.0
0,8,0.0,0.0,0.0
0,8,0.0,0.0,0.0
0,8,0.0,0.0,0.0
0,8,0.0,0.0,0.0
0,8,0.0,0.0,0.0
0,8,0.0,0.0,0.0
0,8,0.0,0.0,0.0
0,8,0.0,0.0,0.0
0,8,0.0,0.0,0.0
0,8,0.0,0.0,0.0
0,8,0.0,0.0,0.0
0,8,0.0,0.0,0.0
0,8,0.0,0.0,0.0
0,8,0.0,0.0,0.0
0,8,0.0,0.0,0.0
0,8,0.0,0.0,0.0
0,8,0.0,0.0,0.0
0,8,0.0,0.0,0.0
0,8,0.0,0.0,0.0
0,8,0.0,0.0,0.0
0,8,0.0,0.0,0.0
0,8,0.0,0.0,0.0
0,8,0.0,0.0,0.0
0,8,0.0,0.0,0.0
0,8,0.0,0.0,0.0
0,8,0.0,0.0,0.0
0,8,0.0,0.0,0.0
0,8,0.0,0.0,0.0
0,8,0.0,0.0,0.0
0,8,0.0,0.0,0.0
0,8,0.0,0.0,0.0
0,8,0.0,0.0,0.0
0,8,0.0,0.0,0.0
0,8,0.0,0.0,0.0
0,8,0.0,0.0,0.0
0,8,0.0,0.0,0.0
0,8,0.0,0.0,0.0
0,8,0.0,0.0,0.0
0,8,0.0,0.0,0.0
0,8,0.0,0.0,0.0
0,8,0.0,0.0,0.0
0,8,0.0,0.0,0.0
0,8,0.0,0.0,0.0
0,8,0.0,0.0,0.0
0,8,0.0,0.0,0.0
0,8,0.0,0.0,0.0
0,8,0.0,0.0,0.0
0,8,0.0,0.0,0.0
0,8,0.0,0.0,0.0
0,8,0.0,0.0,0.0
0,8,0.0,0.0,0.0
0,8,0.0,0.0,0.0
0,8,0.0,0.0,0.0
0,8,0.0,0.0,0.0
0,8,0.0,0.0,0.0
0,8,0.0,0.0,0.0
0,8,0.0,0.0,0.0
0,8,0.0,0.0,0.0
0,8,0.0,0.0,0.0
0,8,0.0,0.0,0.0
0,8,0.0,0.0,0.0
0,8,0.0,0.0,0.0
0,8,0.0,0.0,0.0
0,8,0.0,0.0,0.0
0,8,0.0,0.0,0.0
0,8,0.0,0.0,0.0
0,8,0.0,0.0,0.0
0,8,0.0,0.0,0.0
0,8,0.0,0.0,0.0
0,8,0.0,0.0,0.0
0,8,0.0,0.0,0.0
0,8,0.0,0.0,0.0
0,8,0.0,0.0,0.0
0,8,0.0,0.0,0.0
0,8,0.0,0.0,0.0
0,8,0.0,0.0,0.0
0,8,0.0,0.0,0.0
0,8,0.0,0.0,0.0
0,8,0.0,0.0,0.0
0,8,0.0,0.0,0.0
0,8,0.0,0.0,0.0
0,8,0.0,0.0,0.0
0,8,0.0,0.0,0.0
0,8,0.0,0.0,0.0
0,8,0.0,0.0,0.0
0,8,0.0,0.0,0.0
0,8,0.0,0.0,0.0
0,8,0.0,0.0,0.0
0,8,0.0,0.0,0.0
0,8,0.0,0.0,0.0
0,8,0.0,0.0,0.0
0,8,0.0,0.0,0.0
0,8,0.0,0.0,0.0
0,8,0.0,0.0,0.0
0,8,0.0,0.0,0.0
0,8,0.0,0.0,0.0
0,8,0.0,0.0,0.0
0,8,0.0,0.0,0.0
0,8,0.0,0.0,0.0
0,8,0.0,0.0,0.0
0,8,0.0,0.0,0.0
0,8,0.0,0.0,0.0
0,8,0.0,0.0,0.0
0,8,0.0,0.0,0.0
0,8,0.0,0.0,0.0
0,8,0.0,0.0,0.0
0,8,0.0,0.0,0.0
0,8,0.0,0.0,0.0
0,8,0.0,0.0,0.0
0,8,0.0,0.0,0.0
0,8,0.0,0.0,0.0
0,8,0.0,0.0,0.0
0,8,0.0,0.0,0.0
0,8,0.0,0.0,0.0
0,8,0.0,0.0,0.0
0,8,0.0,0.0,0.0
0,8,0.0,0.0,0.0
0,8,0.0,0.0,0.0
0,8,0.0,0.0,0.0
0,8,0.0,0.0,0.0
0,8,0.0,0.0,0.0
0,8,0.0,0.0,0.0
0,8,0.0,0.0,0.0
0,8,0.0,0.0,0.0
0,8,0.0,0.0,0.0
0,8,0.0,0.0,0.0
0,8,0.0,0.0,0.0
0,8,0.0,0.0,0.0
0,8,0.0,0.0,0.0
0,8,0.0,0.0,0.0
0,8,0.0,0.0,0.0
0,8,0.0,0.0,0.0
0,8,0.0,0.0,0.0
0,8,0.0,0.0,0.0
0,8,0.0,0.0,0.0
0,8,0.0,0.0,0.0
0,8,0.0,0.0,0.0
0,8,0.0,0.0,0.0
0,8,0.0,0.0,0.0
0,8,0.0,0.0,0.0
0,8,0.0,0.0,0.0
0,8,0.0,0.0,0.0
0,8,0.0,0.0,0.0
0,8,0.0,0.0,0.0
0,8,0.0,0.0,0.0
0,8,0.0,0.0,0.0
0,8,0.0,0.0,0.0
0,8,0.0,0.0,0.0
0,8,0.0,0.0,0.0
0,8,0.0,0.0,0.0
0,8,0.0,0.0,0.0
0,8,0.0,0.0,0.0
0,8,0.0,0.0,0.0
0,8,0.0,0.0,0.0
0,8,0.0,0.0,0.0
0,8,0.0,0.0,0.0
0,8,0.0,0.0,0.0
0,8,0.0,0.0,0.0
0,8,0.0,0.0,0.0
0,8,0.0,0.0,0.0
0,8,0.0,0.0,0.0
0,8,0.0,0.0,0.0
0,8,0.0,0.0,0.0
0,8,0.0,0.0,0.0
0,8,0.0,0.0,0.0
0,8,0.0,0.0,0.0
0,8,0.0,0.0,0.0
0,8,0.0,0.0,0.0
0,8,0.0,0.0,0.0
0,8,0.0,0.0,0.0
0,8,0.0,0.0,0.0
0,8,0.0,0.0,0.0
0,8,0.0,0.0,0.0
0,8,0.0,0.0,0.0
0,8,0.0,0.0,0.0
0,8,0.0,0.0,0.0
0,8,0.0,0.0,0.0
0,8,0.0,0.0,0.0
0,8,0.0,0.0,0.0
0,8,0.0,0.0,0.0
0,8,0.0,0.0,0.0
0,8,0.0,0.0,0.0
0,8,0.0,0.0,0.0
0,8,0.0,0.0,0.0
0,8,0.0,0.0,0.0
0,8,0.0,0.0,0.0
0,8,0.0,0.0,0.0
0,8,0.0,0.0,0.0
0,8,0.0,0.0,0.0
0,8,0.0,0.0,0.0
0,8,0.0,0.0,0.0
0,8,0.0,0.0,0.0
0,8,0.0,0.0,0.0
0,8,0.0,0.0,0.0
0,8,0.0,0.0,0.0
0,8,0.0,0.0,0.0
0,8,0.0,0.0,0.0
0,8,0.0,0.0,0.0
0,8,0.0,0.0,0.0
0,8,0.0,0.0,0.0
0,8,0.0,0.0,0.0
0,8,0.0,0.0,0.0
0,8,0.0,0.0,0.0
0,8,0.0,0.0,0.0
0,8,0.0,0.0,0.0
0,8,0.0,0.0,0.0
0,8,0.0,0.0,0.0
0,8,0.0,0.0,0.0
0,8,0.0,0.0,0.0
0,8,0.0,0.0,0.0
0,8,0.0,0.0,0.0
0,8,0.0,0.0,0.0
0,8,0.0,0.0,0.0
0,8,0.0,0.0,0.0
0,8,0.0,0.0,0.0
0,8,0.0,0.0,0.0
0,8,0.0,0.0,0.0
0,8,0.0,0.0,0.0
0,8,0.0,0.0,0.0
0,8,0.0,0.0,0.0
0,8,0.0,0.0,0.0
0,8,0.0,0.0,0.0
0,8,0.0,0.0,0.0
0,8,0.0,0.0,0.0
0,8,0.0,0.0,0.0
0,8,0.0,0.0,0.0
0,8,0.0,0.0,0.0
0,8,0.0,0.0,0.0
0,8,0.0,0.0,0.0
0,8,0.0,0.0,0.0
0,8,0.0,0.0,0.0
0,8,0.0,0.0,0.0
0,8,0.0,0.0,0.0
0,8,0.0,0.0,0.0
0,8,0.0,0.0,0.0
0,8,0.0,0.0,0.0
0,8,0.0,0.0,0.0
0,8,0.0,0.0,0.0
0,8,0.0,0.0,0.0
0,8,0.0,0.0,0.0
0,8,0.0,0.0,0.0
0,8,0.0,0.0,0.0
0,8,0.0,0.0,0.0
0,8,0.0,0.0,0.0
0,8,0.0,0.0,0.0
0,8,0.0,0.0,0.0
0,8,0.0,0.0,0.0
0,8,0.0,0.0,0.0
0,8,0.0,0.0,0.0
0,8,0.0,0.0,0.0
0,8,0.0,0.0,0.0
0,8,0.0,0.0,0.0
0,8,0.0,0.0,0.0
0,8,0.0,0.0,0.0
0,8,0.0,0.0,0.0
0,8,0.0,0.0,0.0
0,8,0.0,0.0,0.0
0,8,0.0,0.0,0.0
0,8,0.0,0.0,0.0
0,8,0.0,0.0,0.0
0,8,0.0,0.0,0.0
0,8,0.0,0.0,0.0
0,8,0.0,0.0,0.0
0,8,0.0,0.0,0.0
0,8,0.0,0.0,0.0
0,8,0.0,0.0,0.0
0,8,0.0,0.0,0.0
0,8,0.0,0.0,0.0
0,8,0.0,0.0,0.0
0,8,0.0,0.0,0.0
0,8,0.0,0.0,0.0
0,8,0.0,0.0,0.0
0,8,0.0,0.0,0.0
0,8,0.0,0.0,0.0
0,8,0.0,0.0,0.0
0,8,0.0,0.0,0.0
0,8,0.0,0.0,0.0
0,8,0.0,0.0,0.0
0,8,0.0,0.0,0.0
0,8,0.0,0.0,0.0
0,8,0.0,0.0,0.0
0,8,0.0,0.0,0.0
0,8,0.0,0.0,0.0
0,8,0.0,0.0,36.96
0,8,0.0,0.0,0.0
0,8,0.0,0.0,0.0
0,8,0.0,0.0,0.0
0,8,0.0,0.0,0.0
0,8,0.0,0.0,0.0
0,8,0.0,0.0,0.0
0,8,0.0,0.0,0.0
0,8,0.0,0.0,0.0
0,8,0.0,0.0,0.0
0,8,0.0,0.0,0.0
0,8,0.0,0.0,0.0
0,8,0.0,0.0,0.0
0,8,0.0,0.0,0.0
0,8,0.0,0.0,0.0
0,8,0.0,0.0,0.0
0,8,0.0,0.0,0.0
0,8,0.0,0.0,0.0
0,8,0.0,0.0,0.0
0,8,0.0,0.0,0.0
0,8,0.0,0.0,0.0
0,8,0.0,0.0,0.0
0,8,0.0,0.0,0.0
0,8,0.0,0.0,0.0
0,8,0.0,0.0,0.0
0,8,0.0,0.0,0.0
0,8,0.0,0.0,0.0
0,8,0.0,0.0,0.0
0,8,0.0,0.0,0.0
0,8,0.0,0.0,0.0
0,8,0.0,0.0,0.0
0,8,0.0,0.0,0.0
0,8,0.0,0.0,0.0
0,8,0.0,0.0,0.0
0,8,0.0,0.0,0.0
0,8,0.0,0.0,0.0
0,8,0.0,0.0,0.0
0,8,0.0,0.0,0.0
0,8,0.0,0.0,0.0
0,8,0.0,0.0,0.0
0,8,0.0,0.0,0.0
0,8,0.0,0.0,0.0
0,8,0.0,0.0,0.0
0,8,0.0,0.0,0.0
0,8,0.0,0.0,0.0
0,8,0.0,0.0,0.0
0,8,0.0,0.0,0.0
0,8,0.0,0.0,0.0
0,8,0.0,0.0,0.0
0,8,0.0,0.0,0.0
0,8,0.0,0.0,0.0
0,8,0.0,0.0,0.0
0,8,0.0,0.0,0.0
0,8,0.0,0.0,0.0
0,8,0.0,0.0,0.0
0,8,0.0,0.0,0.0
0,8,0.0,0.0,0.0
0,8,0.0,0.0,0.0
0,8,0.0,0.0,0.0
0,8,0.0,0.0,0.0
0,8,0.0,0.0,0.0
0,8,0.0,0.0,0.0
0,8,0.0,0.0,0.0
0,8,0.0,0.0,0.0
0,8,0.0,0.0,0.0
0,8,0.0,0.0,0.0
0,8,0.0,0.0,0.0
0,8,0.0,0.0,0.0
0,8,0.0,0.0,0.0
0,8,0.0,0.0,0.0
0,8,0.0,0.0,0.0
0,8,0.0,0.0,0.0
0,8,0.0,0.0,0.0
0,8,0.0,0.0,0.0
0,8,0.0,0.0,0.0
0,8,0.0,0.0,0.0
0,8,0.0,0.0,0.0
0,8,0.0,0.0,0.0
0,8,0.0,0.0,0.0
0,8,0.0,0.0,0.0
0,8,0.0,0.0,0.0
0,8,0.0,0.0,0.0
0,8,0.0,0.0,0.0
0,8,0.0,0.0,0.0
0,8,0.0,0.0,0.0
0,8,0.0,0.0,0.0
0,8,0.0,0.0,0.0
0,8,0.0,0.0,0.0
0,8,0.0,0.0,0.0
0,8,0.0,0.0,0.0
0,8,0.0,0.0,0.0
0,8,0.0,0.0,0.0
0,8,0.0,0.0,0.0
0,8,0.0,0.0,0.0
0,8,0.0,0.0,0.0
0,8,0.0,0.0,0.0
0,8,0.0,0.0,0.0
0,8,0.0,0.0,0.0
0,8,0.0,0.0,0.0
0,8,0.0,0.0,0.0
0,8,0.0,0.0,0.0
0,8,0.0,0.0,0.0
0,8,0.0,0.0,0.0
0,8,0.0,0.0,0.0
0,8,0.0,0.0,0.0
0,8,0.0,0.0,0.0
0,8,0.0,0.0,0.0
0,8,0.0,0.0,0.0
0,8,0.0,0.0,0.0
0,8,0.0,0.0,0.0
0,8,0.0,0.0,0.0
0,8,0.0,0.0,0.0
0,8,0.0,0.0,0.0
0,8,0.0,0.0,0.0
0,8,0.0,0.0,0.0
0,8,0.0,0.0,0.0
0,8,0.0,0.0,0.0
0,8,0.0,0.0,0.0
0,8,0.0,0.0,0.0
0,8,0.0,0.0,0.0
0,8,0.0,0.0,0.0
0,8,0.0,0.0,0.0
0,8,0.0,0.0,0.0
0,8,0.0,0.0,0.0
0,8,0.0,0.0,0.0
0,8,0.0,0.0,0.0
0,8,0.0,0.0,0.0
0,8,0.0,0.0,0.0
0,8,0.0,0.0,0.0
0,8,0.0,0.0,0.0
0,8,0.0,0.0,0.0
0,8,0.0,0.0,0.0
0,8,0.0,0.0,0.0
0,8,0.0,0.0,0.0
0,8,0.0,0.0,0.0
0,8,0.0,0.0,0.0
0,8,0.0,0.0,0.0
0,8,0.0,0.0,0.0
0,8,0.0,0.0,0.0
0,8,0.0,0.0,0.0
0,8,0.0,0.0,0.0
0,8,0.0,0.0,0.0
0,8,0.0,0.0,0.0
0,8,0.0,0.0,0.0
0,8,0.0,0.0,0.0
0,8,0.0,0.0,0.0
0,8,0.0,0.0,0.0
0,8,0.0,0.0,0.0
0,8,0.0,0.0,0.0
0,8,0.0,0.0,0.0
0,8,0.0,0.0,0.0
0,8,0.0,0.0,0.0
0,8,0.0,0.0,0.0
0,8,0.0,0.0,0.0
0,8,0.0,0.0,0.0
0,8,0.0,0.0,0.0
0,8,0.0,0.0,0.0
0,8,0.0,0.0,0.0
0,8,0.0,0.0,0.0
0,8,0.0,0.0,0.0
0,8,0.0,0.0,0.0
0,8,0.0,0.0,0.0
0,8,0.0,0.0,0.0
0,8,0.0,0.0,0.0
0,8,0.0,0.0,0.0
0,8,0.0,0.0,0.0
0,8,0.0,0.0,0.0
0,8,0.0,0.0,0.0
0,8,0.0,0.0,0.0
0,8,0.0,0.0,0.0
0,8,0.0,0.0,0.0
0,8,0.0,0.0,0.0
0,8,0.0,0.0,0.0
0,8,0.0,0.0,0.0
0,8,0.0,0.0,0.0
0,8,0.0,0.0,0.0
0,8,0.0,0.0,0.0
0,8,0.0,0.0,0.0
0,8,0.0,0.0,0.0
0,8,0.0,0.0,0.0
0,8,0.0,0.0,0.0
0,8,0.0,0.0,0.0
0,8,0.0,0.0,0.0
0,8,0.0,0.0,0.0
0,8,0.0,0.0,0.0
0,8,0.0,0.0,0.0
0,8,0.0,0.0,0.0
0,8,0.0,0.0,0.0
0,8,0.0,0.0,0.0
0,8,0.0,0.0,0.0
0,8,0.0,0.0,0.0
0,8,0.0,0.0,0.0
0,8,0.0,0.0,0.0
0,8,0.0,0.0,0.0
0,8,0.0,0.0,0.0
0,8,0.0,0.0,0.0
0,8,0.0,0.0,0.0
0,8,0.0,0.0,0.0
0,8,0.0,0.0,0.0
0,8,0.0,0.0,0.0
0,8,0.0,0.0,0.0
0,8,0.0,0.0,0.0
0,8,0.0,0.0,0.0
0,8,0.0,0.0,0.0
0,8,0.0,0.0,0.0
0,8,0.0,0.0,0.0
0,8,0.0,0.0,0.0
0,8,0.0,0.0,0.0
0,8,0.0,0.0,0.0
0,8,0.0,0.0,0.0
0,8,0.0,0.0,0.0
0,8,0.0,0.0,0.0
0,8,0.0,0.0,0.0
0,8,0.0,0.0,0.0
0,8,0.0,0.0,0.0
0,8,0.0,0.0,0.0
0,8,0.0,0.0,0.0
0,8,0.0,0.0,0.0
0,8,0.0,0.0,0.0
0,8,0.0,0.0,0.0
0,8,0.0,0.0,0.0
0,8,0.0,0.0,0.0
0,8,0.0,0.0,0.0
0,8,0.0,0.0,0.0
0,8,0.0,0.0,0.0
0,8,0.0,0.0,0.0
0,8,0.0,0.0,0.0
0,8,0.0,0.0,0.0
0,8,0.0,0.0,0.0
0,8,0.0,0.0,0.0
0,8,0.0,0.0,0.0
0,8,0.0,0.0,0.0
0,8,0.0,0.0,0.0
0,8,0.0,0.0,0.0
0,8,0.0,0.0,0.0
0,8,0.0,0.0,0.0
0,8,0.0,0.0,0.0
0,8,0.0,0.0,0.0
0,8,0.0,0.0,0.0
0,8,0.0,0.0,0.0
0,8,0.0,0.0,0.0
0,8,0.0,0.0,0.0
0,8,0.0,0.0,0.0
0,8,0.0,0.0,0.0
0,8,0.0,0.0,0.0
0,8,0.0,0.0,0.0
0,8,0.0,0.0,0.0
0,8,0.0,0.0,0.0
0,8,0.0,0.0,0.0
0,8,0.0,0.0,0.0
0,8,0.0,0.0,0.0
0,8,0.0,0.0,0.0
0,8,0.0,0.0,0.0
0,8,0.0,0.0,0.0
0,8,0.0,0.0,0.0
0,8,0.0,0.0,0.0
0,8,0.0,0.0,0.0
0,8,0.0,0.0,0.0
0,8,0.0,0.0,0.0
0,8,0.0,0.0,0.0
0,8,0.0,0.0,0.0
0,8,0.0,0.0,0.0
0,8,0.0,0.0,0.0
0,8,0.0,0.0,0.0
0,8,0.0,0.0,0.0
0,8,0.0,0.0,0.0
0,8,0.0,0.0,0.0
0,8,0.0,0.0,0.0
0,8,0.0,0.0,0.0
0,8,0.0,0.0,0.0
0,8,0.0,0.0,0.0
0,8,0.0,0.0,0.0
0,8,0.0,0.0,0.0
0,8,0.0,0.0,0.0
0,8,0.0,0.0,0.0
0,8,0.0,0.0,0.0
0,8,0.0,0.0,0.0
0,8,0.0,0.0,0.0
0,8,0.0,0.0,0.0
0,8,0.0,0.0,0.0
0,8,0.0,0.0,0.0
0,8,0.0,0.0,0.0
0,8,0.0,0.0,0.0
0,8,0.0,0.0,0.0
0,8,0.0,0.0,0.0
0,8,0.0,0.0,0.0
0,8,0.0,0.0,0.0
0,8,0.0,0.0,0.0
0,8,0.0,0.0,0.0
0,8,0.0,0.0,0.0
0,8,0.0,0.0,0.0
0,8,0.0,0.0,0.0
0,8,0.0,0.0,0.0
0,8,0.0,0.0,0.0
0,8,0.0,0.0,0.0
0,8,0.0,0.0,0.0
0,8,0.0,0.0,0.0
0,8,0.0,0.0,0.0
0,8,0.0,0.0,0.0
0,8,0.0,0.0,0.0
0,8,0.0,0.0,0.0
0,8,0.0,0.0,0.0
0,8,0.0,0.0,0.0
0,8,0.0,0.0,0.0
0,8,0.0,0.0,0.0
0,8,0.0,0.0,0.0
0,8,0.0,0.0,0.0
0,8,0.0,0.0,0.0
0,8,0.0,0.0,0.0
0,8,0.0,0.0,0.0
0,8,0.0,0.0,0.0
0,8,0.0,0.0,0.0
0,8,0.0,0.0,0.0
0,8,0.0,0.0,0.0
0,8,0.0,0.0,0.0
0,8,0.0,0.0,0.0
0,8,0.0,0.0,0.0
0,8,0.0,0.0,0.0
0,8,0.0,0.0,0.0
0,8,0.0,0.0,0.0
0,8,0.0,0.0,0.0
0,8,0.0,0.0,0.0
0,8,0.0,0.0,0.0
0,8,0.0,0.0,0.0
0,8,0.0,0.0,0.0
0,8,0.0,0.0,0.0
0,8,0.0,0.0,0.0
0,8,0.0,0.0,0.0
0,8,0.0,0.0,0.0
0,8,0.0,0.0,0.0
0,8,0.0,0.0,0.0
0,8,0.0,0.0,0.0
0,8,0.0,0.0,0.0
0,8,0.0,0.0,0.0
0,8,0.0,0.0,0.0
0,8,0.0,0.0,0.0
0,8,0.0,0.0,0.0
0,8,0.0,0.0,0.0
0,8,0.0,0.0,0.0
0,8,0.0,0.0,0.0
0,8,0.0,0.0,0.0
0,8,0.0,0.0,0.0
0,8,0.0,0.0,0.0
0,8,0.0,0.0,0.0
0,8,0.0,0.0,0.0
0,8,0.0,0.0,0.0
0,8,0.0,0.0,0.0
0,8,0.0,0.0,0.0
0,8,0.0,0.0,0.0
0,8,0.0,0.0,0.0
0,8,0.0,0.0,0.0
0,8,0.0,0.0,0.0
0,8,0.0,0.0,0.0
0,8,0.0,0.0,0.0
0,8,0.0,0.0,0.0
0,8,0.0,0.0,0.0
0,8,0.0,0.0,0.0
0,8,0.0,0.0,0.0
0,8,0.0,0.0,0.0
0,8,0.0,0.0,0.0
0,8,0.0,0.0,0.0
0,8,0.0,0.0,0.0
0,8,0.0,0.0,0.0
0,8,0.0,0.0,0.0
0,8,0.0,0.0,0.0
0,8,0.0,0.0,0.0
0,8,0.0,0.0,0.0
0,8,0.0,0.0,0.0
0,8,0.0,0.0,0.0
0,8,0.0,0.0,0.0
0,8,0.0,0.0,0.0
0,8,0.0,0.0,0.0
0,8,0.0,0.0,0.0
0,8,0.0,0.0,0.0
0,8,0.0,0.0,0.0
0,8,0.0,0.0,0.0
0,8,0.0,0.0,0.0
0,8,0.0,0.0,0.0
0,8,0.0,0.0,0.0
0,8,0.0,0.0,0.0
0,8,0.0,0.0,0.0
0,8,0.0,0.0,0.0
0,8,0.0,0.0,0.0
0,8,0.0,0.0,0.0
0,8,0.0,0.0,0.0
0,8,0.0,0.0,0.0
0,8,0.0,0.0,0.0
0,8,0.0,0.0,0.0
0,8,0.0,0.0,0.0
0,8,0.0,0.0,0.0
0,8,0.0,0.0,0.0
0,8,0.0,0.0,0.0
0,8,0.0,0.0,0.0
0,8,0.0,0.0,0.0
0,8,0.0,0.0,0.0
0,8,0.0,0.0,0.0
0,8,0.0,0.0,0.0
0,8,0.0,0.0,0.0
0,8,0.0,0.0,0.0
0,8,0.0,0.0,0.0
0,8,0.0,0.0,0.0
0,8,0.0,0.0,0.0
0,8,0.0,0.0,0.0
0,8,0.0,0.0,0.0
0,8,0.0,0.0,0.0
0,8,0.0,0.0,0.0
0,8,0.0,0.0,0.0
0,8,0.0,0.0,0.0
0,8,0.0,0.0,0.0
0,8,0.0,0.0,0.0
0,8,0.0,0.0,0.0
0,8,0.0,0.0,0.0
0,8,0.0,0.0,0.0
0,8,0.0,0.0,0.0
0,8,0.0,0.0,0.0
0,8,0.0,0.0,0.0
0,8,0.0,0.0,0.0
0,8,0.0,0.0,0.0
0,8,0.0,0.0,0.0
0,8,0.0,0.0,0.0
0,8,0.0,0.0,0.0
0,8,0.0,0.0,0.0
0,8,0.0,0.0,0.0
0,8,0.0,0.0,0.0
0,8,0.0,0.0,0.0
0,8,0.0,0.0,0.0
0,8,0.0,0.0,0.0
0,8,0.0,0.0,0.0
0,8,0.0,0.0,0.0
0,8,0.0,0.0,0.0
0,8,0.0,0.0,0.0
0,8,0.0,0.0,0.0
0,8,0.0,0.0,0.0
0,8,0.0,0.0,0.0
0,8,0.0,0.0,0.0
0,8,0.0,0.0,0.0
0,8,0.0,0.0,0.0
0,8,0.0,0.0,0.0
0,8,0.0,0.0,0.0
0,8,0.0,0.0,0.0
0,8,0.0,0.0,0.0
0,8,0.0,0.0,0.0
0,8,0.0,0.0,0.0
0,8,0.0,0.0,0.0
0,8,0.0,0.0,0.0
0,8,0.0,0.0,0.0
0,8,0.0,0.0,0.0
0,8,0.0,0.0,0.0
0,8,0.0,0.0,0.0
0,8,0.0,0.0,0.0
0,8,0.0,0.0,0.0
0,8,0.0,0.0,0.0
0,8,0.0,0.0,0.0
0,8,0.0,0.0,0.0
0,8,0.0,0.0,0.0
0,8,0.0,0.0,0.0
0,8,0.0,0.0,0.0
0,8,0.0,0.0,0.0
0,8,0.0,0.0,0.0
0,8,0.0,0.0,0.0
0,8,0.0,0.0,0.0
0,8,0.0,0.0,0.0
0,8,0.0,0.0,0.0
0,8,0.0,0.0,0.0
0,8,0.0,0.0,0.0
0,8,0.0,0.0,0.0
0,8,0.0,0.0,0.0
0,8,0.0,0.0,0.0
0,8,0.0,0.0,0.0
0,8,0.0,0.0,30.360000000000003
0,8,0.0,0.0,0.0
0,8,0.0,0.0,0.0
0,8,0.0,0.0,0.0
0,8,0.0,0.0,0.0
0,8,0.0,0.0,0.0
0,8,0.0,0.0,0.0
0,8,0.0,0.0,0.0
0,8,0.0,0.0,0.0
0,8,0.0,0.0,0.0
0,8,0.0,0.0,0.0
0,8,0.0,0.0,0.0
0,8,0.0,0.0,30.360000000000003
0,8,0.0,0.0,0.0
0,8,0.0,0.0,0.0
0,8,0.0,0.0,0.0
0,8,0.0,0.0,0.0
0,8,0.0,0.0,0.0
0,8,0.0,0.0,0.0
0,8,0.0,0.0,0.0
0,8,0.0,0.0,0.0
0,8,0.0,0.0,0.0
0,8,0.0,0.0,0.0
0,8,0.0,0.0,0.0
0,8,0.0,0.0,0.0
0,8,0.0,0.0,0.0
0,8,0.0,0.0,0.0
0,8,0.0,0.0,0.0
0,8,0.0,0.0,0.0
0,8,0.0,0.0,0.0
0,8,0.0,0.0,0.0
0,8,0.0,0.0,0.0
0,8,0.0,0.0,0.0
0,8,0.0,0.0,0.0
0,8,0.0,0.0,0.0
0,8,0.0,0.0,0.0
0,8,0.0,0.0,0.0
0,8,0.0,0.0,0.0
0,8,0.0,0.0,0.0
0,8,0.0,0.0,0.0
0,8,0.0,0.0,0.0
0,8,0.0,0.0,0.0
0,8,0.0,0.0,0.0
0,8,0.0,0.0,0.0
0,8,0.0,0.0,0.0
0,8,0.0,0.0,0.0
0,8,0.0,0.0,0.0
0,8,0.0,0.0,0.0
0,8,0.0,0.0,0.0
0,8,0.0,0.0,0.0
0,8,0.0,0.0,0.0
0,8,0.0,0.0,0.0
0,8,0.0,0.0,0.0
0,8,0.0,0.0,0.0
0,8,0.0,0.0,0.0
0,8,0.0,0.0,0.0
0,8,0.0,0.0,0.0
0,8,0.0,0.0,0.0
0,8,0.0,0.0,0.0
0,8,0.0,0.0,0.0
0,8,0.0,0.0,0.0
0,8,0.0,0.0,0.0
0,8,0.0,0.0,0.0
0,8,0.0,0.0,0.0
0,8,0.0,0.0,0.0
0,8,0.0,0.0,0.0
0,8,0.0,0.0,0.0
0,8,0.0,0.0,0.0
0,8,0.0,0.0,0.0
0,8,0.0,0.0,72.59999999999997
0,8,0.0,0.0,0.0
0,8,0.0,0.0,0.0
0,8,0.0,0.0,0.0
0,8,0.0,0.0,0.0
0,8,0.0,0.0,0.0
0,8,0.0,0.0,0.0
0,8,0.0,0.0,0.0
0,8,0.0,0.0,0.0
0,8,0.0,0.0,0.0
0,8,0.0,0.0,0.0
0,8,0.0,0.0,0.0
0,8,0.0,0.0,0.0
0,8,0.0,0.0,0.0
0,8,0.0,0.0,0.0
0,8,0.0,0.0,0.0
0,8,0.0,0.0,0.0
0,8,0.0,0.0,0.0
0,8,0.0,0.0,0.0
0,8,0.0,0.0,0.0
0,8,0.0,0.0,0.0
0,8,0.0,0.0,0.0
0,8,0.0,0.0,0.0
0,8,0.0,0.0,0.0
0,8,0.0,0.0,0.0
0,8,0.0,0.0,0.0
0,8,0.0,0.0,0.0
0,8,0.0,0.0,0.0
0,8,0.0,0.0,0.0
0,8,0.0,0.0,0.0
0,8,0.0,0.0,0.0
0,8,0.0,0.0,0.0
0,8,0.0,0.0,0.0
0,8,0.0,0.0,0.0
0,8,0.0,0.0,0.0
0,8,0.0,0.0,0.0
0,8,0.0,0.0,0.0
0,8,0.0,0.0,0.0
0,8,0.0,0.0,0.0
0,8,0.0,0.0,0.0
0,8,0.0,0.0,0.0
0,8,0.0,0.0,0.0
0,8,0.0,0.0,0.0
0,8,0.0,0.0,0.0
0,8,0.0,0.0,0.0
0,8,0.0,0.0,0.0
0,8,0.0,0.0,0.0
0,8,0.0,0.0,0.0
0,8,0.0,0.0,0.0
0,8,0.0,0.0,0.0
0,8,0.0,0.0,0.0
0,8,0.0,0.0,0.0
0,8,0.0,0.0,0.0
0,8,0.0,0.0,0.0
0,8,0.0,0.0,0.0
0,8,0.0,0.0,0.0
0,8,0.0,0.0,0.0
0,8,0.0,0.0,0.0
0,8,0.0,0.0,0.0
0,8,0.0,0.0,0.0
0,8,0.0,0.0,0.0
0,8,0.0,0.0,0.0
0,8,0.0,0.0,0.0
0,8,0.0,0.0,0.0
0,8,0.0,0.0,0.0
0,8,0.0,0.0,0.0
0,8,0.0,0.0,0.0
0,8,0.0,0.0,0.0
0,8,0.0,0.0,0.0
0,8,0.0,0.0,0.0
0,8,0.0,0.0,0.0
0,8,0.0,0.0,0.0
0,8,0.0,0.0,0.0
0,8,0.0,0.0,0.0
0,8,0.0,0.0,0.0
0,8,0.0,0.0,0.0
0,8,0.0,0.0,0.0
0,8,0.0,0.0,0.0
0,8,0.0,0.04455797417794116,5.28
0,8,0.0,0.0,0.0
0,8,0.0,0.0,0.0
0,8,0.0,0.0,0.0
0,8,0.0,0.0,0.0
0,8,0.0,0.0,0.0
0,8,0.0,0.0,0.0
0,8,0.0,0.0,0.0
0,8,0.0,0.0,0.0
0,8,0.0,0.0,0.0
0,8,0.0,0.0,0.0
0,8,0.0,0.0,0.0
0,8,0.0,0.0,0.0
0,8,0.0,0.0,0.0
0,8,0.0,0.0,0.0
0,8,0.0,0.0,0.0
0,8,0.0,0.0,0.0
0,8,0.0,0.0,0.0
0,8,0.0,0.0,0.0
0,8,0.0,0.0,0.0
0,8,0.0,0.0,0.0
0,8,0.0,0.0,0.0
0,8,0.0,0.0,0.0
0,8,0.0,0.0,0.0
0,8,0.0,0.0,72.59999999999997
0,8,0.0,0.0,0.0
0,8,0.0,0.0,0.0
0,8,0.0,0.0,0.0
0,8,0.0,0.0,0.0
0,8,0.0,0.0,0.0
0,8,0.0,0.0,0.0
0,8,0.0,0.0,0.0
0,8,0.0,0.0,0.0
0,8,0.0,0.0,0.0
0,8,0.0,0.0,0.0
0,8,0.0,0.0,0.0
0,8,0.0,0.0,0.0
0,8,0.0,0.0,0.0
0,8,0.0,0.0,0.0
0,8,0.0,0.0,0.0
0,8,0.0,0.0,0.0
0,8,0.0,0.0,0.0
0,8,0.0,0.0,0.0
0,8,0.0,0.0,0.0
0,8,0.0,0.0,0.0
0,8,0.0,0.0,0.0
0,8,0.0,0.0,0.0
0,8,0.0,0.0,0.0
0,8,0.0,0.0,0.0
0,8,0.0,0.0,0.0
0,8,0.0,0.0,0.0
0,8,0.0,0.0,0.0
0,8,0.0,0.0,0.0
0,8,0.0,0.0,0.0
0,8,0.0,0.0,0.0
0,8,0.0,0.0,0.0
0,8,0.0,0.0,0.0
0,8,0.0,0.0,0.0
0,8,0.0,0.0,0.0
0,8,0.0,0.0,0.0
0,8,0.0,0.0,0.0
0,8,0.0,0.0,0.0
0,8,0.0,0.0,0.0
0,8,0.0,0.0,0.0
0,8,0.0,0.0,0.0
0,8,0.0,0.0,0.0
0,8,0.0,0.0,0.0
0,8,0.0,0.0,60.720000000000006
0,8,0.0,0.0,0.0
0,8,0.0,0.0,0.0
0,8,0.0,0.0,0.0
0,8,0.0,0.0,0.0
0,8,0.0,0.0,0.0
0,8,0.0,0.0,0.0
0,8,0.0,0.0,0.0
0,8,0.0,0.0,0.0
0,8,0.0,0.0,0.0
0,8,0.0,0.0,0.0
0,8,0.0,0.0,0.0
0,8,0.0,0.0,0.0
0,8,0.0,0.0,0.0
0,8,0.0,0.0,0.0
0,8,0.0,0.0,0.0
0,8,0.0,0.0,0.0
0,8,0.0,0.0,0.0
0,8,0.0,0.0,0.0
0,8,0.0,0.0,0.0
0,8,0.0,0.0,0.0
0,8,0.0,0.0,0.0
0,8,0.0,0.0,0.0
0,8,0.0,0.0,0.0
0,8,0.0,0.0,0.0
0,8,0.0,0.0,0.0
0,8,0.0,0.0,0.0
0,8,0.0,0.0,0.0
0,8,0.0,0.0,0.0
0,8,0.0,0.0,0.0
0,8,0.0,0.0,0.0
0,8,0.0,0.0,0.0
0,8,0.0,0.0,0.0
0,8,0.0,0.0,0.0
0,8,0.0,0.0,0.0
0,8,0.0,0.0,0.0
0,8,0.0,0.0,0.0
0,8,0.0,0.0,0.0
0,8,0.0,0.0,0.0
0,8,0.0,0.0,0.0
0,8,0.0,0.0,0.0
0,8,0.0,0.0,0.0
0,8,0.0,0.0,0.0
0,8,0.0,0.0,0.0
0,8,0.0,0.0,0.0
0,8,0.0,0.0,0.0
0,8,0.0,0.0,0.0
0,8,0.0,0.0,0.0
0,8,0.0,0.0,0.0
0,8,0.0,0.0,0.0
0,8,0.0,0.0,0.0
0,8,0.0,0.0,0.0
0,8,0.0,0.0,0.0
0,8,0.0,0.0,11.88
0,8,0.0,0.0,0.0
0,8,0.0,0.0,0.0
0,8,0.0,0.0,0.0
0,8,0.0,0.0,0.0
0,8,0.0,0.0,0.0
0,8,0.0,0.0,0.0
0,8,0.0,0.0,0.0
0,8,0.0,0.0,0.0
0,8,0.0,0.0,0.0
0,8,0.0,0.0,0.0
0,8,0.0,0.0,0.0
0,8,0.0,0.0,0.0
0,8,0.0,0.0,0.0
0,8,0.0,0.0,0.0
0,8,0.0,0.0,0.0
0,8,0.0,0.0,0.0
0,8,0.0,0.0,0.0
0,8,0.0,0.0,0.0
0,8,0.0,0.0,0.0
0,8,0.0,0.0,0.0
0,8,0.0,0.0,0.0
0,8,0.0,0.0,0.0
0,8,0.0,0.0,0.0
0,8,0.0,0.0,0.0
0,8,0.0,0.0,0.0
0,8,0.0,0.0,0.0
0,8,0.0,0.0,0.0
0,8,0.0,0.0,0.0
0,8,0.0,0.0,0.0
0,8,0.0,0.0,0.0
0,8,0.0,0.0,0.0
0,8,0.0,0.0,0.0
0,8,0.0,0.0,0.0
0,8,0.0,0.0,0.0
0,8,0.0,0.0,0.0
0,8,0.0,0.0,0.0
0,8,0.0,0.0,0.0
0,8,0.0,0.0,0.0
0,8,0.0,0.0,0.0
0,8,0.0,0.0,0.0
0,8,0.0,0.0,0.0
0,8,0.0,0.0,0.0
0,8,0.0,0.0,0.0
0,8,0.0,0.0,0.0
0,8,0.0,0.0,0.0
0,8,0.0,0.0,0.0
0,8,0.0,0.0,0.0
0,8,0.0,0.0,0.0
0,8,0.0,0.0,0.0
0,8,0.0,0.0,0.0
0,8,0.0,0.0,0.0
0,8,0.0,0.0,0.0
0,8,0.0,0.0,0.0
0,8,0.0,0.0,0.0
0,8,0.0,0.0,0.0
0,8,0.0,0.0,0.0
0,8,0.0,0.0,0.0
0,8,0.0,0.0,0.0
0,8,0.0,0.0,0.0
0,8,0.0,0.0,0.0
0,8,0.0,0.0,0.0
0,8,0.0,0.0,0.0
0,8,0.0,0.0,0.0
0,8,0.0,0.0,0.0
0,8,0.0,0.0,11.88
0,8,0.0,0.0,0.0
0,8,0.0,0.0,0.0
0,8,0.0,0.0,0.0
0,8,0.0,0.0,0.0
0,8,0.0,0.0,0.0
0,8,0.0,0.0,0.0
0,8,0.0,0.0,0.0
0,8,0.0,0.0,0.0
0,8,0.0,0.0,0.0
0,8,0.0,0.0,0.0
0,8,0.0,0.0,0.0
0,8,0.0,0.0,0.0
0,8,0.0,0.0,0.0
0,8,0.0,0.0,0.0
0,8,0.0,0.0,0.0
0,8,0.0,0.0,0.0
0,8,0.0,0.0,0.0
0,8,0.0,0.0,0.0
0,8,0.0,0.0,0.0
0,8,0.0,0.0,0.0
0,8,0.0,0.0,0.0
0,8,0.0,0.0,0.0
0,8,0.0,0.0,0.0
0,8,0.0,0.0,0.0
0,8,0.0,0.0,0.0
0,8,0.0,0.0,0.0
0,8,0.0,0.0,0.0
0,8,0.0,0.0,0.0
0,8,0.0,0.0,0.0
0,8,0.0,0.0,0.0
0,8,0.0,0.0,0.0
0,8,0.0,0.0,0.0
0,8,0.0,0.0,0.0
0,8,0.0,0.0,0.0
0,8,0.0,0.0,0.0
0,8,0.0,0.0,0.0
0,8,0.0,0.0,0.0
0,8,0.0,0.0,0.0
0,8,0.0,0.0,0.0
0,8,0.0,0.0,0.0
0,8,0.0,0.0,0.0
0,8,0.0,0.0,0.0
0,8,0.0,0.0,0.0
0,8,0.0,0.0,0.0
0,8,0.0,0.0,0.0
0,8,0.0,0.0,0.0
0,8,0.0,0.0,0.0
0,8,0.0,0.0,0.0
0,8,0.0,0.0,0.0
0,8,0.0,0.0,0.0
0,8,0.0,0.0,0.0
0,8,0.0,0.0,0.0
0,8,0.0,0.0,0.0
0,8,0.0,0.0,0.0
0,8,0.0,0.0,0.0
0,8,0.0,0.0,0.0
0,8,0.0,0.0,0.0
0,8,0.0,0.0,0.0
0,8,0.0,0.0,0.0
0,8,0.0,0.0,0.0
0,8,0.0,0.0,0.0
0,8,0.0,0.0,0.0
0,8,0.0,0.0,0.0
0,8,0.0,0.0,0.0
0,8,0.0,0.0,0.0
0,8,0.0,0.0,0.0
0,8,0.0,0.0,0.0
0,8,0.0,0.0,0.0
0,8,0.0,0.0,0.0
0,8,0.0,0.0,0.0
0,8,0.0,0.0,0.0
0,8,0.0,0.0,0.0
0,8,0.0,0.0,0.0
0,8,0.0,0.0,0.0
0,8,0.0,0.0,0.0
0,8,0.0,0.0,0.0
0,8,0.0,0.0,0.0
0,8,0.0,0.0,0.0
0,8,0.0,0.0,0.0
0,8,0.0,0.0,0.0
0,8,0.0,0.0,0.0
0,8,0.0,0.0,0.0
0,8,0.0,0.0,0.0
0,8,0.0,0.0,0.0
0,8,0.0,0.0,0.0
0,8,0.0,0.0,0.0
0,8,0.0,0.0,0.0
0,8,0.0,0.0,0.0
0,8,0.0,0.0,0.0
0,8,0.0,0.0,0.0
0,8,0.0,0.0,0.0
0,8,0.0,0.0,0.0
0,8,0.0,0.0,0.0
0,8,0.0,0.0,0.0
0,8,0.0,0.0,0.0
0,8,0.0,0.0,0.0
0,8,0.0,0.0,0.0
0,8,0.0,0.0,0.0
0,8,0.0,0.0,0.0
0,8,0.0,0.0,0.0
0,8,0.0,0.0,0.0
0,8,0.0,0.0,0.0
0,8,0.0,0.0,0.0
0,8,0.0,0.0,0.0
0,8,0.0,0.0,0.0
0,8,0.0,0.0,0.0
0,8,0.0,0.0,0.0
0,8,0.0,0.0,0.0
0,8,0.0,0.0,0.0
0,8,0.0,0.0,0.0
0,8,0.0,0.0,0.0
0,8,0.0,0.0,0.0
0,8,0.0,0.0,0.0
0,8,0.0,0.0,0.0
0,8,0.0,0.0,0.0
0,8,0.0,0.0,0.0
0,8,0.0,0.0,0.0
0,8,0.0,0.0,0.0
0,8,0.0,0.0,0.0
0,8,0.0,0.0,31.680000000000003
0,8,0.0,0.0,0.0
0,8,0.0,0.0,0.0
0,8,0.0,0.0,0.0
0,8,0.0,0.0,0.0
0,8,0.0,0.0,0.0
0,8,0.0,0.0,0.0
0,8,0.0,0.0,0.0
0,8,0.0,0.0,0.0
0,8,0.0,0.0,0.0
0,8,0.0,0.0,0.0
0,8,0.0,0.0,0.0
0,8,0.0,0.0,0.0
0,8,0.0,0.0,0.0
0,8,0.0,0.0,0.0
0,8,0.0,0.0,0.0
0,8,0.0,0.0,0.0
0,8,0.0,0.0,0.0
0,8,0.0,0.0,0.0
0,8,0.0,0.0,0.0
0,8,0.0,0.0,0.0
0,8,0.0,0.0,0.0
0,8,0.0,0.0,0.0
0,8,0.0,0.0,0.0
0,8,0.0,0.0,0.0
0,8,0.0,0.0,0.0
0,8,0.0,0.0,0.0
0,8,0.0,0.0,0.0
0,8,0.0,0.0,0.0
0,8,0.0,0.0,0.0
0,8,0.0,0.0,0.0
0,8,0.0,0.0,0.0
0,8,0.0,0.0,0.0
0,8,0.0,0.0,0.0
0,8,0.0,0.0,0.0
0,8,0.0,0.0,0.0
0,8,0.0,0.0,0.0
0,8,0.0,0.0,0.0
0,8,0.0,0.0,0.0
0,8,0.0,0.0,0.0
0,8,0.0,0.0,0.0
0,8,0.0,0.0,0.0
0,8,0.0,0.0,0.0
0,8,0.0,0.0,0.0
0,8,0.0,0.0,0.0
0,8,0.0,0.0,0.0
0,8,0.0,0.0,0.0
0,8,0.0,0.0,21.12
0,8,0.0,0.0,0.0
0,8,0.0,0.0,0.0
0,8,0.0,0.0,0.0
0,8,0.0,0.0,0.0
0,8,0.0,0.0,0.0
0,8,0.0,0.0,0.0
0,8,0.0,0.0,0.0
0,8,0.0,0.0,0.0
0,8,0.0,0.0,0.0
0,8,0.0,0.0,0.0
0,8,0.0,0.0,0.0
0,8,0.0,0.0,0.0
0,8,0.0,0.0,0.0
0,8,0.0,0.0,0.0
0,8,0.0,0.0,0.0
0,8,0.0,0.0,0.0
0,8,0.0,0.0,0.0
0,8,0.0,0.0,0.0
0,8,0.0,0.0,0.0
0,8,0.0,0.0,0.0
0,8,0.0,0.0,0.0
0,8,0.0,0.0,0.0
0,8,0.0,0.0,0.0
0,8,0.0,0.0,0.0
0,8,0.0,0.0,0.0
0,8,0.0,0.0,0.0
0,8,0.0,0.0,0.0
0,8,0.0,0.0,0.0
0,8,0.0,0.0,0.0
0,8,0.0,0.0,0.0
0,8,0.0,0.0,0.0
0,8,0.0,0.0,0.0
0,8,0.0,0.0,0.0
0,8,0.0,0.0,0.0
0,8,0.0,0.0,0.0
0,8,0.0,0.0,0.0
0,8,0.0,0.0,0.0
0,8,0.0,0.0,0.0
0,8,0.0,0.0,0.0
0,8,0.0,0.0,0.0
0,8,0.0,0.0,0.0
0,8,0.0,0.0,0.0
0,8,0.0,0.0,0.0
0,8,0.0,0.0,0.0
0,8,0.0,0.0,0.0
0,8,0.0,0.0,0.0
0,8,0.0,0.0,0.0
0,8,0.0,0.0,0.0
0,8,0.0,0.0,0.0
0,8,0.0,0.0,0.0
0,8,0.0,0.0,0.0
0,8,0.0,0.0,0.0
0,8,0.0,0.0,0.0
0,8,0.0,0.0,0.0
0,8,0.0,0.0,0.0
0,8,0.0,0.0,0.0
0,8,0.0,0.0,0.0
0,8,0.0,0.0,0.0
0,8,0.0,0.0,0.0
0,8,0.0,0.0,0.0
0,8,0.0,0.0,0.0
0,8,0.0,0.0,0.0
0,8,0.0,0.0,0.0
0,8,0.0,0.0,0.0
0,8,0.0,0.0,0.0
0,8,0.0,0.0,0.0
0,8,0.0,0.0,0.0
0,8,0.0,0.0,0.0
0,8,0.0,0.0,0.0
0,8,0.0,0.0,0.0
0,8,0.0,0.0,0.0
0,8,0.0,0.0,0.0
0,8,0.0,0.0,0.0
0,8,0.0,0.0,0.0
0,8,0.0,0.0,0.0
0,8,0.0,0.0,0.0
0,8,0.0,0.0,0.0
0,8,0.0,0.0,0.0
0,8,0.0,0.0,0.0
0,8,0.0,0.0,0.0
0,8,0.0,0.0,0.0
0,8,0.0,0.0,0.0
0,8,0.0,0.0,0.0
0,8,0.0,0.0,0.0
0,8,0.0,0.0,0.0
0,8,0.0,0.0,0.0
0,8,0.0,0.0,0.0
0,8,0.0,0.0,0.0
0,8,0.0,0.0,0.0
0,8,0.0,0.0,0.0
0,8,0.0,0.0,0.0
0,8,0.0,0.0,0.0
0,8,0.0,0.0,0.0
0,8,0.0,0.0,0.0
0,8,0.0,0.0,0.0
0,8,0.0,0.0,0.0
0,8,0.0,0.0,0.0
0,8,0.0,0.0,0.0
0,8,0.0,0.0,0.0
0,8,0.0,0.0,0.0
0,8,0.0,0.0,0.0
0,8,0.0,0.0,0.0
0,8,0.0,0.0,0.0
0,8,0.0,0.0,0.0
0,8,0.0,0.0,0.0
0,8,0.0,0.0,0.0
0,8,0.0,0.0,0.0
0,8,0.0,0.0,0.0
0,8,0.0,0.0,0.0
0,8,0.0,0.0,0.0
0,8,0.0,0.0,0.0
0,8,0.0,0.0,0.0
0,8,0.0,0.0,0.0
0,8,0.0,0.0,0.0
0,8,0.0,0.0,0.0
0,8,0.0,0.0,0.0
0,8,0.0,0.0,0.0
0,8,0.0,0.0,0.0
0,8,0.0,0.0,0.0
0,8,0.0,0.0,0.0
0,8,0.0,0.0,0.0
0,8,0.0,0.0,0.0
0,8,0.0,0.0,0.0
0,8,0.0,0.0,0.0
0,8,0.0,0.0,0.0
0,8,0.0,0.0,0.0
0,8,0.0,0.0,0.0
0,8,0.0,0.0,0.0
0,8,0.0,0.0,0.0
0,8,0.0,0.0,0.0
0,8,0.0,0.0,0.0
0,8,0.0,0.0,0.0
0,8,0.0,0.0,0.0
0,8,0.0,0.0,0.0
0,8,0.0,0.0,0.0
0,8,0.0,0.0,0.0
0,8,0.0,0.0,0.0
0,8,0.0,0.0,0.0
0,8,0.0,0.0,0.0
0,8,0.0,0.0,0.0
0,8,0.0,0.0,0.0
0,8,0.0,0.0,0.0
0,8,0.0,0.0,0.0
0,8,0.0,0.0,0.0
0,8,0.0,0.0,0.0
0,8,0.0,0.0,0.0
0,8,0.0,0.0,0.0
0,8,0.0,0.0,0.0
0,8,0.0,0.0,0.0
0,8,0.0,0.0,0.0
0,8,0.0,0.0,0.0
0,8,0.0,0.0,0.0
0,8,0.0,0.0,0.0
0,8,0.0,0.0,0.0
0,8,0.0,0.0,0.0
0,8,0.0,0.0,0.0
0,8,0.0,0.0,0.0
0,8,0.0,0.0,0.0
0,8,0.0,0.0,0.0
0,8,0.0,0.0,0.0
0,8,0.0,0.0,0.0
0,8,0.0,0.0,0.0
0,8,0.0,0.0,0.0
0,8,0.0,0.0,0.0
0,8,0.0,0.0,0.0
0,8,0.0,0.0,0.0
0,8,0.0,0.0,0.0
0,8,0.0,0.0,0.0
0,8,0.0,0.0,0.0
0,8,0.0,0.0,0.0
0,8,0.0,0.0,0.0
0,8,0.0,0.0,0.0
0,8,0.0,0.0,0.0
0,8,0.0,0.0,0.0
0,8,0.0,0.0,0.0
0,8,0.0,0.0,0.0
0,8,0.0,0.0,0.0
0,8,0.0,0.0,0.0
0,8,0.0,0.0,0.0
0,8,0.0,0.0,0.0
0,8,0.0,0.0,0.0
0,8,0.0,0.0,0.0
0,8,0.0,0.0,0.0
0,8,0.0,0.0,0.0
0,8,0.0,0.0,0.0
0,8,0.0,0.0,0.0
0,8,0.0,0.0,0.0
0,8,0.0,0.0,0.0
0,8,0.0,0.0,0.0
0,8,0.0,0.0,0.0
0,8,0.0,0.0,0.0
0,8,0.0,0.0,0.0
0,8,0.0,0.0,0.0
0,8,0.0,0.0,0.0
0,8,0.0,0.0,0.0
0,8,0.0,0.0,0.0
0,8,0.0,0.0,0.0
0,8,0.0,0.0,0.0
0,8,0.0,0.0,0.0
0,8,0.0,0.0,0.0
0,8,0.0,0.0,0.0
0,8,0.0,0.0,0.0
0,8,0.0,0.0,0.0
0,8,0.0,0.0,0.0
0,8,0.0,0.0,0.0
0,8,0.0,0.0,0.0
0,8,0.0,0.0,0.0
0,8,0.0,0.0,0.0
0,8,0.0,0.0,0.0
0,8,0.0,0.0,0.0
0,8,0.0,0.0,0.0
0,8,0.0,0.0,0.0
0,8,0.0,0.0,0.0
0,8,0.0,0.0,0.0
0,8,0.0,0.0,0.0
0,8,0.0,0.0,0.0
0,8,0.0,0.0,0.0
0,8,0.0,0.0,0.0
0,8,0.0,0.0,0.0
0,8,0.0,0.0,0.0
0,8,0.0,0.0,0.0
0,8,0.0,0.0,0.0
0,8,0.0,0.0,0.0
0,8,0.0,0.0,0.0
0,8,0.0,0.0,0.0
0,8,0.0,0.0,0.0
0,8,0.0,0.0,0.0
0,8,0.0,0.0,0.0
0,8,0.0,0.0,0.0
0,8,0.0,0.0,0.0
0,8,0.0,0.0,0.0
0,8,0.0,0.0,0.0
0,8,0.0,0.0,0.0
0,8,0.0,0.0,0.0
0,8,0.0,0.0,0.0
0,8,0.0,0.0,0.0
0,8,0.0,0.0,0.0
0,8,0.0,0.0,0.0
0,8,0.0,0.0,0.0
0,8,0.0,0.0,0.0
0,8,0.0,0.0,0.0
0,8,0.0,0.0,0.0
0,8,0.0,0.0,0.0
0,8,0.0,0.0,0.0
0,8,0.0,0.0,0.0
0,8,0.0,0.0,0.0
0,8,0.0,0.0,0.0
0,8,0.0,0.0,0.0
0,8,0.0,0.0,0.0
0,8,0.0,0.0,0.0
0,8,0.0,0.0,0.0
0,8,0.0,0.0,0.0
0,8,0.0,0.0,0.0
0,8,0.0,0.0,0.0
0,8,0.0,0.0,0.0
0,8,0.0,0.0,0.0
0,8,0.0,0.0,0.0
0,8,0.0,0.0,0.0
0,8,0.0,0.0,0.0
0,8,0.0,0.0,0.0
0,8,0.0,0.0,0.0
0,8,0.0,0.0,0.0
0,8,0.0,0.0,0.0
0,8,0.0,0.0,0.0
0,8,0.0,0.0,0.0
0,8,0.0,0.0,0.0
0,8,0.0,0.0,0.0
0,8,0.0,0.0,0.0
0,8,0.0,0.0,0.0
0,8,0.0,0.0,0.0
0,8,0.0,0.0,0.0
0,8,0.0,0.0,0.0
0,8,0.0,0.0,0.0
0,8,0.0,0.0,0.0
0,8,0.0,0.0,0.0
0,8,0.0,0.0,0.0
0,8,0.0,0.0,0.0
0,8,0.0,0.0,0.0
0,8,0.0,0.0,0.0
0,8,0.0,0.0,0.0
0,8,0.0,0.0,0.0
0,8,0.0,0.0,0.0
0,8,0.0,0.0,0.0
0,8,0.0,0.0,0.0
0,8,0.0,0.0,0.0
0,8,0.0,0.0,0.0
0,8,0.0,0.0,0.0
0,8,0.0,0.0,0.0
0,8,0.0,0.0,0.0
0,8,0.0,0.0,0.0
0,8,0.0,0.0,0.0
0,8,0.0,0.0,0.0
0,8,0.0,0.0,0.0
0,8,0.0,0.0,0.0
0,8,0.0,0.0,0.0
0,8,0.0,0.0,0.0
0,8,0.0,0.0,0.0
0,8,0.0,0.0,0.0
0,8,0.0,0.0,0.0
0,8,0.0,0.0,0.0
0,8,0.0,0.0,0.0
0,8,0.0,0.0,0.0
0,8,0.0,0.0,0.0
0,8,0.0,0.0,0.0
0,8,0.0,0.0,0.0
0,8,0.0,0.0,0.0
0,8,0.0,0.0,0.0
0,8,0.0,0.0,0.0
0,8,0.0,0.0,0.0
0,8,0.0,0.0,0.0
0,8,0.0,0.0,0.0
0,8,0.0,0.0,0.0
0,8,0.0,0.0,0.0
0,8,0.0,0.0,0.0
0,8,0.0,0.0,0.0
0,8,0.0,0.0,0.0
0,8,0.0,0.0,0.0
0,8,0.0,0.0,0.0
0,8,0.0,0.0,0.0
0,8,0.0,0.0,0.0
0,8,0.0,0.0,0.0
0,8,0.0,0.0,0.0
0,8,0.0,0.0,0.0
0,8,0.0,0.0,0.0
0,8,0.0,0.0,0.0
0,8,0.0,0.0,0.0
0,8,0.0,0.0,0.0
0,8,0.0,0.0,0.0
0,8,0.0,0.0,0.0
0,8,0.0,0.0,0.0
0,8,0.0,0.0,0.0
0,8,0.0,0.0,0.0
0,8,0.0,0.0,0.0
0,8,0.0,0.0,0.0
0,8,0.0,0.0,0.0
0,8,0.0,0.0,0.0
0,8,0.0,0.0,0.0
0,8,0.0,0.0,0.0
0,8,0.0,0.0,0.0
0,8,0.0,0.0,0.0
0,8,0.0,0.0,0.0
0,8,0.0,0.0,0.0
0,8,0.0,0.0,0.0
0,8,0.0,0.0,0.0
0,8,0.0,0.0,0.0
0,8,0.0,0.0,0.0
0,8,0.0,0.0,0.0
0,8,0.0,0.0,0.0
0,8,0.0,0.0,0.0
0,8,0.0,0.0,0.0
0,8,0.0,0.0,0.0
0,8,0.0,0.0,0.0
0,8,0.0,0.0,0.0
0,8,0.0,0.0,0.0
0,8,0.0,0.0,0.0
0,8,0.0,0.0,0.0
0,8,0.0,0.0,0.0
0,8,0.0,0.0,0.0
0,8,0.0,0.0,0.0
0,8,0.0,0.0,0.0
0,8,0.0,0.0,0.0
0,8,0.0,0.0,0.0
0,8,0.0,0.0,0.0
0,8,0.0,0.0,0.0
0,8,0.0,0.0,0.0
0,8,0.0,0.0,0.0
0,8,0.0,0.0,0.0
0,8,0.0,0.0,0.0
0,8,0.0,0.0,0.0
0,8,0.0,0.0,0.0
0,8,0.0,0.0,0.0
0,8,0.0,0.0,0.0
0,8,0.0,0.0,0.0
0,8,0.0,0.0,0.0
0,8,0.0,0.0,0.0
0,8,0.0,0.0,0.0
0,8,0.0,0.0,0.0
0,8,0.0,0.0,0.0
0,8,0.0,0.0,0.0
0,8,0.0,0.0,0.0
0,8,0.0,0.0,0.0
0,8,0.0,0.0,0.0
0,8,0.0,0.0,0.0
0,8,0.0,0.0,0.0
0,8,0.0,0.0,0.0
0,8,0.0,0.0,0.0
0,8,0.0,0.0,0.0
0,8,0.0,0.0,0.0
0,8,0.0,0.0,0.0
0,8,0.0,0.0,0.0
0,8,0.0,0.0,0.0
0,8,0.0,0.0,0.0
0,8,0.0,0.0,0.0
0,8,0.0,0.0,0.0
0,8,0.0,0.0,0.0
0,8,0.0,0.0,0.0
0,8,0.0,0.0,0.0
0,8,0.0,0.0,0.0
0,8,0.0,0.0,0.0
0,8,0.0,0.0,0.0
0,8,0.0,0.0,0.0
0,8,0.0,0.0,0.0
0,8,0.0,0.0,0.0
0,8,0.0,0.0,0.0
0,8,0.0,0.0,0.0
0,8,0.0,0.0,0.0
0,8,0.0,0.0,0.0
0,8,0.0,0.0,0.0
0,8,0.0,0.0,0.0
0,8,0.0,0.0,0.0
0,8,0.0,0.0,0.0
0,8,0.0,0.0,0.0
0,8,0.0,0.0,0.0
0,8,0.0,0.0,0.0
0,8,0.0,0.0,0.0
0,8,0.0,0.0,0.0
0,8,0.0,0.0,0.0
0,8,0.0,0.0,0.0
0,8,0.0,0.0,0.0
0,8,0.0,0.0,0.0
0,8,0.0,0.0,0.0
0,8,0.0,0.0,0.0
0,8,0.0,0.0,0.0
0,8,0.0,0.0,0.0
0,8,0.0,0.0,0.0
0,8,0.0,0.0,0.0
0,8,0.0,0.0,0.0
0,8,0.0,0.0,0.0
0,8,0.0,0.0,0.0
0,8,0.0,0.0,0.0
0,8,0.0,0.0,0.0
0,8,0.0,0.0,0.0
0,8,0.0,0.0,0.0
0,8,0.0,0.0,0.0
0,8,0.0,0.0,0.0
0,8,0.0,0.0,0.0
0,8,0.0,0.0,0.0
0,8,0.0,0.0,0.0
0,8,0.0,0.0,0.0
0,8,0.0,0.0,0.0
0,8,0.0,0.0,0.0
0,8,0.0,0.0,0.0
0,8,0.0,0.0,0.0
0,8,0.0,0.0,0.0
0,8,0.0,0.0,0.0
0,8,0.0,0.0,0.0
0,8,0.0,0.0,0.0
0,8,0.0,0.0,0.0
0,8,0.0,0.0,0.0
0,8,0.0,0.0,0.0
0,8,0.0,0.0,0.0
0,8,0.0,0.0,0.0
0,8,0.0,0.0,0.0
0,8,0.0,0.0,0.0
0,8,0.0,0.0,0.0
0,8,0.0,0.0,0.0
0,8,0.0,0.0,0.0
0,8,0.0,0.0,0.0
0,8,0.0,0.0,0.0
0,8,0.0,0.0,0.0
0,8,0.0,0.0,0.0
0,8,0.0,0.0,0.0
0,8,0.0,0.0,0.0
0,8,0.0,0.0,0.0
0,8,0.0,0.0,0.0
0,8,0.0,0.0,0.0
0,8,0.0,0.0,0.0
0,8,0.0,0.0,0.0
0,8,0.0,0.0,0.0
0,8,0.0,0.0,0.0
0,8,0.0,0.0,0.0
0,8,0.0,0.0,0.0
0,8,0.0,0.0,0.0
0,8,0.0,0.0,0.0
0,8,0.0,0.0,0.0
0,8,0.0,0.0,0.0
0,8,0.0,0.0,0.0
0,8,0.0,0.0,0.0
0,8,0.0,0.0,0.0
0,8,0.0,0.0,0.0
0,8,0.0,0.0,0.0
0,8,0.0,0.0,0.0
0,8,0.0,0.0,0.0
0,8,0.0,0.0,0.0
0,8,0.0,0.0,0.0
0,8,0.0,0.0,0.0
0,8,0.0,0.0,0.0
0,8,0.0,0.0,0.0
0,8,0.0,0.0,0.0
0,8,0.0,0.0,0.0
0,8,0.0,0.0,0.0
0,8,0.0,0.0,0.0
0,8,0.0,0.0,0.0
0,8,0.0,0.0,0.0
0,8,0.0,0.0,0.0
0,8,0.0,0.0,0.0
0,8,0.0,0.0,0.0
0,8,0.0,0.0,0.0
0,8,0.0,0.0,0.0
0,8,0.0,0.0,0.0
0,8,0.0,0.0,0.0
0,8,0.0,0.0,0.0
0,8,0.0,0.0,0.0
0,8,0.0,0.0,0.0
0,8,0.0,0.0,0.0
0,8,0.0,0.0,0.0
0,8,0.0,0.0,0.0
0,8,0.0,0.0,0.0
0,8,0.0,0.0,0.0
0,8,0.0,0.0,0.0
0,8,0.0,0.0,0.0
0,8,0.0,0.0,0.0
0,8,0.0,0.0,0.0
0,8,0.0,0.0,0.0
0,8,0.0,0.0,0.0
0,8,0.0,0.0,0.0
0,8,0.0,0.0,0.0
0,8,0.0,0.0,0.0
0,8,0.0,0.0,0.0
0,8,0.0,0.0,0.0
0,8,0.0,0.0,0.0
0,8,0.0,0.0,0.0
0,8,0.0,0.0,0.0
0,8,0.0,0.0,0.0
0,8,0.0,0.0,0.0
0,8,0.0,0.0,0.0
0,8,0.0,0.0,0.0
0,8,0.0,0.0,0.0
0,8,0.0,0.0,0.0
0,8,0.0,0.0,0.0
0,8,0.0,0.0,0.0
0,8,0.0,0.0,0.0
0,8,0.0,0.0,0.0
0,8,0.0,0.0,0.0
0,8,0.0,0.0,0.0
0,8,0.0,0.0,0.0
0,8,0.0,0.0,62.040000000000006
0,8,0.0,0.0,0.0
0,8,0.0,0.0,0.0
0,8,0.0,0.0,0.0
0,8,0.0,0.0,0.0
0,8,0.0,0.0,0.0
0,8,0.0,0.0,0.0
0,8,0.0,0.0,0.0
0,8,0.0,0.0,0.0
0,8,0.0,0.0,0.0
0,8,0.0,0.0,0.0
0,8,0.0,0.0,0.0
0,8,0.0,0.0,0.0
0,8,0.0,0.0,0.0
0,8,0.0,0.0,0.0
0,8,0.0,0.0,0.0
0,8,0.0,0.0,0.0
0,8,0.0,0.0,0.0
0,8,0.0,0.0,0.0
0,8,0.0,0.0,0.0
0,8,0.0,0.0,0.0
0,8,0.0,0.0,69.95999999999998
0,8,0.0,0.0,0.0
0,8,0.0,0.0,0.0
0,8,0.0,0.0,0.0
0,8,0.0,0.0,0.0
0,8,0.0,0.0,0.0
0,8,0.0,0.0,0.0
0,8,0.0,0.0,0.0
0,8,0.0,0.0,0.0
0,8,0.0,0.0,0.0
0,8,0.0,0.0,0.0
0,8,0.0,0.0,0.0
0,8,0.0,0.0,0.0
0,8,0.0,0.0,0.0
0,8,0.0,0.0,0.0
0,8,0.0,0.0,0.0
0,8,0.0,0.0,0.0
0,8,0.0,0.0,0.0
0,8,0.0,0.0,0.0
0,8,0.0,0.0,30.360000000000003
0,8,0.0,0.0,0.0
0,8,0.0,0.0,0.0
0,8,0.0,0.0,0.0
0,8,0.0,0.0,0.0
0,8,0.0,0.0,0.0
0,8,0.0,0.0,0.0
0,8,0.0,0.0,0.0
0,8,0.0,0.0,0.0
0,8,0.0,0.0,0.0
0,8,0.0,0.0,0.0
0,8,0.0,0.0,0.0
0,8,0.0,0.0,0.0
0,8,0.0,0.0,0.0
0,8,0.0,0.0,0.0
0,8,0.0,0.0,0.0
0,8,0.0,0.0,0.0
0,8,0.0,0.0,0.0
0,8,0.0,0.0,0.0
0,8,0.0,0.0,0.0
0,8,0.0,0.0,0.0
0,8,0.0,0.0,0.0
0,8,0.0,0.0,0.0
0,8,0.0,0.0,0.0
0,8,0.0,0.0,0.0
0,8,0.0,0.0,0.0
0,8,0.0,0.0,0.0
0,8,0.0,0.0,0.0
0,8,0.0,0.0,0.0
0,8,0.0,0.0,0.0
0,8,0.0,0.0,0.0
0,8,0.0,0.0,0.0
0,8,0.0,0.0,0.0
0,8,0.0,0.0,0.0
0,8,0.0,0.0,0.0
0,8,0.0,0.0,0.0
0,8,0.0,0.0,0.0
0,8,0.0,0.0,0.0
0,8,0.0,0.0,0.0
0,8,0.0,0.0,0.0
0,8,0.0,0.0,0.0
0,8,0.0,0.0,0.0
0,8,0.0,0.0,0.0
0,8,0.0,0.0,0.0
0,8,0.0,0.0,0.0
0,8,0.0,0.0,0.0
0,8,0.0,0.0,0.0
0,8,0.0,0.0,0.0
0,8,0.0,0.0,0.0
0,8,0.0,0.0,0.0
0,8,0.0,0.0,0.0
0,8,0.0,0.0,0.0
0,8,0.0,0.0,0.0
0,8,0.0,0.0,0.0
0,8,0.0,0.0,0.0
0,8,0.0,0.0,0.0
0,8,0.0,0.0,0.0
0,8,0.0,0.0,0.0
0,8,0.0,0.0,0.0
0,8,0.0,0.0,0.0
0,8,0.0,0.0,0.0
0,8,0.0,0.0,0.0
0,8,0.0,0.0,0.0
0,8,0.0,0.0,0.0
0,8,0.0,0.0,0.0
0,8,0.0,0.0,0.0
0,8,0.0,0.0,0.0
0,8,0.0,0.0,0.0
0,8,0.0,0.0,0.0
0,8,0.0,0.0,0.0
0,8,0.0,0.0,0.0
0,8,0.0,0.0,0.0
0,8,0.0,0.0,0.0
0,8,0.0,0.0,0.0
0,8,0.0,0.0,0.0
0,8,0.0,0.0,0.0
0,8,0.0,0.0,0.0
0,8,0.0,0.0,0.0
0,8,0.0,0.0,0.0
0,8,0.0,0.0,0.0
0,8,0.0,0.0,0.0
0,8,0.0,0.0,0.0
0,8,0.0,0.0,0.0
0,8,0.0,0.0,0.0
0,8,0.0,0.0,0.0
0,8,0.0,0.0,0.0
0,8,0.0,0.0,0.0
0,8,0.0,0.0,0.0
0,8,0.0,0.0,0.0
0,8,0.0,0.0,0.0
0,8,0.0,0.0,0.0
0,8,0.0,0.0,0.0
0,8,0.0,0.0,0.0
0,8,0.0,0.0,0.0
0,8,0.0,0.0,0.0
0,8,0.0,0.0,0.0
0,8,0.0,0.0,0.0
0,8,0.0,0.0,0.0
0,8,0.0,0.0,0.0
0,8,0.0,0.0,0.0
0,8,0.0,0.0,0.0
0,8,0.0,0.0,0.0
0,8,0.0,0.0,0.0
0,8,0.0,0.0,0.0
0,8,0.0,0.0,0.0
0,8,0.0,0.0,0.0
0,8,0.0,0.0,0.0
0,8,0.0,0.0,0.0
0,8,0.0,0.0,0.0
0,8,0.0,0.0,0.0
0,8,0.0,0.0,0.0
0,8,0.0,0.0,0.0
0,8,0.0,0.0,0.0
0,8,0.0,0.0,0.0
0,8,0.0,0.0,0.0
0,8,0.0,0.0,0.0
0,8,0.0,0.0,0.0
0,8,0.0,0.0,0.0
0,8,0.0,0.0,0.0
0,8,0.0,0.0,0.0
0,8,0.0,0.0,0.0
0,8,0.0,0.0,0.0
0,8,0.0,0.0,0.0
0,8,0.0,0.0,0.0
0,8,0.0,0.0,0.0
0,8,0.0,0.0,0.0
0,8,0.0,0.0,0.0
0,8,0.0,0.0,0.0
0,8,0.0,0.0,0.0
0,8,0.0,0.0,0.0
0,8,0.0,0.0,0.0
0,8,0.0,0.0,0.0
0,8,0.0,0.0,0.0
0,8,0.0,0.0,0.0
0,8,0.0,0.0,0.0
0,8,0.0,0.0,0.0
0,8,0.0,0.0,14.520000000000001
0,8,0.0,0.0,0.0
0,8,0.0,0.0,0.0
0,8,0.0,0.0,0.0
0,8,0.0,0.0,0.0
0,8,0.0,0.0,0.0
0,8,0.0,0.0,0.0
0,8,0.0,0.0,0.0
0,8,0.0,0.0,0.0
0,8,0.0,0.0,0.0
0,8,0.0,0.0,0.0
0,8,0.0,0.0,0.0
0,8,0.0,0.0,0.0
0,8,0.0,0.0,0.0
0,8,0.0,0.0,0.0
0,8,0.0,0.0,0.0
0,8,0.0,0.0,0.0
0,8,0.0,0.0,0.0
0,8,0.0,0.0,0.0
0,8,0.0,0.0,0.0
0,8,0.0,0.0,0.0
0,8,0.0,0.0,0.0
0,8,0.0,0.0,0.0
0,8,0.0,0.0,0.0
0,8,0.0,0.0,0.0
0,8,0.0,0.0,0.0
0,8,0.0,0.0,0.0
0,8,0.0,0.0,0.0
0,8,0.0,0.0,0.0
0,8,0.0,0.0,0.0
0,8,0.0,0.0,0.0
0,8,0.0,0.0,0.0
0,8,0.0,0.0,0.0
0,8,0.0,0.0,0.0
0,8,0.0,0.0,0.0
0,8,0.0,0.0,0.0
0,8,0.0,0.0,0.0
0,8,0.0,0.0,0.0
0,8,0.0,0.0,0.0
0,8,0.0,0.0,0.0
0,8,0.0,0.0,0.0
0,8,0.0,0.0,0.0
0,8,0.0,0.0,0.0
0,8,0.0,0.0,0.0
0,8,0.0,0.0,0.0
0,8,0.0,0.0,0.0
0,8,0.0,0.0,0.0
0,8,0.0,0.0,0.0
0,8,0.0,0.0,0.0
0,8,0.0,0.0,0.0
0,8,0.0,0.0,0.0
0,8,0.0,0.0,0.0
0,8,0.0,0.0,0.0
0,8,0.0,0.0,0.0
0,8,0.0,0.0,0.0
0,8,0.0,0.0,0.0
0,8,0.0,0.0,0.0
0,8,0.0,0.0,0.0
0,8,0.0,0.0,0.0
0,8,0.0,0.0,0.0
0,8,0.0,0.0,0.0
0,8,0.0,0.0,0.0
0,8,0.0,0.0,0.0
0,8,0.0,0.0,0.0
0,8,0.0,0.0,0.0
0,8,0.0,0.0,0.0
0,8,0.0,0.0,72.59999999999997
0,8,0.0,0.0,0.0
0,8,0.0,0.0,0.0
0,8,0.0,0.0,0.0
0,8,0.0,0.0,0.0
0,8,0.0,0.0,0.0
0,8,0.0,0.0,0.0
0,8,0.0,0.0,0.0
0,8,0.0,0.0,0.0
0,8,0.0,0.0,0.0
0,8,0.0,0.0,0.0
0,8,0.0,0.0,0.0
0,8,0.0,0.0,0.0
0,8,0.0,0.0,0.0
0,8,0.0,0.0,0.0
0,8,0.0,0.0,0.0
0,8,0.0,0.0,0.0
0,8,0.0,0.0,0.0
0,8,0.0,0.0,0.0
0,8,0.0,0.0,0.0
0,8,0.0,0.0,0.0
0,8,0.0,0.0,0.0
0,8,0.0,0.0,0.0
0,8,0.0,0.0,0.0
0,8,0.0,0.0,0.0
0,8,0.0,0.0,0.0
0,8,0.0,0.0,0.0
0,8,0.0,0.0,0.0
0,8,0.0,0.0,0.0
0,8,0.0,0.0,0.0
0,8,0.0,0.0,0.0
0,8,0.0,0.0,0.0
0,8,0.0,0.0,0.0
0,8,0.0,0.0,0.0
0,8,0.0,0.0,0.0
0,8,0.0,0.0,0.0
0,8,0.0,0.0,0.0
0,8,0.0,0.0,0.0
0,8,0.0,0.0,0.0
0,8,0.0,0.0,0.0
0,8,0.0,0.0,0.0
0,8,0.0,0.0,0.0
0,8,0.0,0.0,0.0
0,8,0.0,0.0,0.0
0,8,0.0,0.0,0.0
0,8,0.0,0.0,0.0
0,8,0.0,0.0,0.0
0,8,0.0,0.0,0.0
0,8,0.0,0.0,0.0
0,8,0.0,0.0,0.0
0,8,0.0,0.0,0.0
0,8,0.0,0.0,0.0
0,8,0.0,0.0,0.0
0,8,0.0,0.0,0.0
0,8,0.0,0.0,0.0
0,8,0.0,0.0,0.0
0,8,0.0,0.0,0.0
0,8,0.0,0.0,0.0
0,8,0.0,0.0,0.0
0,8,0.0,0.0,0.0
0,8,0.0,0.0,0.0
0,8,0.0,0.0,0.0
0,8,0.0,0.0,0.0
0,8,0.0,0.0,0.0
0,8,0.0,0.0,0.0
0,8,0.0,0.0,0.0
0,8,0.0,0.0,0.0
0,8,0.0,0.0,0.0
0,8,0.0,0.0,0.0
0,8,0.0,0.0,0.0
0,8,0.0,0.0,0.0
0,8,0.0,0.0,0.0
0,8,0.0,0.0,0.0
0,8,0.0,0.0,0.0
0,8,0.0,0.0,0.0
0,8,0.0,0.0,0.0
0,8,0.0,0.0,0.0
0,8,0.0,0.0,0.0
0,8,0.0,0.0,0.0
0,8,0.0,0.0,0.0
0,8,0.0,0.0,0.0
0,8,0.0,0.0,0.0
0,8,0.0,0.0,0.0
0,8,0.0,0.0,0.0
0,8,0.0,0.0,0.0
0,8,0.0,0.0,0.0
0,8,0.0,0.0,0.0
0,8,0.0,0.0,0.0
0,8,0.0,0.0,0.0
0,8,0.0,0.0,0.0
0,8,0.0,0.0,0.0
0,8,0.0,0.0,0.0
0,8,0.0,0.0,0.0
0,8,0.0,0.0,0.0
0,8,0.0,0.0,0.0
0,8,0.0,0.0,0.0
0,8,0.0,0.0,0.0
0,8,0.0,0.0,0.0
0,8,0.0,0.0,0.0
0,8,0.0,0.0,0.0
0,8,0.0,0.0,0.0
0,8,0.0,0.0,0.0
0,8,0.0,0.0,0.0
0,8,0.0,0.0,0.0
0,8,0.0,0.0,0.0
0,8,0.0,0.0,0.0
0,8,0.0,0.0,0.0
0,8,0.0,0.0,0.0
0,8,0.0,0.0,0.0
0,8,0.0,0.0,0.0
0,8,0.0,0.0,0.0
0,8,0.0,0.0,0.0
0,8,0.0,0.0,0.0
0,8,0.0,0.0,0.0
0,8,0.0,0.0,0.0
0,8,0.0,0.0,0.0
0,8,0.0,0.0,0.0
0,8,0.0,0.0,0.0
0,8,0.0,0.0,0.0
0,8,0.0,0.0,0.0
0,8,0.0,0.0,0.0
0,8,0.0,0.0,0.0
0,8,0.0,0.0,0.0
0,8,0.0,0.0,0.0
0,8,0.0,0.0,0.0
0,8,0.0,0.0,0.0
0,8,0.0,0.0,0.0
0,8,0.0,0.0,0.0
0,8,0.0,0.0,0.0
0,8,0.0,0.0,0.0
0,8,0.0,0.0,0.0
0,8,0.0,0.0,0.0
0,8,0.0,0.0,0.0
0,8,0.0,0.0,0.0
0,8,0.0,0.0,0.0
0,8,0.0,0.0,0.0
0,8,0.0,0.0,0.0
0,8,0.0,0.0,0.0
0,8,0.0,0.0,0.0
0,8,0.0,0.0,0.0
0,8,0.0,0.0,0.0
0,8,0.0,0.0,0.0
0,8,0.0,0.0,0.0
0,8,0.0,0.0,0.0
0,8,0.0,0.0,0.0
0,8,0.0,0.0,0.0
0,8,0.0,0.0,0.0
0,8,0.0,0.0,0.0
0,8,0.0,0.0,0.0
0,8,0.0,0.0,0.0
0,8,0.0,0.0,0.0
0,8,0.0,0.0,0.0
0,8,0.0,0.0,0.0
0,8,0.0,0.0,0.0
0,8,0.0,0.0,0.0
0,8,0.0,0.0,0.0
0,8,0.0,0.0,0.0
0,8,0.0,0.0,0.0
0,8,0.0,0.0,0.0
0,8,0.0,0.0,0.0
0,8,0.0,0.0,0.0
0,8,0.0,0.0,0.0
0,8,0.0,0.0,0.0
0,8,0.0,0.0,0.0
0,8,0.0,0.0,0.0
0,8,0.0,0.0,0.0
0,8,0.0,0.0,0.0
0,8,0.0,0.0,0.0
0,8,0.0,0.0,0.0
0,8,0.0,0.0,0.0
0,8,0.0,0.0,0.0
0,8,0.0,0.0,0.0
0,8,0.0,0.0,0.0
0,8,0.0,0.0,0.0
0,8,0.0,0.0,0.0
0,8,0.0,0.0,0.0
0,8,0.0,0.0,0.0
0,8,0.0,0.0,0.0
0,8,0.0,0.0,0.0
0,8,0.0,0.0,0.0
0,8,0.0,0.0,0.0
0,8,0.0,0.0,0.0
0,8,0.0,0.0,0.0
0,8,0.0,0.0,0.0
0,8,0.0,0.0,0.0
0,8,0.0,0.0,0.0
0,8,0.0,0.0,0.0
0,8,0.0,0.0,0.0
0,8,0.0,0.0,0.0
0,8,0.0,0.0,0.0
0,8,0.0,0.0,0.0
0,8,0.0,0.0,0.0
0,8,0.0,0.0,0.0
0,8,0.0,0.0,0.0
0,8,0.0,0.0,0.0
0,8,0.0,0.0,0.0
0,8,0.0,0.0,0.0
0,8,0.0,0.0,0.0
0,8,0.0,0.0,0.0
0,8,0.0,0.0,0.0
0,8,0.0,0.0,0.0
0,8,0.0,0.0,0.0
0,8,0.0,0.0,0.0
0,8,0.0,0.0,0.0
0,8,0.0,0.0,0.0
0,8,0.0,0.0,0.0
0,8,0.0,0.0,0.0
0,8,0.0,0.0,0.0
0,8,0.0,0.0,0.0
0,8,0.0,0.0,0.0
0,8,0.0,0.0,0.0
0,8,0.0,0.0,0.0
0,8,0.0,0.0,0.0
0,8,0.0,0.0,0.0
0,8,0.0,0.0,0.0
0,8,0.0,0.0,0.0
0,8,0.0,0.0,0.0
0,8,0.0,0.0,0.0
0,8,0.0,0.0,0.0
0,8,0.0,0.0,0.0
0,8,0.0,0.0,0.0
0,8,0.0,0.0,0.0
0,8,0.0,0.0,0.0
0,8,0.0,0.0,0.0
0,8,0.0,0.0,0.0
0,8,0.0,0.0,0.0
0,8,0.0,0.0,0.0
0,8,0.0,0.0,0.0
0,8,0.0,0.0,0.0
0,8,0.0,0.0,0.0
0,8,0.0,0.0,0.0
0,8,0.0,0.0,0.0
0,8,0.0,0.0,0.0
0,8,0.0,0.0,0.0
0,8,0.0,0.0,0.0
0,8,0.0,0.0,0.0
0,8,0.0,0.0,0.0
0,8,0.0,0.0,0.0
0,8,0.0,0.0,0.0
0,8,0.0,0.0,0.0
0,8,0.0,0.0,0.0
0,8,0.0,0.0,0.0
0,8,0.0,0.0,0.0
0,8,0.0,0.0,0.0
0,8,0.0,0.0,0.0
0,8,0.0,0.0,0.0
0,8,0.0,0.0,0.0
0,8,0.0,0.0,0.0
0,8,0.0,0.0,0.0
0,8,0.0,0.0,0.0
0,8,0.0,0.0,0.0
0,8,0.0,0.0,0.0
0,8,0.0,0.0,0.0
0,8,0.0,0.0,0.0
0,8,0.0,0.0,0.0
0,8,0.0,0.0,0.0
0,8,0.0,0.0,0.0
0,8,0.0,0.0,0.0
0,8,0.0,0.0,0.0
0,8,0.0,0.0,0.0
0,8,0.0,0.0,0.0
0,8,0.0,0.0,0.0
0,8,0.0,0.0,0.0
0,8,0.0,0.0,0.0
0,8,0.0,0.0,0.0
0,8,0.0,0.0,0.0
0,8,0.0,0.0,0.0
0,8,0.0,0.0,0.0
0,8,0.0,0.0,0.0
0,8,0.0,0.0,0.0
0,8,0.0,0.0,0.0
0,8,0.0,0.0,0.0
0,8,0.0,0.0,0.0
0,8,0.0,0.0,0.0
0,8,0.0,0.0,0.0
0,8,0.0,0.0,0.0
0,8,0.0,0.0,0.0
0,8,0.0,0.0,0.0
0,8,0.0,0.0,0.0
0,8,0.0,0.0,0.0
0,8,0.0,0.0,0.0
0,8,0.0,0.0,0.0
0,8,0.0,0.0,0.0
0,8,0.0,0.0,0.0
0,8,0.0,0.0,0.0
0,8,0.0,0.0,0.0
0,8,0.0,0.0,0.0
0,8,0.0,0.0,0.0
0,8,0.0,0.0,0.0
0,8,0.0,0.0,0.0
0,8,0.0,0.0,0.0
0,8,0.0,0.0,0.0
0,8,0.0,0.0,0.0
0,8,0.0,0.0,0.0
0,8,0.0,0.0,0.0
0,8,0.0,0.0,0.0
0,8,0.0,0.0,0.0
0,8,0.0,0.0,0.0
0,8,0.0,0.0,0.0
0,8,0.0,0.0,0.0
0,8,0.0,0.0,0.0
0,8,0.0,0.0,0.0
0,8,0.0,0.0,0.0
0,8,0.0,0.0,0.0
0,8,0.0,0.0,0.0
0,8,0.0,0.0,0.0
0,8,0.0,0.0,0.0
0,8,0.0,0.0,0.0
0,8,0.0,0.0,0.0
0,8,0.0,0.0,0.0
0,8,0.0,0.0,0.0
0,8,0.0,0.0,0.0
0,8,0.0,0.0,0.0
0,8,0.0,0.0,0.0
0,8,0.0,0.0,0.0
0,8,0.0,0.0,0.0
0,8,0.0,0.0,0.0
0,8,0.0,0.0,0.0
0,8,0.0,0.0,0.0
0,8,0.0,0.0,0.0
0,8,0.0,0.0,0.0
0,8,0.0,0.0,0.0
0,8,0.0,0.0,0.0
0,8,0.0,0.0,0.0
0,8,0.0,0.0,0.0
0,8,0.0,0.0,0.0
0,8,0.0,0.0,0.0
0,8,0.0,0.0,0.0
0,8,0.0,0.0,0.0
0,8,0.0,0.0,0.0
0,8,0.0,0.0,0.0
0,8,0.0,0.0,0.0
0,8,0.0,0.0,0.0
0,8,0.0,0.0,0.0
0,8,0.0,0.0,0.0
0,8,0.0,0.0,0.0
0,8,0.0,0.0,0.0
0,8,0.0,0.0,0.0
0,8,0.0,0.0,0.0
0,8,0.0,0.0,0.0
0,8,0.0,0.0,0.0
0,8,0.0,0.0,0.0
0,8,0.0,0.0,0.0
0,8,0.0,0.0,0.0
0,8,0.0,0.0,0.0
0,8,0.0,0.0,0.0
0,8,0.0,0.0,0.0
0,8,0.0,0.0,0.0
0,8,0.0,0.0,0.0
0,8,0.0,0.0,0.0
0,8,0.0,0.0,0.0
0,8,0.0,0.0,0.0
0,8,0.0,0.0,0.0
0,8,0.0,0.0,0.0
0,8,0.0,0.0,0.0
0,8,0.0,0.0,0.0
0,8,0.0,0.0,0.0
0,8,0.0,0.0,0.0
0,8,0.0,0.0,0.0
0,8,0.0,0.0,0.0
0,8,0.0,0.0,0.0
0,8,0.0,0.0,0.0
0,8,0.0,0.0,0.0
0,8,0.0,0.0,0.0
0,8,0.0,0.0,0.0
0,8,0.0,0.0,0.0
0,8,0.0,0.0,0.0
0,8,0.0,0.0,0.0
0,8,0.0,0.0,0.0
0,8,0.0,0.0,0.0
0,8,0.0,0.0,0.0
0,8,0.0,0.0,0.0
0,8,0.0,0.0,0.0
0,8,0.0,0.0,0.0
0,8,0.0,0.0,0.0
0,8,0.0,0.0,0.0
0,8,0.0,0.0,0.0
0,8,0.0,0.0,0.0
0,8,0.0,0.0,0.0
0,8,0.0,0.0,0.0
0,8,0.0,0.0,0.0
0,8,0.0,0.0,0.0
0,8,0.0,0.0,0.0
0,8,0.0,0.0,0.0
0,8,0.0,0.0,0.0
0,8,0.0,0.0,0.0
0,8,0.0,0.0,0.0
0,8,0.0,0.0,0.0
0,8,0.0,0.0,0.0
0,8,0.0,0.0,0.0
0,8,0.0,0.0,0.0
0,8,0.0,0.0,0.0
0,8,0.0,0.0,0.0
0,8,0.0,0.0,0.0
0,8,0.0,0.0,0.0
0,8,0.0,0.0,0.0
0,8,0.0,0.0,0.0
0,8,0.0,0.0,0.0
0,8,0.0,0.0,0.0
0,8,0.0,0.0,0.0
0,8,0.0,0.0,0.0
0,8,0.0,0.0,0.0
0,8,0.0,0.0,0.0
0,8,0.0,0.0,0.0
0,8,0.0,0.0,0.0
0,8,0.0,0.0,0.0
0,8,0.0,0.0,0.0
0,8,0.0,0.0,0.0
0,8,0.0,0.0,0.0
0,8,0.0,0.0,0.0
0,8,0.0,0.0,0.0
0,8,0.0,0.0,0.0
0,8,0.0,0.0,0.0
0,8,0.0,0.0,0.0
0,8,0.0,0.0,0.0
0,8,0.0,0.0,0.0
0,8,0.0,0.0,0.0
0,8,0.0,0.0,0.0
0,8,0.0,0.0,0.0
0,8,0.0,0.0,0.0
0,8,0.0,0.0,0.0
0,8,0.0,0.0,0.0
0,8,0.0,0.0,0.0
0,8,0.0,0.0,0.0
0,8,0.0,0.0,0.0
0,8,0.0,0.0,0.0
0,8,0.0,0.0,0.0
0,8,0.0,0.0,0.0
0,8,0.0,0.0,0.0
0,8,0.0,0.0,0.0
0,8,0.0,0.0,0.0
0,8,0.0,0.0,0.0
0,8,0.0,0.0,0.0
0,8,0.0,0.0,0.0
0,8,0.0,0.0,0.0
0,8,0.0,0.0,0.0
0,8,0.0,0.0,0.0
0,8,0.0,0.0,0.0
0,8,0.0,0.0,0.0
0,8,0.0,0.0,0.0
0,8,0.0,0.0,0.0
0,8,0.0,0.0,0.0
0,8,0.0,0.0,0.0
0,8,0.0,0.0,0.0
0,8,0.0,0.0,0.0
0,8,0.0,0.0,0.0
0,8,0.0,0.0,0.0
0,8,0.0,0.0,0.0
0,8,0.0,0.0,0.0
0,8,0.0,0.0,0.0
0,8,0.0,0.0,0.0
0,8,0.0,0.0,0.0
0,8,0.0,0.0,0.0
0,8,0.0,0.0,0.0
1,7,0.0,0.0,0.0
1,7,0.0,0.0,0.0
1,7,0.0,0.0,0.0
1,7,0.0,0.0,0.0
1,7,0.0,0.0,0.0
1,7,0.0,0.0,0.0
1,7,0.0,0.0,0.0
1,7,0.0,0.0,0.0
1,7,0.0,0.0,0.0
1,7,0.0,0.0,0.0
1,7,0.0,0.0,0.0
1,7,0.0,0.0,0.0
1,7,0.0,0.0,0.0
1,7,0.0,0.0,0.0
1,7,0.0,0.0,0.0
1,7,0.0,0.0,0.0
1,7,0.0,0.0,0.0
1,7,0.0,0.0,0.0
1,7,0.0,0.0,0.0
1,7,0.0,0.0,0.0
1,7,0.0,0.0,0.0
1,7,0.0,0.0,0.0
1,7,0.0,0.0,0.0
1,7,0.0,0.0,0.0
1,7,0.0,0.0,0.0
1,7,0.0,0.0,0.0
1,7,0.0,0.0,0.0
1,7,0.0,0.0,0.0
1,7,0.0,0.0,0.0
1,7,0.0,0.0,0.0
1,7,0.0,0.0,0.0
1,7,0.0,0.0,0.0
1,7,0.0,0.0,0.0
1,7,0.0,0.0,0.0
1,7,0.0,0.0,0.0
1,7,0.0,0.0,0.0
1,7,0.0,0.0,0.0
1,7,0.0,0.0,0.0
1,7,0.0,0.0,0.0
1,7,0.0,0.0,0.0
1,7,0.0,0.0,0.0
1,7,0.0,0.0,0.0
1,7,0.0,0.0,0.0
1,7,0.0,0.0,0.0
1,7,0.0,0.0,0.0
1,7,0.0,0.0,0.0
1,7,0.0,0.0,0.0
1,7,0.0,0.0,0.0
1,7,0.0,0.0,0.0
1,7,0.0,0.0,0.0
1,7,0.0,0.0,0.0
1,7,0.0,0.0,0.0
1,7,0.0,0.0,0.0
1,7,0.0,0.0,0.0
1,7,0.0,0.0,0.0
1,7,0.0,0.0,0.0
1,7,0.0,0.0,0.0
1,7,0.0,0.0,0.0
1,7,0.0,0.0,0.0
1,7,0.0,0.0,0.0
1,7,0.0,0.0,0.0
1,7,0.0,0.0,0.0
1,7,0.0,0.0,0.0
1,7,0.0,0.0,0.0
1,7,0.0,0.0,0.0
1,7,0.0,0.0,0.0
1,7,0.0,0.0,0.0
1,7,0.0,0.0,0.0
1,7,0.0,0.0,0.0
1,7,0.0,0.0,0.0
1,7,0.0,0.0,0.0
1,7,0.0,0.0,0.0
1,7,0.0,0.0,0.0
1,7,0.0,0.0,0.0
1,7,0.0,0.0,0.0
1,7,0.0,0.0,0.0
1,7,0.0,0.0,0.0
1,7,0.0,0.0,0.0
1,7,0.0,0.0,0.0
1,7,0.0,0.0,0.0
1,7,0.0,0.0,0.0
1,7,0.0,0.0,0.0
1,7,0.0,0.0,0.0
1,7,0.0,0.0,0.0
1,7,0.0,0.0,0.0
1,7,0.0,0.0,0.0
1,7,0.0,0.0,0.0
1,7,0.0,0.0,0.0
1,7,0.0,0.0,0.0
1,7,0.0,0.0,0.0
1,7,0.0,0.0,0.0
1,7,0.0,0.0,0.0
1,7,0.0,0.0,0.0
1,7,0.0,0.0,0.0
1,7,0.0,0.0,0.0
1,7,0.0,0.0,0.0
1,7,0.0,0.0,0.0
1,7,0.0,0.0,0.0
1,7,0.0,0.0,0.0
1,7,0.0,0.0,0.0
1,7,0.0,0.0,0.0
1,7,0.0,0.0,0.0
1,7,0.0,0.0,0.0
1,7,0.0,0.0,0.0
1,7,0.0,0.0,0.0
1,7,0.0,0.0,0.0
1,7,0.0,0.0,0.0
1,7,0.0,0.0,0.0
1,7,0.0,0.0,0.0
1,7,0.0,0.0,0.0
1,7,0.0,0.0,0.0
1,7,0.0,0.0,0.0
1,7,0.0,0.0,0.0
1,7,0.0,0.0,0.0
1,7,0.0,0.0,0.0
1,7,0.0,0.0,0.0
1,7,0.0,0.0,0.0
1,7,0.0,0.0,0.0
1,7,0.0,0.0,0.0
1,7,0.0,0.0,0.0
1,7,0.0,0.0,0.0
1,7,0.0,0.0,0.0
1,7,0.0,0.0,0.0
1,7,0.0,0.0,0.0
1,7,0.0,0.0,0.0
1,7,0.0,0.0,0.0
1,7,0.0,0.0,0.0
1,7,0.0,0.0,0.0
1,7,0.0,0.0,0.0
1,7,0.0,0.0,0.0
1,7,0.0,0.0,0.0
1,7,0.0,0.0,0.0
1,7,0.0,0.0,0.0
1,7,0.0,0.0,0.0
1,7,0.0,0.0,0.0
1,7,0.0,0.0,0.0
1,7,0.0,0.0,0.0
1,7,0.0,0.0,0.0
1,7,0.0,0.0,0.0
1,7,0.0,0.0,0.0
1,7,0.0,0.0,0.0
1,7,0.0,0.0,0.0
1,7,0.0,0.0,0.0
1,7,0.0,0.0,0.0
1,7,0.0,0.0,0.0
1,7,0.0,0.0,0.0
1,7,0.0,0.0,60.720000000000006
1,7,0.0,0.0,0.0
1,7,0.0,0.0,0.0
1,7,0.0,0.0,0.0
1,7,0.0,0.0,0.0
1,7,0.0,0.0,0.0
1,7,0.0,0.0,0.0
1,7,0.0,0.0,0.0
1,7,0.0,0.0,0.0
1,7,0.0,0.0,0.0
1,7,0.0,0.0,0.0
1,7,0.0,0.0,0.0
1,7,0.0,0.0,0.0
1,7,0.0,0.0,0.0
1,7,0.0,0.0,0.0
1,7,0.0,0.0,0.0
1,7,0.0,0.0,0.0
1,7,0.0,0.0,0.0
1,7,0.0,0.0,0.0
1,7,0.0,0.0,0.0
1,7,0.0,0.0,0.0
1,7,0.0,0.0,0.0
1,7,0.0,0.0,0.0
1,7,0.0,0.0,0.0
1,7,0.0,0.0,0.0
1,7,0.0,0.0,0.0
1,7,0.0,0.0,0.0
1,7,0.0,0.0,0.0
1,7,0.0,0.0,0.0
1,7,0.0,0.0,0.0
1,7,0.0,0.0,0.0
1,7,0.0,0.0,0.0
1,7,0.0,0.0,0.0
1,7,0.0,0.0,0.0
1,7,0.0,0.0,0.0
1,7,0.0,0.0,0.0
1,7,0.0,0.0,0.0
1,7,0.0,0.0,0.0
1,7,0.0,0.0,0.0
1,7,0.0,0.0,0.0
1,7,0.0,0.0,0.0
1,7,0.0,0.0,0.0
1,7,0.0,0.0,0.0
1,7,0.0,0.0,0.0
1,7,0.0,0.0,0.0
1,7,0.0,0.0,0.0
1,7,0.0,0.0,0.0
1,7,0.0,0.0,0.0
1,7,0.0,0.0,0.0
1,7,0.0,0.0,0.0
1,7,0.0,0.0,0.0
1,7,0.0,0.0,0.0
1,7,0.0,0.0,0.0
1,7,0.0,0.0,0.0
1,7,0.0,0.0,0.0
1,7,0.0,0.0,0.0
1,7,0.0,0.0,0.0
1,7,0.0,0.0,0.0
1,7,0.0,0.0,0.0
1,7,0.0,0.0,5.28
1,7,0.0,0.0,0.0
1,7,0.0,0.0,0.0
1,7,0.0,0.0,0.0
1,7,0.0,0.0,0.0
1,7,0.0,0.0,0.0
1,7,0.0,0.0,0.0
1,7,0.0,0.0,0.0
1,7,0.0,0.0,0.0
1,7,0.0,0.0,0.0
1,7,0.0,0.0,0.0
1,7,0.0,0.0,0.0
1,7,0.0,0.0,0.0
1,7,0.0,0.0,0.0
1,7,0.0,0.0,0.0
1,7,0.0,0.0,0.0
1,7,0.0,0.0,0.0
1,7,0.0,0.0,0.0
1,7,0.0,0.0,0.0
1,7,0.0,0.0,0.0
1,7,0.0,0.0,0.0
1,7,0.0,0.0,0.0
1,7,0.0,0.0,0.0
1,7,0.0,0.0,0.0
1,7,0.0,0.0,0.0
1,7,0.0,0.0,0.0
1,7,0.0,0.0,0.0
1,7,0.0,0.0,0.0
1,7,0.0,0.0,0.0
1,7,0.0,0.0,0.0
1,7,0.0,0.0,0.0
1,7,0.0,0.0,0.0
1,7,0.0,0.0,0.0
1,7,0.0,0.0,0.0
1,7,0.0,0.0,0.0
1,7,0.0,0.0,0.0
1,7,0.0,0.0,0.0
1,7,0.0,0.0,0.0
1,7,0.0,0.0,0.0
1,7,0.0,0.0,0.0
1,7,0.0,0.0,0.0
1,7,0.0,0.0,0.0
1,7,0.0,0.0,0.0
1,7,0.0,0.0,0.0
1,7,0.0,0.0,0.0
1,7,0.0,0.0,0.0
1,7,0.0,0.0,0.0
1,7,0.0,0.0,0.0
1,7,0.0,0.0,0.0
1,7,0.0,0.0,0.0
1,7,0.0,0.0,0.0
1,7,0.0,0.0,0.0
1,7,0.0,0.0,0.0
1,7,0.0,0.0,0.0
1,7,0.0,0.0,0.0
1,7,0.0,0.0,0.0
1,7,0.0,0.0,0.0
1,7,0.0,0.0,0.0
1,7,0.0,0.0,0.0
1,7,0.0,0.0,0.0
1,7,0.0,0.0,0.0
1,7,0.0,0.0,0.0
1,7,0.0,0.0,0.0
1,7,0.0,0.0,0.0
1,7,0.0,0.0,0.0
1,7,0.0,0.0,0.0
1,7,0.0,0.0,0.0
1,7,0.0,0.0,0.0
1,7,0.0,0.0,0.0
1,7,0.0,0.0,0.0
1,7,0.0,0.0,0.0
1,7,0.0,0.0,0.0
1,7,0.0,0.0,0.0
1,7,0.0,0.0,0.0
1,7,0.0,0.0,0.0
1,7,0.0,0.0,0.0
1,7,0.0,0.0,0.0
1,7,0.0,0.0,0.0
1,7,0.0,0.0,0.0
1,7,0.0,0.0,0.0
1,7,0.0,0.0,0.0
1,7,0.0,0.0,0.0
1,7,0.0,0.0,0.0
1,7,0.0,0.0,0.0
1,7,0.0,0.0,0.0
1,7,0.0,0.0,0.0
1,7,0.0,0.0,0.0
1,7,0.0,0.0,0.0
1,7,0.0,0.0,0.0
1,7,0.0,0.0,0.0
1,7,0.0,0.0,0.0
1,7,0.0,0.0,0.0
1,7,0.0,0.0,0.0
1,7,0.0,0.0,0.0
1,7,0.0,0.0,0.0
1,7,0.0,0.0,0.0
1,7,0.0,0.0,0.0
1,7,0.0,0.0,0.0
1,7,0.0,0.0,0.0
1,7,0.0,0.0,0.0
1,7,0.0,0.0,0.0
1,7,0.0,0.0,0.0
1,7,0.0,0.0,0.0
1,7,0.0,0.0,0.0
1,7,0.0,0.0,0.0
1,7,0.0,0.0,0.0
1,7,0.0,0.0,0.0
1,7,0.0,0.0,0.0
1,7,0.0,0.0,0.0
1,7,0.0,0.0,0.0
1,7,0.0,0.0,0.0
1,7,0.0,0.0,0.0
1,7,0.0,0.0,0.0
1,7,0.0,0.0,0.0
1,7,0.0,0.0,0.0
1,7,0.0,0.0,0.0
1,7,0.0,0.0,0.0
1,7,0.0,0.0,0.0
1,7,0.0,0.0,0.0
1,7,0.0,0.0,0.0
1,7,0.0,0.0,0.0
1,7,0.0,0.0,0.0
1,7,0.0,0.0,0.0
1,7,0.0,0.0,0.0
1,7,0.0,0.0,0.0
1,7,0.0,0.0,0.0
1,7,0.0,0.0,0.0
1,7,0.0,0.0,0.0
1,7,0.0,0.0,0.0
1,7,0.0,0.0,0.0
1,7,0.0,0.0,0.0
1,7,0.0,0.0,0.0
1,7,0.0,0.0,0.0
1,7,0.0,0.0,0.0
1,7,0.0,0.0,0.0
1,7,0.0,0.0,0.0
1,7,0.0,0.0,0.0
1,7,0.0,0.0,0.0
1,7,0.0,0.0,0.0
1,7,0.0,0.0,0.0
1,7,0.0,0.0,0.0
1,7,0.0,0.0,0.0
1,7,0.0,0.0,0.0
1,7,0.0,0.0,0.0
1,7,0.0,0.0,0.0
1,7,0.0,2.3760536789669686,69.95999999999998
1,7,0.0,0.0,0.0
1,7,0.0,0.0,0.0
1,7,0.0,0.0,0.0
1,7,0.0,0.0,0.0
1,7,0.0,0.0,0.0
1,7,0.0,0.0,69.95999999999998
1,7,0.0,0.0,0.0
1,7,0.0,0.0,0.0
1,7,0.0,0.0,0.0
1,7,0.0,0.0,0.0
1,7,0.0,0.0,0.0
1,7,0.0,0.0,0.0
1,7,0.0,0.0,0.0
1,7,0.0,0.0,0.0
1,7,0.0,0.0,0.0
1,7,0.0,0.0,0.0
1,7,0.0,0.0,0.0
1,7,0.0,0.0,0.0
1,7,0.0,0.0,0.0
1,7,0.0,0.0,0.0
1,7,0.0,0.0,0.0
1,7,0.0,0.0,0.0
1,7,0.0,0.0,0.0
1,7,0.0,0.0,0.0
1,7,0.0,0.0,0.0
1,7,0.0,0.0,0.0
1,7,0.0,0.0,0.0
1,7,0.0,0.0,0.0
1,7,0.0,0.0,0.0
1,7,0.0,0.0,0.0
1,7,0.0,0.0,0.0
1,7,0.0,0.0,0.0
1,7,0.0,0.0,0.0
1,7,0.0,0.0,0.0
1,7,0.0,0.0,0.0
1,7,0.0,0.0,0.0
1,7,0.0,0.0,0.0
1,7,0.0,0.0,0.0
1,7,0.0,0.0,0.0
1,7,0.0,0.0,0.0
1,7,0.0,0.0,0.0
1,7,0.0,0.0,0.0
1,7,0.0,0.0,0.0
1,7,0.0,0.0,0.0
1,7,0.0,0.0,0.0
1,7,0.0,0.0,0.0
1,7,0.0,0.0,0.0
1,7,0.0,0.0,0.0
1,7,0.0,0.0,0.0
1,7,0.0,0.0,0.0
1,7,0.0,0.0,0.0
1,7,0.0,0.0,0.0
1,7,0.0,0.0,0.0
1,7,0.0,0.0,0.0
1,7,0.0,0.0,0.0
1,7,0.0,0.0,0.0
1,7,0.0,0.0,0.0
1,7,0.0,0.0,0.0
1,7,0.0,0.0,0.0
1,7,0.0,0.0,0.0
1,7,0.0,0.0,0.0
1,7,0.0,0.0,0.0
1,7,0.0,0.0,0.0
1,7,0.0,0.0,0.0
1,7,0.0,0.0,0.0
1,7,0.0,0.0,0.0
1,7,0.0,0.0,0.0
1,7,0.0,0.0,0.0
1,7,0.0,0.0,0.0
1,7,0.0,0.0,0.0
1,7,0.0,0.0,0.0
1,7,0.0,0.0,0.0
1,7,0.0,0.0,0.0
1,7,0.0,0.0,0.0
1,7,0.0,0.0,0.0
1,7,0.0,0.0,0.0
1,7,0.0,0.0,0.0
1,7,0.0,0.0,0.0
1,7,0.0,0.0,0.0
1,7,0.0,0.0,0.0
1,7,0.0,0.0,0.0
1,7,0.0,0.0,0.0
1,7,0.0,0.0,0.0
1,7,0.0,0.0,0.0
1,7,0.0,0.0,0.0
1,7,0.0,0.0,0.0
1,7,0.0,0.0,0.0
1,7,0.0,0.0,0.0
1,7,0.0,0.0,0.0
1,7,0.0,0.0,0.0
1,7,0.0,0.0,0.0
1,7,0.0,0.0,0.0
1,7,0.0,0.0,0.0
1,7,0.0,0.0,0.0
1,7,0.0,0.0,0.0
1,7,0.0,0.0,0.0
1,7,0.0,0.0,0.0
1,7,0.0,0.0,0.0
1,7,0.0,0.0,0.0
1,7,0.0,0.0,0.0
1,7,0.0,0.0,0.0
1,7,0.0,0.0,0.0
1,7,0.0,0.0,0.0
1,7,0.0,0.0,0.0
1,7,0.0,0.0,0.0
1,7,0.0,0.0,11.88
1,7,0.0,0.0,0.0
1,7,0.0,0.0,0.0
1,7,0.0,0.0,0.0
1,7,0.0,0.0,0.0
1,7,0.0,0.0,0.0
1,7,0.0,0.0,0.0
1,7,0.0,0.0,0.0
1,7,0.0,0.0,0.0
1,7,0.0,0.0,0.0
1,7,0.0,0.0,0.0
1,7,0.0,0.0,0.0
1,7,0.0,0.0,0.0
1,7,0.0,0.0,0.0
1,7,0.0,0.0,0.0
1,7,0.0,0.0,0.0
1,7,0.0,0.0,0.0
1,7,0.0,0.0,0.0
1,7,0.0,0.0,0.0
1,7,0.0,0.0,0.0
1,7,0.0,0.0,0.0
1,7,0.0,0.0,0.0
1,7,0.0,0.0,0.0
1,7,0.0,0.0,0.0
1,7,0.0,0.0,0.0
1,7,0.0,0.0,0.0
1,7,0.0,0.0,0.0
1,7,0.0,0.0,0.0
1,7,0.0,0.0,0.0
1,7,0.0,0.0,0.0
1,7,0.0,0.0,0.0
1,7,0.0,0.0,0.0
1,7,0.0,0.0,0.0
1,7,0.0,0.0,0.0
1,7,0.0,0.0,0.0
1,7,0.0,0.0,0.0
1,7,0.0,0.0,0.0
1,7,0.0,0.0,0.0
1,7,0.0,0.0,0.0
1,7,0.0,0.0,0.0
1,7,0.0,0.0,0.0
1,7,0.0,0.0,0.0
1,7,0.0,0.0,0.0
1,7,0.0,0.0,0.0
1,7,0.0,0.0,0.0
1,7,0.0,0.0,0.0
1,7,0.0,0.0,0.0
1,7,0.0,0.0,0.0
1,7,0.0,0.0,0.0
1,7,0.0,0.0,0.0
1,7,0.0,0.0,0.0
1,7,0.0,0.0,0.0
1,7,0.0,0.0,0.0
1,7,0.0,0.0,0.0
1,7,0.0,0.0,0.0
1,7,0.0,0.0,0.0
1,7,0.0,0.0,0.0
1,7,0.0,0.0,0.0
1,7,0.0,0.0,0.0
1,7,0.0,0.0,0.0
1,7,0.0,0.0,0.0
1,7,0.0,0.0,0.0
1,7,0.0,0.0,0.0
1,7,0.0,0.0,0.0
1,7,0.0,0.0,0.0
1,7,0.0,0.0,0.0
1,7,0.0,0.0,0.0
1,7,0.0,0.0,0.0
1,7,0.0,0.0,0.0
1,7,0.0,0.0,0.0
1,7,0.0,0.0,0.0
1,7,0.0,0.0,0.0
1,7,0.0,0.0,0.0
1,7,0.0,0.0,0.0
1,7,0.0,0.0,0.0
1,7,0.0,0.0,0.0
1,7,0.0,0.0,0.0
1,7,0.0,0.0,0.0
1,7,0.0,0.0,0.0
1,7,0.0,0.0,0.0
1,7,0.0,0.0,0.0
1,7,0.0,0.0,0.0
1,7,0.0,0.0,0.0
1,7,0.0,0.0,0.0
1,7,0.0,0.0,0.0
1,7,0.0,0.0,0.0
1,7,0.0,0.0,0.0
1,7,0.0,0.0,0.0
1,7,0.0,0.0,0.0
1,7,0.0,0.0,0.0
1,7,0.0,0.0,0.0
1,7,0.0,0.0,0.0
1,7,0.0,0.0,0.0
1,7,0.0,0.0,0.0
1,7,0.0,0.0,0.0
1,7,0.0,0.0,0.0
1,7,0.0,0.0,0.0
1,7,0.0,0.0,0.0
1,7,0.0,0.0,0.0
1,7,0.0,0.0,0.0
1,7,0.0,0.0,0.0
1,7,0.0,0.0,0.0
1,7,0.0,0.0,0.0
1,7,0.0,0.0,0.0
1,7,0.0,0.0,0.0
1,7,0.0,0.0,0.0
1,7,0.0,0.0,0.0
1,7,0.0,0.0,0.0
1,7,0.0,0.0,0.0
1,7,0.0,0.0,0.0
1,7,0.0,0.0,0.0
1,7,0.0,0.0,0.0
1,7,0.0,0.0,0.0
1,7,0.0,0.0,0.0
1,7,0.0,0.0,0.0
1,7,0.0,0.0,0.0
1,7,0.0,0.0,0.0
1,7,0.0,0.0,0.0
1,7,0.0,0.0,0.0
1,7,0.0,0.0,0.0
1,7,0.0,0.0,0.0
1,7,0.0,0.0,0.0
1,7,0.0,0.0,0.0
1,7,0.0,0.0,0.0
1,7,0.0,0.0,0.0
1,7,0.0,0.0,0.0
1,7,0.0,0.0,0.0
1,7,0.0,0.0,0.0
1,7,0.0,0.0,0.0
1,7,0.0,0.0,0.0
1,7,0.0,0.0,0.0
1,7,0.0,0.0,0.0
1,7,0.0,0.0,0.0
1,7,0.0,0.0,0.0
1,7,0.0,0.0,0.0
1,7,0.0,0.0,0.0
1,7,0.0,0.0,0.0
1,7,0.0,0.0,0.0
1,7,0.0,0.0,0.0
1,7,0.0,0.0,0.0
1,7,0.0,0.0,0.0
1,7,0.0,0.0,0.0
1,7,0.0,0.0,0.0
1,7,0.0,0.0,0.0
1,7,0.0,0.0,0.0
1,7,0.0,0.0,0.0
1,7,0.0,0.0,0.0
1,7,0.0,0.0,0.0
1,7,0.0,0.0,0.0
1,7,0.0,0.0,0.0
1,7,0.0,0.0,0.0
1,7,0.0,0.0,0.0
1,7,0.0,0.0,0.0
1,7,0.0,0.0,0.0
1,7,0.0,0.0,0.0
1,7,0.0,0.0,0.0
1,7,0.0,0.0,0.0
1,7,0.0,0.0,0.0
1,7,0.0,0.0,0.0
1,7,0.0,0.0,0.0
1,7,0.0,0.0,0.0
1,7,0.0,0.0,0.0
1,7,0.0,0.0,0.0
1,7,0.0,0.0,0.0
1,7,0.0,0.0,0.0
1,7,0.0,0.0,0.0
1,7,0.0,0.0,0.0
1,7,0.0,0.0,0.0
1,7,0.0,0.0,0.0
1,7,0.0,0.0,0.0
1,7,0.0,0.0,0.0
1,7,0.0,0.0,0.0
1,7,0.0,0.0,0.0
1,7,0.0,0.0,0.0
1,7,0.0,0.0,0.0
1,7,0.0,0.0,0.0
1,7,0.0,0.0,0.0
1,7,0.0,0.0,0.0
1,7,0.0,0.0,0.0
1,7,0.0,0.0,0.0
1,7,0.0,0.0,0.0
1,7,0.0,0.0,0.0
1,7,0.0,0.0,0.0
1,7,0.0,0.0,0.0
1,7,0.0,0.0,0.0
1,7,0.0,0.0,0.0
1,7,0.0,0.0,0.0
1,7,0.0,0.0,0.0
1,7,0.0,0.0,0.0
1,7,0.0,0.0,0.0
1,7,0.0,0.0,0.0
1,7,0.0,0.0,0.0
1,7,0.0,0.0,0.0
1,7,0.0,0.0,0.0
1,7,0.0,0.0,0.0
1,7,0.0,0.0,0.0
1,7,0.0,0.0,0.0
1,7,0.0,0.0,0.0
1,7,0.0,0.0,0.0
1,7,0.0,0.0,0.0
1,7,0.0,0.0,0.0
1,7,0.0,0.0,0.0
1,7,0.0,0.0,0.0
1,7,0.0,0.0,0.0
1,7,0.0,0.0,0.0
1,7,0.0,0.0,0.0
1,7,0.0,0.0,0.0
1,7,0.0,0.0,0.0
1,7,0.0,0.0,0.0
1,7,0.0,0.0,0.0
1,7,0.0,0.0,0.0
1,7,0.0,0.0,0.0
1,7,0.0,0.0,0.0
1,7,0.0,0.0,0.0
1,7,0.0,0.0,0.0
1,7,0.0,0.0,0.0
1,7,0.0,0.0,0.0
1,7,0.0,0.0,0.0
1,7,0.0,0.0,0.0
1,7,0.0,0.0,0.0
1,7,0.0,0.0,0.0
1,7,0.0,0.0,0.0
1,7,0.0,0.0,0.0
1,7,0.0,0.0,0.0
1,7,0.0,0.0,0.0
1,7,0.0,0.0,0.0
1,7,0.0,0.0,0.0
1,7,0.0,0.0,0.0
1,7,0.0,0.0,0.0
1,7,0.0,0.0,30.360000000000003
1,7,0.0,0.0,0.0
1,7,0.0,0.0,0.0
1,7,0.0,0.0,0.0
1,7,0.0,0.0,0.0
1,7,0.0,0.0,0.0
1,7,0.0,0.0,0.0
1,7,0.0,0.0,0.0
1,7,0.0,0.0,0.0
1,7,0.0,0.0,0.0
1,7,0.0,0.0,0.0
1,7,0.0,0.0,0.0
1,7,0.0,0.0,0.0
1,7,0.0,0.0,0.0
1,7,0.0,0.0,0.0
1,7,0.0,0.0,0.0
1,7,0.0,0.0,0.0
1,7,0.0,0.0,0.0
1,7,0.0,0.0,0.0
1,7,0.0,0.0,0.0
1,7,0.0,0.0,0.0
1,7,0.0,0.0,0.0
1,7,0.0,0.0,0.0
1,7,0.0,0.0,0.0
1,7,0.0,0.0,0.0
1,7,0.0,0.0,0.0
1,7,0.0,0.0,0.0
1,7,0.0,0.0,0.0
1,7,0.0,0.0,0.0
1,7,0.0,0.0,0.0
1,7,0.0,0.0,0.0
1,7,0.0,0.0,0.0
1,7,0.0,0.0,0.0
1,7,0.0,0.0,0.0
1,7,0.0,0.0,0.0
1,7,0.0,0.0,0.0
1,7,0.0,0.0,0.0
1,7,0.0,0.0,0.0
1,7,0.0,0.0,0.0
1,7,0.0,0.0,0.0
1,7,0.0,0.0,0.0
1,7,0.0,0.0,0.0
1,7,0.0,0.0,0.0
1,7,0.0,0.0,0.0
1,7,0.0,0.0,0.0
1,7,0.0,0.0,0.0
1,7,0.0,0.0,0.0
1,7,0.0,0.0,0.0
1,7,0.0,0.0,0.0
1,7,0.0,0.0,0.0
1,7,0.0,0.0,0.0
1,7,0.0,0.0,0.0
1,7,0.0,0.0,0.0
1,7,0.0,0.0,0.0
1,7,0.0,0.0,0.0
1,7,0.0,0.0,0.0
1,7,0.0,0.0,0.0
1,7,0.0,0.0,0.0
1,7,0.0,0.0,0.0
1,7,0.0,0.0,0.0
1,7,0.0,0.0,0.0
1,7,0.0,0.0,0.0
1,7,0.0,0.0,0.0
1,7,0.0,0.0,0.0
1,7,0.0,0.0,0.0
1,7,0.0,0.0,0.0
1,7,0.0,0.0,0.0
1,7,0.0,0.0,0.0
1,7,0.0,0.0,0.0
1,7,0.0,0.0,0.0
1,7,0.0,0.0,0.0
1,7,0.0,0.0,0.0
1,7,0.0,0.0,0.0
1,7,0.0,0.0,0.0
1,7,0.0,0.0,0.0
1,7,0.0,0.0,0.0
1,7,0.0,0.0,0.0
1,7,0.0,0.0,0.0
1,7,0.0,0.0,0.0
1,7,0.0,0.0,0.0
1,7,0.0,0.0,0.0
1,7,0.0,0.0,0.0
1,7,0.0,0.0,0.0
1,7,0.0,0.0,0.0
1,7,0.0,0.0,0.0
1,7,0.0,0.0,0.0
1,7,0.0,0.0,0.0
1,7,0.0,0.0,0.0
1,7,0.0,0.0,0.0
1,7,0.0,0.0,0.0
1,7,0.0,0.0,0.0
1,7,0.0,0.0,0.0
1,7,0.0,0.0,0.0
1,7,0.0,0.0,0.0
1,7,0.0,0.0,0.0
1,7,0.0,0.0,0.0
1,7,0.0,0.0,0.0
1,7,0.0,0.0,0.0
1,7,0.0,0.0,0.0
1,7,0.0,0.0,0.0
1,7,0.0,0.0,0.0
1,7,0.0,0.0,0.0
1,7,0.0,0.0,0.0
1,7,0.0,0.0,0.0
1,7,0.0,0.0,0.0
1,7,0.0,0.0,0.0
1,7,0.0,0.0,0.0
1,7,0.0,0.0,0.0
1,7,0.0,0.0,0.0
1,7,0.0,0.0,0.0
1,7,0.0,0.0,0.0
1,7,0.0,0.0,0.0
1,7,0.0,0.0,0.0
1,7,0.0,0.0,0.0
1,7,0.0,0.0,0.0
1,7,0.0,0.0,0.0
1,7,0.0,0.0,0.0
1,7,0.0,0.0,0.0
1,7,0.0,0.0,0.0
1,7,0.0,0.0,0.0
1,7,0.0,0.0,0.0
1,7,0.0,0.0,0.0
1,7,0.0,0.0,0.0
1,7,0.0,0.0,0.0
1,7,0.0,0.0,0.0
1,7,0.0,0.0,0.0
1,7,0.0,0.0,0.0
1,7,0.0,0.0,0.0
1,7,0.0,0.0,0.0
1,7,0.0,0.0,0.0
1,7,0.0,0.0,0.0
1,7,0.0,0.0,0.0
1,7,0.0,0.0,0.0
1,7,0.0,0.0,0.0
1,7,0.0,0.0,0.0
1,7,0.0,0.0,0.0
1,7,0.0,0.0,0.0
1,7,0.0,0.0,0.0
1,7,0.0,0.0,0.0
1,7,0.0,0.0,0.0
1,7,0.0,0.0,0.0
1,7,0.0,0.0,0.0
1,7,0.0,0.0,0.0
1,7,0.0,0.0,0.0
1,7,0.0,0.0,0.0
1,7,0.0,0.0,0.0
1,7,0.0,0.0,0.0
1,7,0.0,0.0,43.56
1,7,0.0,0.0,0.0
1,7,0.0,0.0,0.0
1,7,0.0,0.0,0.0
1,7,0.0,0.0,0.0
1,7,0.0,0.0,0.0
1,7,0.0,0.0,0.0
1,7,0.0,0.0,0.0
1,7,0.0,0.0,0.0
1,7,0.0,0.0,0.0
1,7,0.0,0.0,0.0
1,7,0.0,0.0,0.0
1,7,0.0,0.0,0.0
1,7,0.0,0.0,0.0
1,7,0.0,0.0,0.0
1,7,0.0,0.0,0.0
1,7,0.0,0.0,0.0
1,7,0.0,0.0,0.0
1,7,0.0,0.0,0.0
1,7,0.0,0.0,0.0
1,7,0.0,0.0,0.0
1,7,0.0,0.0,0.0
1,7,0.0,0.0,0.0
1,7,0.0,0.0,0.0
1,7,0.0,0.0,0.0
1,7,0.0,0.0,0.0
1,7,0.0,0.0,0.0
1,7,0.0,0.0,0.0
1,7,0.0,0.0,0.0
1,7,0.0,0.0,0.0
1,7,0.0,0.0,0.0
1,7,0.0,0.0,0.0
1,7,0.0,0.0,0.0
1,7,0.0,0.0,0.0
1,7,0.0,0.0,0.0
1,7,0.0,0.0,11.88
1,7,0.0,0.0,0.0
1,7,0.0,0.0,0.0
1,7,0.0,0.0,0.0
1,7,0.0,0.0,0.0
1,7,0.0,0.0,0.0
1,7,0.0,0.0,0.0
1,7,0.0,0.0,0.0
1,7,0.0,0.0,0.0
1,7,0.0,0.0,0.0
1,7,0.0,0.0,0.0
1,7,0.0,0.0,0.0
1,7,0.0,0.0,0.0
1,7,0.0,0.0,0.0
1,7,0.0,0.0,0.0
1,7,0.0,0.0,0.0
1,7,0.0,0.0,0.0
1,7,0.0,0.0,0.0
1,7,0.0,0.0,0.0
1,7,0.0,0.0,0.0
1,7,0.0,0.0,0.0
1,7,0.0,0.0,0.0
1,7,0.0,0.0,0.0
1,7,0.0,0.0,0.0
1,7,0.0,0.0,0.0
1,7,0.0,0.0,0.0
1,7,0.0,0.0,0.0
1,7,0.0,0.0,0.0
1,7,0.0,0.0,0.0
1,7,0.0,0.0,0.0
1,7,0.0,0.0,0.0
1,7,0.0,0.0,0.0
1,7,0.0,0.0,0.0
1,7,0.0,0.0,0.0
1,7,0.0,0.0,0.0
1,7,0.0,0.0,0.0
1,7,0.0,0.0,0.0
1,7,0.0,0.0,0.0
1,7,0.0,0.0,0.0
1,7,0.0,0.0,0.0
1,7,0.0,0.0,0.0
1,7,0.0,0.0,0.0
1,7,0.0,0.0,0.0
1,7,0.0,0.0,0.0
1,7,0.0,0.0,0.0
1,7,0.0,0.0,0.0
1,7,0.0,0.0,0.0
1,7,0.0,0.0,0.0
1,7,0.0,0.0,0.0
1,7,0.0,0.0,0.0
1,7,0.0,0.0,0.0
1,7,0.0,0.0,0.0
1,7,0.0,0.0,0.0
1,7,0.0,0.0,0.0
1,7,0.0,0.0,0.0
1,7,0.0,0.0,0.0
1,7,0.0,0.0,0.0
1,7,0.0,0.0,0.0
1,7,0.0,0.0,0.0
1,7,0.0,0.0,0.0
1,7,0.0,0.0,0.0
1,7,0.0,0.0,0.0
1,7,0.0,0.0,0.0
1,7,0.0,0.0,0.0
1,7,0.0,0.0,0.0
1,7,0.0,0.0,0.0
1,7,0.0,0.0,0.0
1,7,0.0,0.0,0.0
1,7,0.0,0.0,0.0
1,7,0.0,0.0,0.0
1,7,0.0,0.0,0.0
1,7,0.0,0.0,0.0
1,7,0.0,0.0,0.0
1,7,0.0,0.0,0.0
1,7,0.0,0.0,0.0
1,7,0.0,0.0,0.0
1,7,0.0,0.0,0.0
1,7,0.0,0.0,0.0
1,7,0.0,0.0,0.0
1,7,0.0,0.0,0.0
1,7,0.0,0.0,0.0
1,7,0.0,0.0,0.0
1,7,0.0,0.0,0.0
1,7,0.0,0.0,0.0
1,7,0.0,0.0,0.0
1,7,0.0,0.0,0.0
1,7,0.0,0.0,0.0
1,7,0.0,0.0,0.0
1,7,0.0,0.0,0.0
1,7,0.0,0.0,0.0
1,7,0.0,0.0,0.0
1,7,0.0,0.0,0.0
1,7,0.0,0.0,0.0
1,7,0.0,0.0,0.0
1,7,0.0,0.0,0.0
1,7,0.0,0.0,0.0
1,7,0.0,0.0,0.0
1,7,0.0,0.0,0.0
1,7,0.0,0.0,0.0
1,7,0.0,0.0,0.0
1,7,0.0,0.0,0.0
1,7,0.0,0.0,0.0
1,7,0.0,0.0,0.0
1,7,0.0,0.0,0.0
1,7,0.0,0.0,0.0
1,7,0.0,0.0,0.0
1,7,0.0,0.0,0.0
1,7,0.0,0.0,0.0
1,7,0.0,0.0,0.0
1,7,0.0,0.0,0.0
1,7,0.0,0.0,0.0
1,7,0.0,0.0,0.0
1,7,0.0,0.0,0.0
1,7,0.0,0.0,0.0
1,7,0.0,0.0,0.0
1,7,0.0,0.0,0.0
1,7,0.0,0.0,0.0
1,7,0.0,0.0,0.0
1,7,0.26138006787539325,0.0,63.36000000000001
1,7,0.0,0.0,0.0
1,7,0.0,0.0,0.0
1,7,0.0,0.0,0.0
1,7,0.0,0.0,0.0
1,7,0.0,0.0,0.0
1,7,0.0,0.0,0.0
1,7,0.0,0.0,0.0
1,7,0.0,0.0,0.0
1,7,0.0,0.0,0.0
1,7,0.0,0.0,0.0
1,7,0.0,0.0,0.0
1,7,0.0,0.0,0.0
1,7,0.0,0.0,0.0
1,7,0.0,0.0,0.0
1,7,0.0,0.0,0.0
1,7,0.0,0.0,0.0
1,7,0.0,0.0,0.0
1,7,0.0,0.0,0.0
1,7,0.0,0.0,0.0
1,7,0.0,0.0,0.0
1,7,0.0,0.0,0.0
1,7,0.0,0.0,0.0
1,7,0.0,0.0,0.0
1,7,0.0,0.0,0.0
1,7,0.0,0.0,0.0
1,7,0.0,0.0,0.0
1,7,0.0,0.0,0.0
1,7,0.0,0.0,0.0
1,7,0.0,0.0,0.0
1,7,0.0,0.0,0.0
1,7,0.0,0.0,0.0
1,7,0.0,0.0,0.0
1,7,0.0,0.0,0.0
1,7,0.0,0.0,0.0
1,7,0.0,0.0,0.0
1,7,0.0,0.0,0.0
1,7,0.0,0.0,0.0
1,7,0.0,0.0,0.0
1,7,0.0,0.0,0.0
1,7,0.0,0.0,0.0
1,7,0.0,0.0,7.920000000000001
1,7,0.0,0.0,0.0
1,7,0.0,0.0,0.0
1,7,0.0,0.0,0.0
1,7,0.0,0.0,0.0
1,7,0.0,0.0,0.0
1,7,0.0,0.0,0.0
1,7,0.0,0.0,0.0
1,7,0.0,0.0,0.0
1,7,0.0,0.0,0.0
1,7,0.0,0.0,0.0
1,7,0.0,0.0,0.0
1,7,0.0,0.0,0.0
1,7,0.0,0.0,0.0
1,7,0.0,0.0,0.0
1,7,0.0,0.0,0.0
1,7,0.0,0.0,0.0
1,7,0.0,0.0,0.0
1,7,0.0,0.0,0.0
1,7,0.0,0.0,0.0
1,7,0.0,0.0,0.0
1,7,0.0,0.0,0.0
1,7,0.0,0.0,0.0
1,7,0.0,0.0,0.0
1,7,0.0,0.0,0.0
1,7,0.0,0.0,0.0
1,7,0.0,0.0,0.0
1,7,0.0,0.0,0.0
1,7,0.0,0.0,0.0
1,7,0.0,0.0,0.0
1,7,0.0,0.0,0.0
1,7,0.0,0.0,0.0
1,7,0.0,0.0,0.0
1,7,0.0,0.0,0.0
1,7,0.0,0.0,0.0
1,7,0.0,0.0,0.0
1,7,0.0,0.0,0.0
1,7,0.0,0.0,0.0
1,7,0.0,0.0,0.0
1,7,0.0,0.0,0.0
1,7,0.0,0.0,0.0
1,7,0.0,0.0,0.0
1,7,0.0,0.0,0.0
1,7,0.0,0.0,0.0
1,7,0.0,0.0,0.0
1,7,0.0,0.0,0.0
1,7,0.0,0.0,0.0
1,7,0.0,0.0,0.0
1,7,0.0,0.0,0.0
1,7,0.0,0.0,0.0
1,7,0.0,0.0,0.0
1,7,0.0,0.0,0.0
1,7,0.0,0.0,0.0
1,7,0.0,0.0,0.0
1,7,0.0,0.0,0.0
1,7,0.0,0.0,0.0
1,7,0.0,0.0,0.0
1,7,0.0,0.0,0.0
1,7,0.0,0.0,0.0
1,7,0.0,0.0,0.0
1,7,0.0,0.0,0.0
1,7,0.0,0.0,0.0
1,7,0.0,0.0,0.0
1,7,0.0,0.0,0.0
1,7,0.0,0.0,0.0
1,7,0.0,0.0,0.0
1,7,0.0,0.0,0.0
1,7,0.0,0.0,0.0
1,7,0.0,0.0,0.0
1,7,0.0,0.0,0.0
1,7,0.0,0.0,0.0
1,7,0.0,0.0,0.0
1,7,0.0,0.0,0.0
1,7,0.0,0.0,0.0
1,7,0.0,0.0,0.0
1,7,0.0,0.0,0.0
1,7,0.0,0.0,0.0
1,7,0.0,0.0,0.0
1,7,0.0,0.0,0.0
1,7,0.0,0.0,0.0
1,7,0.0,0.0,0.0
1,7,0.0,0.0,0.0
1,7,0.0,0.0,0.0
1,7,0.0,0.0,0.0
1,7,0.0,0.0,0.0
1,7,0.0,0.0,0.0
1,7,0.0,0.0,0.0
1,7,0.0,0.0,0.0
1,7,0.0,0.0,0.0
1,7,0.0,0.0,0.0
1,7,0.0,0.0,0.0
1,7,0.0,0.0,0.0
1,7,0.0,0.0,0.0
1,7,0.0,0.0,0.0
1,7,0.0,0.0,0.0
1,7,0.0,0.0,0.0
1,7,0.0,0.0,0.0
1,7,0.0,0.0,0.0
1,7,0.0,0.0,0.0
1,7,0.0,0.0,0.0
1,7,0.0,0.0,0.0
1,7,0.0,0.0,0.0
1,7,0.0,0.0,0.0
1,7,0.0,0.0,0.0
1,7,0.0,0.0,0.0
1,7,0.0,0.0,0.0
1,7,0.0,0.0,0.0
1,7,0.0,0.0,0.0
1,7,0.0,0.0,0.0
1,7,0.0,0.0,0.0
1,7,0.0,0.0,0.0
1,7,0.0,0.0,0.0
1,7,0.0,0.0,0.0
1,7,0.0,0.0,0.0
1,7,0.0,0.0,0.0
1,7,0.0,0.0,0.0
1,7,0.0,0.0,0.0
1,7,0.0,0.0,0.0
1,7,0.0,0.0,0.0
1,7,0.0,0.0,0.0
1,7,0.0,0.0,0.0
1,7,0.0,0.0,0.0
1,7,0.0,0.0,0.0
1,7,0.0,0.0,0.0
1,7,0.0,0.0,0.0
1,7,0.0,0.0,0.0
1,7,0.0,0.0,0.0
1,7,0.0,0.0,0.0
1,7,0.0,0.0,0.0
1,7,0.0,0.0,0.0
1,7,0.0,0.0,0.0
1,7,0.0,0.0,0.0
1,7,0.0,0.0,0.0
1,7,0.0,0.0,0.0
1,7,0.0,0.0,0.0
1,7,0.0,0.0,0.0
1,7,0.0,0.0,0.0
1,7,0.0,0.0,0.0
1,7,0.0,0.0,0.0
1,7,0.0,0.0,0.0
1,7,0.0,0.0,0.0
1,7,0.0,0.0,0.0
1,7,0.0,0.0,0.0
1,7,0.0,0.0,0.0
1,7,0.0,0.0,0.0
1,7,0.0,0.0,0.0
1,7,0.0,0.0,0.0
1,7,0.0,0.0,0.0
1,7,0.0,0.0,0.0
1,7,0.0,0.0,0.0
1,7,0.0,0.0,0.0
1,7,0.0,0.0,0.0
1,7,0.0,0.0,0.0
1,7,0.0,0.0,0.0
1,7,0.0,0.0,0.0
1,7,0.0,0.0,0.0
1,7,0.0,0.0,0.0
1,7,0.0,0.0,0.0
1,7,0.0,0.0,0.0
1,7,0.0,0.0,0.0
1,7,0.0,0.0,0.0
1,7,0.0,0.0,0.0
1,7,0.0,0.0,0.0
1,7,0.0,0.0,0.0
1,7,0.0,0.0,0.0
1,7,0.0,0.0,0.0
1,7,0.0,0.0,0.0
1,7,0.0,0.0,0.0
1,7,0.0,0.0,0.0
1,7,0.0,0.0,0.0
1,7,0.0,0.0,0.0
1,7,0.0,0.0,0.0
1,7,0.0,0.0,0.0
1,7,0.0,0.0,0.0
1,7,0.0,0.0,0.0
1,7,0.0,0.0,0.0
1,7,0.0,0.0,0.0
1,7,0.0,0.0,0.0
1,7,0.0,0.0,0.0
1,7,0.0,0.0,0.0
1,7,0.0,0.0,0.0
1,7,0.0,0.0,0.0
1,7,0.0,0.0,0.0
1,7,0.0,0.0,0.0
1,7,0.0,0.0,0.0
1,7,0.0,0.0,0.0
1,7,0.0,0.0,0.0
1,7,0.0,0.0,0.0
1,7,0.0,0.0,0.0
1,7,0.0,0.0,0.0
1,7,0.0,0.0,0.0
1,7,0.0,0.0,0.0
1,7,0.0,0.0,0.0
1,7,0.0,0.0,0.0
1,7,0.0,0.0,0.0
1,7,0.0,0.0,0.0
1,7,0.0,0.0,0.0
1,7,0.0,0.0,0.0
1,7,0.0,0.0,0.0
1,7,0.0,0.0,0.0
1,7,0.0,0.0,0.0
1,7,0.0,0.0,0.0
1,7,0.0,0.0,0.0
1,7,0.0,0.0,0.0
1,7,0.0,0.0,0.0
1,7,0.0,0.0,0.0
1,7,0.0,0.0,0.0
1,7,0.0,0.0,0.0
1,7,0.0,0.0,0.0
1,7,0.0,0.0,0.0
1,7,0.0,0.0,0.0
1,7,0.0,0.0,0.0
1,7,0.0,0.0,0.0
1,7,0.0,0.0,0.0
1,7,0.0,0.0,0.0
1,7,0.0,0.0,0.0
1,7,0.0,0.0,0.0
1,7,0.0,0.0,0.0
1,7,0.0,0.0,0.0
1,7,0.0,0.0,0.0
1,7,0.0,0.0,0.0
1,7,0.0,0.0,0.0
1,7,0.0,0.0,0.0
1,7,0.0,0.0,0.0
1,7,0.0,0.0,0.0
1,7,0.0,0.0,0.0
1,7,0.0,0.0,0.0
1,7,0.0,0.0,0.0
1,7,0.0,0.0,0.0
1,7,0.0,0.0,0.0
1,7,0.0,0.0,0.0
1,7,0.0,0.0,0.0
1,7,0.0,0.0,0.0
1,7,0.0,0.0,0.0
1,7,0.0,0.0,0.0
1,7,0.0,0.0,0.0
1,7,0.0,0.0,0.0
1,7,0.0,0.0,0.0
1,7,0.0,0.0,0.0
1,7,0.0,0.0,0.0
1,7,0.0,0.0,0.0
1,7,0.0,0.0,0.0
1,7,0.0,0.0,0.0
1,7,0.0,0.0,0.0
1,7,0.0,0.0,0.0
1,7,0.0,0.0,0.0
1,7,0.0,0.0,0.0
1,7,0.0,0.0,0.0
1,7,0.0,0.0,0.0
1,7,0.0,0.0,0.0
1,7,0.0,0.0,0.0
1,7,0.0,0.0,0.0
1,7,0.0,0.0,0.0
1,7,0.0,0.0,0.0
1,7,0.0,0.0,0.0
1,7,0.0,0.0,0.0
1,7,0.0,0.0,0.0
1,7,0.0,0.0,0.0
1,7,0.0,0.0,0.0
1,7,0.0,0.0,0.0
1,7,0.0,0.0,0.0
1,7,0.0,0.0,0.0
1,7,0.0,0.0,0.0
1,7,0.0,0.0,0.0
1,7,0.0,0.0,0.0
1,7,0.0,0.0,0.0
1,7,0.0,0.0,0.0
1,7,0.0,0.0,0.0
1,7,0.0,0.0,0.0
1,7,0.0,0.0,0.0
1,7,0.0,0.0,0.0
1,7,0.0,0.0,0.0
1,7,0.0,0.0,0.0
1,7,0.0,0.0,0.0
1,7,0.0,0.0,0.0
1,7,0.0,0.0,0.0
1,7,0.0,0.0,0.0
1,7,0.0,0.0,0.0
1,7,0.3150855757429465,0.0,14.520000000000001
1,7,0.0,0.0,0.0
1,7,0.0,0.0,0.0
1,7,0.0,0.0,0.0
1,7,0.0,0.0,0.0
1,7,0.0,0.0,0.0
1,7,0.0,0.0,0.0
1,7,0.0,0.0,0.0
1,7,0.0,0.0,0.0
1,7,0.0,0.0,0.0
1,7,0.0,0.0,0.0
1,7,0.0,0.0,0.0
1,7,0.0,0.0,0.0
1,7,0.0,0.0,0.0
1,7,0.0,0.0,0.0
1,7,0.0,0.0,0.0
1,7,0.0,0.0,0.0
1,7,0.0,0.0,0.0
1,7,0.0,0.0,0.0
1,7,0.0,0.0,0.0
1,7,0.0,0.0,0.0
1,7,0.0,0.0,0.0
1,7,0.0,0.0,0.0
1,7,0.0,0.0,0.0
1,7,0.0,0.0,0.0
1,7,0.0,0.0,0.0
1,7,0.0,0.0,0.0
1,7,0.0,0.0,0.0
1,7,0.0,0.0,0.0
1,7,0.0,0.0,0.0
1,7,0.0,0.0,0.0
1,7,0.0,0.0,0.0
1,7,0.0,0.0,0.0
1,7,0.0,0.0,0.0
1,7,0.0,0.0,0.0
1,7,0.0,0.0,0.0
1,7,0.0,0.0,0.0
1,7,0.0,0.0,0.0
1,7,0.0,0.0,0.0
1,7,0.0,0.0,0.0
1,7,0.0,0.0,0.0
1,7,0.0,0.0,0.0
1,7,0.0,0.0,0.0
1,7,0.0,0.0,0.0
1,7,0.0,0.0,0.0
1,7,0.0,0.0,0.0
1,7,0.0,0.0,0.0
1,7,0.0,0.0,0.0
1,7,0.0,0.0,0.0
1,7,0.0,0.0,0.0
1,7,0.0,0.0,0.0
1,7,0.0,0.0,0.0
1,7,0.0,0.0,0.0
1,7,0.0,0.0,0.0
1,7,0.0,0.0,0.0
1,7,0.0,0.0,0.0
1,7,0.0,0.0,0.0
1,7,0.0,0.0,0.0
1,7,0.0,0.0,0.0
1,7,0.0,0.0,0.0
1,7,0.23965646194745105,0.0,21.12
1,7,0.0,0.0,0.0
1,7,0.0,0.0,0.0
1,7,0.0,0.0,0.0
1,7,0.0,0.0,0.0
1,7,0.0,0.0,0.0
1,7,0.0,0.0,0.0
1,7,0.0,0.0,0.0
1,7,0.0,0.0,0.0
1,7,0.0,0.0,0.0
1,7,0.0,0.0,0.0
1,7,0.0,0.0,0.0
1,7,0.0,0.0,0.0
1,7,0.0,0.0,0.0
1,7,0.0,0.0,0.0
1,7,0.0,0.0,0.0
1,7,0.0,0.0,0.0
1,7,0.0,0.0,0.0
1,7,0.0,0.0,0.0
1,7,0.0,0.0,0.0
1,7,0.0,0.0,0.0
1,7,0.0,0.0,0.0
1,7,0.0,0.0,0.0
1,7,0.0,0.0,0.0
1,7,0.0,0.0,0.0
1,7,0.0,0.0,0.0
1,7,0.0,0.0,0.0
1,7,0.0,0.0,0.0
1,7,0.0,0.0,0.0
1,7,0.0,0.0,0.0
1,7,0.0,0.0,0.0
1,7,0.0,0.0,0.0
1,7,0.0,0.0,0.0
1,7,0.0,0.0,0.0
1,7,0.0,0.0,0.0
1,7,0.0,0.0,0.0
1,7,0.0,0.0,0.0
1,7,0.0,0.0,0.0
1,7,0.0,0.0,0.0
1,7,0.0,0.0,0.0
1,7,0.0,0.0,0.0
1,7,0.0,0.0,0.0
1,7,0.0,0.0,0.0
1,7,0.0,0.0,0.0
1,7,0.0,0.0,0.0
1,7,0.0,0.0,0.0
1,7,0.0,0.0,0.0
1,7,0.0,0.0,0.0
1,7,0.0,0.0,0.0
1,7,0.0,0.0,0.0
1,7,0.0,0.0,0.0
1,7,0.0,0.0,0.0
1,7,0.0,0.0,0.0
1,7,0.0,0.0,0.0
1,7,0.0,0.0,0.0
1,7,0.0,0.0,72.59999999999997
1,7,0.0,0.0,0.0
1,7,0.0,0.0,0.0
1,7,0.0,0.0,0.0
1,7,0.0,0.0,0.0
1,7,0.0,0.0,0.0
1,7,0.0,0.0,0.0
1,7,0.0,0.0,0.0
1,7,0.0,0.0,0.0
1,7,0.0,0.0,0.0
1,7,0.0,0.0,0.0
1,7,0.0,0.0,0.0
1,7,0.0,0.0,0.0
1,7,0.0,0.0,0.0
1,7,0.0,0.0,0.0
1,7,0.0,0.0,0.0
1,7,0.0,0.0,0.0
1,7,0.0,0.0,0.0
1,7,0.0,0.0,0.0
1,7,0.0,0.0,0.0
1,7,0.0,0.0,0.0
1,7,0.0,0.0,0.0
1,7,0.0,0.0,0.0
1,7,0.0,0.0,0.0
1,7,0.0,0.0,0.0
1,7,0.0,0.0,0.0
1,7,0.0,0.0,0.0
1,7,0.0,0.0,0.0
1,7,0.0,0.0,0.0
1,7,0.0,0.0,0.0
1,7,0.0,0.0,0.0
1,7,0.0,0.0,0.0
1,7,0.0,0.0,0.0
1,7,0.0,0.0,0.0
1,7,0.0,0.0,0.0
1,7,0.0,0.0,0.0
1,7,0.0,0.0,0.0
1,7,0.0,0.0,0.0
1,7,0.0,0.0,0.0
1,7,0.0,0.0,0.0
1,7,0.0,0.0,0.0
1,7,0.0,0.0,0.0
1,7,0.0,0.0,0.0
1,7,0.0,0.0,0.0
1,7,0.0,0.0,0.0
1,7,0.0,0.0,0.0
1,7,0.0,0.0,0.0
1,7,0.0,0.0,0.0
1,7,0.0,0.0,0.0
1,7,0.0,0.0,0.0
1,7,0.0,0.0,0.0
1,7,0.0,0.0,0.0
1,7,0.0,0.0,0.0
1,7,0.0,0.0,0.0
1,7,0.0,0.0,0.0
1,7,0.0,0.0,0.0
1,7,0.0,0.0,0.0
1,7,0.0,0.0,0.0
1,7,0.0,0.0,0.0
1,7,0.0,0.0,0.0
1,7,0.0,0.0,0.0
1,7,0.0,0.0,0.0
1,7,0.0,0.0,0.0
1,7,0.0,0.0,0.0
1,7,0.0,0.0,72.59999999999997
1,7,0.0,0.0,0.0
1,7,0.0,0.0,0.0
1,7,0.0,0.0,0.0
1,7,0.0,0.0,0.0
1,7,0.0,0.0,0.0
1,7,0.0,0.0,0.0
1,7,0.0,0.0,0.0
1,7,0.0,0.0,0.0
1,7,0.0,0.0,0.0
1,7,0.0,0.0,0.0
1,7,0.0,0.0,0.0
1,7,0.0,0.0,0.0
1,7,0.0,0.0,0.0
1,7,0.0,0.0,0.0
1,7,0.0,0.0,0.0
1,7,0.0,0.0,0.0
1,7,0.0,0.0,0.0
1,7,0.0,0.0,0.0
1,7,0.0,0.0,0.0
1,7,0.0,0.0,0.0
1,7,0.0,0.0,0.0
1,7,0.0,0.0,0.0
1,7,0.0,0.0,0.0
1,7,0.0,0.0,0.0
1,7,0.0,0.0,0.0
1,7,0.0,0.0,0.0
1,7,0.0,0.0,0.0
1,7,0.0,0.0,0.0
1,7,0.0,0.0,0.0
1,7,0.0,0.0,0.0
1,7,0.0,0.0,0.0
1,7,0.0,0.0,0.0
1,7,0.0,0.0,0.0
1,7,0.0,0.0,0.0
1,7,0.0,0.0,0.0
1,7,0.0,0.0,0.0
1,7,0.0,0.0,0.0
1,7,0.0,0.0,0.0
1,7,0.0,0.0,0.0
1,7,0.0,0.0,0.0
1,7,0.0,0.0,0.0
1,7,0.0,0.0,0.0
1,7,0.0,0.0,0.0
1,7,0.0,0.0,0.0
1,7,0.0,0.0,0.0
1,7,0.0,0.0,0.0
1,7,0.0,0.0,0.0
1,7,0.0,0.0,0.0
1,7,0.0,0.0,0.0
1,7,0.0,0.0,0.0
1,7,0.0,0.0,0.0
1,7,0.0,0.0,0.0
1,7,0.0,0.0,0.0
1,7,0.0,0.0,0.0
1,7,0.0,0.0,0.0
1,7,0.0,0.0,0.0
1,7,0.0,0.0,0.0
1,7,0.0,0.0,0.0
1,7,0.0,0.0,0.0
1,7,0.0,0.0,0.0
1,7,0.0,0.0,0.0
1,7,0.0,0.0,0.0
1,7,0.0,0.0,0.0
1,7,0.0,0.0,0.0
1,7,0.0,0.0,0.0
1,7,0.0,0.0,0.0
1,7,0.0,0.0,0.0
1,7,0.0,0.0,0.0
1,7,0.0,0.0,0.0
1,7,0.0,0.0,0.0
1,7,0.0,0.0,0.0
1,7,0.0,0.0,0.0
1,7,0.0,0.0,0.0
1,7,0.0,0.0,0.0
1,7,0.0,0.0,0.0
1,7,0.0,0.0,0.0
1,7,0.0,0.0,0.0
1,7,0.0,0.0,0.0
1,7,0.0,0.0,0.0
1,7,0.0,0.0,0.0
1,7,0.0,0.0,0.0
1,7,0.0,0.0,0.0
1,7,0.0,0.0,0.0
1,7,0.0,0.0,0.0
1,7,0.0,0.0,0.0
1,7,0.0,0.0,0.0
1,7,0.0,0.0,0.0
1,7,0.0,0.0,0.0
1,7,0.0,0.0,0.0
1,7,0.0,0.0,0.0
1,7,0.0,0.0,0.0
1,7,0.0,0.0,0.0
1,7,0.0,0.0,0.0
1,7,0.0,0.0,0.0
1,7,0.0,0.0,0.0
1,7,0.0,0.0,0.0
1,7,0.0,0.0,0.0
1,7,0.0,0.0,0.0
1,7,0.0,0.0,0.0
1,7,0.0,0.0,0.0
1,7,0.0,0.0,0.0
1,7,0.0,0.0,0.0
1,7,0.0,0.0,0.0
1,7,0.0,0.0,0.0
1,7,0.0,0.0,0.0
1,7,0.0,0.0,0.0
1,7,0.0,0.0,0.0
1,7,0.0,0.0,0.0
1,7,0.0,0.0,0.0
1,7,0.0,0.0,0.0
1,7,0.0,0.0,0.0
1,7,0.0,0.0,0.0
1,7,0.0,0.0,0.0
1,7,0.0,0.0,0.0
1,7,0.0,0.0,0.0
1,7,0.0,0.0,0.0
1,7,0.0,0.0,0.0
1,7,0.0,0.0,0.0
1,7,0.0,0.0,0.0
1,7,0.0,0.0,0.0
1,7,0.0,0.0,0.0
1,7,0.0,0.0,0.0
1,7,0.0,0.0,0.0
1,7,0.0,0.0,0.0
1,7,0.0,0.0,0.0
1,7,0.0,0.0,0.0
1,7,0.0,0.0,0.0
1,7,0.0,0.0,0.0
1,7,0.0,0.0,0.0
1,7,0.0,0.0,0.0
1,7,0.0,0.0,0.0
1,7,0.0,0.0,0.0
1,7,0.0,0.0,0.0
1,7,0.0,0.0,0.0
1,7,0.0,0.0,0.0
1,7,0.0,0.0,0.0
1,7,0.0,0.0,0.0
1,7,0.0,0.0,0.0
1,7,0.0,0.0,0.0
1,7,0.0,0.0,0.0
1,7,0.0,0.0,0.0
1,7,0.0,0.0,0.0
1,7,0.0,0.0,0.0
1,7,0.0,0.0,0.0
1,7,0.0,0.0,0.0
1,7,0.0,0.0,0.0
1,7,0.0,0.0,0.0
1,7,0.0,0.0,0.0
1,7,0.0,0.0,0.0
1,7,0.0,0.0,0.0
1,7,0.0,0.0,0.0
1,7,0.0,0.0,0.0
1,7,0.0,0.0,0.0
1,7,0.0,0.0,0.0
1,7,0.0,0.0,0.0
1,7,0.0,0.0,0.0
1,7,0.0,0.0,0.0
1,7,0.0,0.0,0.0
1,7,0.0,0.0,0.0
1,7,0.0,0.0,0.0
1,7,0.0,0.0,0.0
1,7,0.0,0.0,0.0
1,7,0.0,0.0,0.0
1,7,0.0,0.0,0.0
1,7,0.0,0.0,0.0
1,7,0.0,0.0,0.0
1,7,0.0,0.0,0.0
1,7,0.0,0.0,0.0
1,7,0.0,0.0,0.0
1,7,0.0,0.0,0.0
1,7,0.0,0.0,0.0
1,7,0.0,0.0,0.0
1,7,0.0,0.0,0.0
1,7,0.0,0.0,0.0
1,7,0.0,0.0,0.0
1,7,0.0,0.0,0.0
1,7,0.0,0.0,0.0
1,7,0.0,0.0,0.0
1,7,0.0,0.0,0.0
1,7,0.0,0.0,0.0
1,7,0.0,0.0,0.0
1,7,0.0,0.0,0.0
1,7,0.0,0.0,0.0
1,7,0.0,0.0,0.0
1,7,0.0,0.0,0.0
1,7,0.0,0.0,0.0
1,7,0.0,0.0,0.0
1,7,0.0,0.0,0.0
1,7,0.0,0.0,0.0
1,7,0.0,0.0,0.0
1,7,0.0,0.0,0.0
1,7,0.0,0.0,0.0
1,7,0.0,0.0,0.0
1,7,0.0,0.0,0.0
1,7,0.0,0.0,0.0
1,7,0.0,0.0,0.0
1,7,0.0,0.0,0.0
1,7,0.0,0.0,0.0
1,7,0.0,0.0,0.0
1,7,0.0,0.0,0.0
1,7,0.0,0.0,0.0
1,7,0.0,0.0,0.0
1,7,0.0,0.0,0.0
1,7,0.0,0.0,0.0
1,7,0.0,0.0,0.0
1,7,0.0,0.0,0.0
1,7,0.0,0.0,0.0
1,7,0.0,0.0,0.0
1,7,0.0,0.0,0.0
1,7,0.0,0.0,0.0
1,7,0.0,0.0,0.0
1,7,0.0,0.0,0.0
1,7,0.0,0.0,0.0
1,7,0.0,0.0,0.0
1,7,0.0,0.0,0.0
1,7,0.0,0.0,0.0
1,7,0.0,0.0,0.0
1,7,0.0,0.0,0.0
1,7,0.0,0.0,0.0
1,7,0.0,0.0,0.0
1,7,0.0,0.0,0.0
1,7,0.0,0.0,0.0
1,7,0.0,0.0,0.0
1,7,0.0,0.0,0.0
1,7,0.0,0.0,0.0
1,7,0.0,0.0,0.0
1,7,0.0,0.0,0.0
1,7,0.0,0.0,0.0
1,7,0.0,0.0,0.0
1,7,0.0,0.0,0.0
1,7,0.0,0.0,0.0
1,7,0.0,0.0,0.0
1,7,0.0,0.0,0.0
1,7,0.0,0.0,0.0
1,7,0.0,0.0,0.0
1,7,0.0,0.0,0.0
1,7,0.0,0.0,0.0
1,7,0.0,0.0,0.0
1,7,0.0,0.0,0.0
1,7,0.0,0.0,0.0
1,7,0.0,0.0,0.0
1,7,0.0,0.0,0.0
1,7,0.0,0.0,0.0
1,7,0.0,0.0,0.0
1,7,0.0,0.0,0.0
1,7,0.0,0.0,0.0
1,7,0.0,0.0,0.0
1,7,0.0,0.0,0.0
1,7,0.0,0.0,0.0
1,7,0.0,0.0,0.0
1,7,0.0,0.0,0.0
1,7,0.0,0.0,0.0
1,7,0.0,0.0,0.0
1,7,0.0,0.0,0.0
1,7,0.0,0.0,0.0
1,7,0.0,0.0,0.0
1,7,0.0,0.0,0.0
1,7,0.0,0.0,0.0
1,7,0.0,0.0,0.0
1,7,0.0,0.0,0.0
1,7,0.0,0.0,0.0
1,7,0.0,0.0,0.0
1,7,0.0,0.0,0.0
1,7,0.0,0.0,0.0
1,7,0.0,0.0,0.0
1,7,0.0,0.0,0.0
1,7,0.0,0.0,0.0
1,7,0.0,0.0,0.0
1,7,0.0,0.0,0.0
1,7,0.0,0.0,0.0
1,7,0.0,0.0,0.0
1,7,0.0,0.0,0.0
1,7,0.0,0.0,0.0
1,7,0.0,0.0,0.0
1,7,0.0,0.0,0.0
1,7,0.0,0.0,0.0
1,7,0.0,0.0,0.0
1,7,0.0,0.0,0.0
1,7,0.0,0.0,0.0
1,7,0.0,0.0,0.0
1,7,0.0,0.0,0.0
1,7,0.0,0.0,0.0
1,7,0.0,0.0,0.0
1,7,0.0,0.0,0.0
1,7,0.0,0.0,0.0
1,7,0.0,0.0,0.0
1,7,0.0,0.0,0.0
1,7,0.0,0.0,0.0
1,7,0.0,0.0,0.0
1,7,0.0,0.0,0.0
1,7,0.0,0.0,0.0
1,7,0.0,0.0,0.0
1,7,0.0,0.0,0.0
1,7,0.0,0.0,0.0
1,7,0.0,0.0,0.0
1,7,0.0,0.0,0.0
1,7,0.0,0.0,0.0
1,7,0.0,0.0,0.0
1,7,0.0,0.0,0.0
1,7,0.0,0.0,0.0
1,7,0.0,0.0,0.0
1,7,0.0,0.0,0.0
1,7,0.0,0.0,0.0
1,7,0.0,0.0,0.0
1,7,0.0,0.0,0.0
1,7,0.0,0.0,0.0
1,7,0.0,0.0,0.0
1,7,0.0,0.0,0.0
1,7,0.0,0.0,0.0
1,7,0.0,0.0,0.0
1,7,0.0,0.0,0.0
1,7,0.0,0.0,0.0
1,7,0.0,0.0,0.0
1,7,0.0,0.0,0.0
1,7,0.0,0.0,0.0
1,7,0.0,0.0,0.0
1,7,0.0,0.0,0.0
1,7,0.0,0.0,0.0
1,7,0.0,0.0,0.0
1,7,0.0,0.0,0.0
1,7,0.0,0.0,0.0
1,7,0.0,0.0,0.0
1,7,0.0,0.0,0.0
1,7,0.0,0.0,0.0
1,7,0.0,0.0,0.0
1,7,0.0,0.0,0.0
1,7,0.0,0.0,0.0
1,7,0.0,0.0,0.0
1,7,0.0,0.0,0.0
1,7,0.0,0.0,0.0
1,7,0.0,0.0,0.0
1,7,0.0,0.0,0.0
1,7,0.0,0.0,0.0
1,7,0.0,0.0,0.0
1,7,0.0,0.0,0.0
1,7,0.0,0.0,0.0
1,7,0.0,0.0,0.0
1,7,0.0,0.0,62.040000000000006
1,7,0.0,0.0,0.0
1,7,0.0,0.0,0.0
1,7,0.0,0.0,0.0
1,7,0.0,0.0,0.0
1,7,0.0,0.0,0.0
1,7,0.0,0.0,0.0
1,7,0.0,0.0,0.0
1,7,0.0,0.0,0.0
1,7,0.0,0.0,0.0
1,7,0.0,0.0,0.0
1,7,0.0,0.0,0.0
1,7,0.0,0.0,0.0
1,7,0.0,0.0,0.0
1,7,0.0,0.0,0.0
1,7,0.0,0.0,0.0
1,7,0.0,0.0,0.0
1,7,0.0,0.0,0.0
1,7,0.0,0.0,0.0
1,7,0.0,0.0,0.0
1,7,0.0,0.0,0.0
1,7,0.0,0.0,0.0
1,7,0.0,0.0,0.0
1,7,0.0,0.0,0.0
1,7,0.0,0.0,0.0
1,7,0.0,0.0,0.0
1,7,0.0,0.0,0.0
1,7,0.0,0.0,0.0
1,7,0.0,0.0,0.0
1,7,0.0,0.0,0.0
1,7,0.0,0.0,0.0
1,7,0.0,0.0,0.0
1,7,0.0,0.0,0.0
1,7,0.0,0.0,0.0
1,7,0.0,0.0,0.0
1,7,0.0,0.0,0.0
1,7,0.0,0.0,0.0
1,7,0.0,0.0,0.0
1,7,0.0,0.0,0.0
1,7,0.0,0.0,0.0
1,7,0.0,0.0,0.0
1,7,0.0,0.0,0.0
1,7,0.0,0.0,0.0
1,7,0.0,0.0,0.0
1,7,0.0,0.0,0.0
1,7,0.0,0.0,0.0
1,7,0.0,0.0,0.0
1,7,0.0,0.0,0.0
1,7,0.0,0.0,0.0
1,7,0.0,0.0,0.0
1,7,0.0,0.0,0.0
1,7,0.0,0.0,0.0
1,7,0.0,0.0,0.0
1,7,0.0,0.0,0.0
1,7,0.0,0.0,0.0
1,7,0.0,0.0,0.0
1,7,0.0,0.0,0.0
1,7,0.0,0.0,0.0
1,7,0.0,0.0,0.0
1,7,0.0,0.0,0.0
1,7,0.0,0.0,0.0
1,7,0.0,0.0,0.0
1,7,0.0,0.0,0.0
1,7,0.0,0.0,0.0
1,7,0.0,0.0,0.0
1,7,0.0,0.0,0.0
1,7,0.0,0.0,0.0
1,7,0.0,0.0,0.0
1,7,0.0,0.0,0.0
1,7,0.0,0.0,0.0
1,7,0.0,0.0,0.0
1,7,0.0,0.0,0.0
1,7,0.0,0.0,0.0
1,7,0.0,0.0,0.0
1,7,0.0,0.0,0.0
1,7,0.0,0.0,0.0
1,7,0.0,0.0,0.0
1,7,0.0,0.0,0.0
1,7,0.0,0.0,0.0
1,7,0.0,0.0,0.0
1,7,0.0,0.0,0.0
1,7,0.0,0.0,0.0
1,7,0.0,0.0,0.0
1,7,0.0,0.0,0.0
1,7,0.0,0.0,0.0
1,7,0.0,0.0,0.0
1,7,0.0,0.0,0.0
1,7,0.0,0.0,0.0
1,7,0.0,0.0,0.0
1,7,0.0,0.0,0.0
1,7,0.0,0.0,0.0
1,7,0.0,0.0,0.0
1,7,0.0,0.0,0.0
1,7,0.0,0.0,0.0
1,7,0.0,0.0,0.0
1,7,0.0,0.0,0.0
1,7,0.0,0.0,0.0
1,7,0.0,0.0,0.0
1,7,0.0,0.0,0.0
1,7,0.0,0.0,0.0
1,7,0.0,0.0,0.0
1,7,0.0,0.0,0.0
1,7,0.0,0.0,0.0
1,7,0.0,0.0,0.0
1,7,0.0,0.0,0.0
1,7,0.0,0.0,0.0
1,7,0.0,0.0,0.0
1,7,0.0,0.0,0.0
1,7,0.0,0.0,0.0
1,7,0.0,0.0,0.0
1,7,0.0,0.0,0.0
1,7,0.0,0.0,0.0
1,7,0.0,0.0,0.0
1,7,0.0,0.0,0.0
1,7,0.0,0.0,0.0
1,7,0.0,0.0,0.0
1,7,0.0,0.0,0.0
1,7,0.0,0.0,0.0
1,7,0.0,0.0,0.0
1,7,0.0,0.0,0.0
1,7,0.0,0.0,0.0
1,7,0.0,0.0,0.0
1,7,0.0,0.0,0.0
1,7,0.0,0.0,0.0
1,7,0.0,0.0,0.0
1,7,0.0,0.0,0.0
1,7,0.0,0.0,0.0
1,7,0.0,0.0,0.0
1,7,0.0,0.0,0.0
1,7,0.0,0.0,0.0
1,7,0.0,0.0,0.0
1,7,0.0,0.0,0.0
1,7,0.0,0.0,0.0
1,7,0.0,0.0,0.0
1,7,0.0,0.0,0.0
1,7,0.0,0.0,0.0
1,7,0.0,0.0,0.0
1,7,0.0,0.0,0.0
1,7,0.0,0.0,0.0
1,7,0.0,0.0,0.0
1,7,0.0,0.0,0.0
1,7,0.0,0.0,0.0
1,7,0.0,0.0,0.0
1,7,0.0,0.0,0.0
1,7,0.0,0.0,0.0
1,7,0.0,0.0,0.0
1,7,0.0,0.0,0.0
1,7,0.0,0.0,0.0
1,7,0.0,0.0,0.0
1,7,0.0,0.0,0.0
1,7,0.0,0.0,0.0
1,7,0.0,0.0,0.0
1,7,0.0,0.0,0.0
1,7,0.0,0.0,0.0
1,7,0.0,0.0,0.0
1,7,0.0,0.0,0.0
1,7,0.0,0.0,0.0
1,7,0.0,0.0,0.0
1,7,0.0,0.0,0.0
1,7,0.0,0.0,0.0
1,7,0.0,0.0,0.0
1,7,0.0,0.0,0.0
1,7,0.0,0.0,0.0
1,7,0.0,0.0,0.0
1,7,0.0,0.0,0.0
1,7,0.0,0.0,0.0
1,7,0.0,0.0,0.0
1,7,0.0,0.0,0.0
1,7,0.0,0.0,0.0
1,7,0.0,0.0,0.0
1,7,0.0,0.0,0.0
1,7,0.0,0.0,0.0
1,7,0.0,0.0,0.0
1,7,0.0,0.0,0.0
1,7,0.0,0.0,0.0
1,7,0.0,0.0,0.0
1,7,0.0,0.0,0.0
1,7,0.0,0.0,0.0
1,7,0.0,0.0,0.0
1,7,0.0,0.0,0.0
1,7,0.0,0.0,0.0
1,7,0.0,0.0,0.0
1,7,0.0,0.0,0.0
1,7,0.0,0.0,0.0
1,7,0.0,0.0,0.0
1,7,0.0,0.0,0.0
1,7,0.0,0.0,0.0
1,7,0.0,0.0,0.0
1,7,0.0,0.0,0.0
1,7,0.0,0.0,0.0
1,7,0.0,0.0,0.0
1,7,0.0,0.0,0.0
1,7,0.0,0.0,0.0
1,7,0.0,0.0,0.0
1,7,0.0,0.0,0.0
1,7,0.0,0.0,0.0
1,7,0.0,0.0,0.0
1,7,0.0,0.0,0.0
1,7,0.0,0.0,0.0
1,7,0.0,0.0,0.0
1,7,0.0,0.0,0.0
1,7,0.0,0.0,0.0
1,7,0.0,0.0,0.0
1,7,0.0,0.0,0.0
1,7,0.0,0.0,43.56
1,7,0.0,0.0,0.0
1,7,0.0,0.0,0.0
1,7,0.0,0.0,0.0
1,7,0.0,0.0,0.0
1,7,0.0,0.0,0.0
1,7,0.0,0.0,0.0
1,7,0.0,0.0,0.0
1,7,0.0,0.0,0.0
1,7,0.0,0.0,0.0
1,7,0.0,0.0,0.0
1,7,0.0,0.0,0.0
1,7,0.0,0.0,0.0
1,7,0.0,0.0,0.0
1,7,0.0,0.0,0.0
1,7,0.0,0.0,0.0
1,7,0.0,0.0,0.0
1,7,0.0,0.0,0.0
1,7,0.0,0.0,0.0
1,7,0.0,0.0,0.0
1,7,0.0,0.0,0.0
1,7,0.0,0.0,0.0
1,7,0.0,0.0,0.0
1,7,0.0,0.0,0.0
1,7,0.0,0.0,0.0
1,7,0.0,0.0,0.0
1,7,0.0,0.0,0.0
1,7,0.0,0.0,0.0
1,7,0.0,0.0,0.0
1,7,0.0,0.0,0.0
1,7,0.0,0.0,0.0
1,7,0.0,0.0,0.0
1,7,0.0,0.0,0.0
1,7,0.0,0.0,0.0
1,7,0.0,0.0,0.0
1,7,0.0,0.0,0.0
1,7,0.0,0.0,0.0
1,7,0.0,0.0,0.0
1,7,0.0,0.0,0.0
1,7,0.0,0.0,0.0
1,7,0.0,0.0,0.0
1,7,0.0,0.0,0.0
1,7,0.0,0.0,0.0
1,7,0.0,0.0,0.0
1,7,0.0,0.0,0.0
1,7,0.0,0.0,0.0
1,7,0.0,0.0,0.0
1,7,0.0,0.0,0.0
1,7,0.0,0.0,0.0
1,7,0.0,0.0,0.0
1,7,0.0,0.0,0.0
1,7,0.0,0.0,0.0
1,7,0.0,0.0,0.0
1,7,0.0,0.0,0.0
1,7,0.0,0.0,0.0
1,7,0.0,0.0,0.0
1,7,0.0,0.0,0.0
1,7,0.0,0.0,0.0
1,7,0.0,0.0,0.0
1,7,0.0,0.0,0.0
1,7,0.0,0.0,0.0
1,7,0.0,0.0,0.0
1,7,0.0,0.0,0.0
1,7,0.0,0.0,0.0
1,7,0.0,0.0,0.0
1,7,0.0,0.0,0.0
1,7,0.0,0.0,0.0
1,7,0.0,0.0,0.0
1,7,0.0,0.0,0.0
1,7,0.0,0.0,0.0
1,7,0.0,0.0,0.0
1,7,0.0,0.0,0.0
1,7,0.0,0.0,0.0
1,7,0.0,0.0,0.0
1,7,0.0,0.0,0.0
1,7,0.0,0.0,0.0
1,7,0.0,0.0,0.0
1,7,0.0,0.0,0.0
1,7,0.0,0.0,0.0
1,7,0.0,0.0,0.0
1,7,0.0,0.0,0.0
1,7,0.0,0.0,0.0
1,7,0.0,0.0,0.0
1,7,0.0,0.0,0.0
1,7,0.0,0.0,0.0
1,7,0.0,0.0,0.0
1,7,0.0,0.0,0.0
1,7,0.0,0.0,0.0
1,7,0.0,0.0,0.0
1,7,0.0,0.0,0.0
1,7,0.0,0.0,0.0
1,7,0.0,0.0,0.0
1,7,0.0,0.0,0.0
1,7,0.0,0.0,0.0
1,7,0.0,0.0,0.0
1,7,0.0,0.0,0.0
1,7,0.0,0.0,0.0
1,7,0.0,0.0,0.0
1,7,0.0,0.0,0.0
1,7,0.0,0.0,0.0
1,7,0.0,0.0,0.0
1,7,0.0,0.0,0.0
1,7,0.0,0.0,0.0
1,7,0.0,0.0,0.0
1,7,0.0,0.0,0.0
1,7,0.0,0.0,0.0
1,7,0.0,0.0,0.0
1,7,0.0,0.0,0.0
1,7,0.0,0.0,0.0
1,7,0.0,0.0,0.0
1,7,0.0,0.0,0.0
1,7,0.0,0.0,0.0
1,7,0.0,0.0,0.0
1,7,0.0,0.0,0.0
1,7,0.0,0.0,0.0
1,7,0.0,0.0,0.0
1,7,0.0,0.0,0.0
1,7,0.0,0.0,0.0
1,7,0.0,0.0,0.0
1,7,0.0,0.0,0.0
1,7,0.0,0.0,0.0
1,7,0.0,0.0,0.0
1,7,0.0,0.0,0.0
1,7,0.0,0.0,0.0
1,7,0.0,0.0,0.0
1,7,0.0,0.0,0.0
1,7,0.0,0.0,0.0
1,7,0.0,0.0,0.0
1,7,0.0,0.0,0.0
1,7,0.0,0.0,0.0
1,7,0.0,0.0,0.0
1,7,0.0,0.0,0.0
1,7,0.0,0.0,0.0
1,7,0.0,0.0,0.0
1,7,0.0,0.0,0.0
1,7,0.0,0.0,0.0
1,7,0.0,0.0,0.0
1,7,0.0,0.0,0.0
1,7,0.0,0.0,0.0
1,7,0.0,0.0,0.0
1,7,0.0,0.0,0.0
1,7,0.0,0.0,0.0
1,7,0.0,0.0,0.0
1,7,0.0,0.0,0.0
1,7,0.0,0.0,0.0
1,7,0.0,0.0,0.0
1,7,0.0,0.0,0.0
1,7,0.0,0.0,0.0
1,7,0.0,0.0,0.0
1,7,0.0,0.0,0.0
1,7,0.0,0.0,0.0
1,7,0.0,0.0,0.0
1,7,0.0,0.0,0.0
1,7,0.0,0.0,0.0
1,7,0.0,0.0,0.0
1,7,0.0,0.0,0.0
1,7,0.0,0.0,0.0
1,7,0.0,0.0,0.0
1,7,0.0,0.0,0.0
1,7,0.0,0.0,0.0
1,7,0.0,0.0,0.0
1,7,0.0,0.0,0.0
1,7,0.0,0.0,0.0
1,7,0.0,0.0,0.0
1,7,0.0,0.0,0.0
1,7,0.0,0.0,0.0
1,7,0.0,0.0,0.0
1,7,0.0,0.0,0.0
1,7,0.0,0.0,0.0
1,7,0.0,0.0,0.0
1,7,0.0,0.0,0.0
1,7,0.0,0.0,0.0
1,7,0.0,0.0,0.0
1,7,0.0,0.0,0.0
1,7,0.0,0.0,0.0
1,7,0.0,0.0,0.0
1,7,0.0,0.0,39.6
1,7,0.0,0.0,0.0
1,7,0.0,0.0,0.0
1,7,0.0,0.0,0.0
1,7,0.0,0.0,0.0
1,7,0.0,0.0,0.0
1,7,0.0,0.0,0.0
1,7,0.0,0.0,0.0
1,7,0.0,0.0,0.0
1,7,0.0,0.0,0.0
1,7,0.0,0.0,0.0
1,7,0.0,0.0,0.0
1,7,0.0,0.0,0.0
1,7,0.0,0.0,0.0
1,7,0.0,0.0,0.0
1,7,0.0,0.0,0.0
1,7,0.0,0.0,0.0
1,7,0.0,0.0,0.0
1,7,0.0,0.0,0.0
1,7,0.0,0.0,0.0
1,7,0.0,0.0,0.0
1,7,0.0,0.0,0.0
1,7,0.0,0.0,0.0
1,7,0.0,0.0,0.0
1,7,0.0,0.0,0.0
1,7,0.0,0.0,0.0
1,7,0.0,0.0,0.0
1,7,0.0,0.0,0.0
1,7,0.0,0.0,0.0
1,7,0.0,0.0,0.0
1,7,0.0,0.0,0.0
1,7,0.0,0.0,0.0
1,7,0.0,0.0,0.0
1,7,0.0,0.0,0.0
1,7,0.0,0.0,0.0
1,7,0.0,0.0,0.0
1,7,0.0,0.0,0.0
1,7,0.0,0.0,0.0
1,7,0.0,0.0,0.0
1,7,0.0,0.0,0.0
1,7,0.0,0.0,0.0
1,7,0.0,0.0,0.0
1,7,0.0,0.0,0.0
1,7,0.0,0.0,0.0
1,7,0.0,0.0,0.0
1,7,0.0,0.0,0.0
1,7,0.0,0.0,0.0
1,7,0.0,0.0,0.0
1,7,0.0,0.0,0.0
1,7,0.0,0.0,0.0
1,7,0.0,0.0,0.0
1,7,0.0,0.0,0.0
1,7,0.0,0.0,0.0
1,7,0.0,0.0,0.0
1,7,0.0,0.0,0.0
1,7,0.0,0.0,13.200000000000001
1,7,0.0,0.0,0.0
1,7,0.0,0.0,0.0
1,7,0.0,0.0,0.0
1,7,0.0,0.0,0.0
1,7,0.0,0.0,0.0
1,7,0.0,0.0,0.0
1,7,0.0,0.0,0.0
1,7,0.0,0.0,0.0
1,7,0.0,0.0,0.0
1,7,0.0,0.0,0.0
1,7,0.0,0.0,0.0
1,7,0.0,0.0,0.0
1,7,0.0,0.0,0.0
1,7,0.0,0.0,0.0
1,7,0.0,0.0,0.0
1,7,0.0,0.0,0.0
1,7,0.0,0.0,0.0
1,7,0.0,0.0,0.0
1,7,0.0,0.0,0.0
1,7,0.0,0.0,0.0
1,7,0.0,0.0,0.0
1,7,0.0,0.0,0.0
1,7,0.0,0.0,0.0
1,7,0.0,0.0,0.0
1,7,0.0,0.0,0.0
1,7,0.0,0.0,0.0
1,7,0.0,0.0,0.0
1,7,0.0,0.0,0.0
1,7,0.0,0.0,0.0
1,7,0.0,0.0,0.0
1,7,0.0,0.0,0.0
1,7,0.0,0.0,0.0
1,7,0.0,0.0,0.0
1,7,0.0,0.0,0.0
1,7,0.0,0.0,0.0
1,7,0.0,0.0,0.0
1,7,0.0,0.0,0.0
1,7,0.0,0.0,0.0
1,7,0.0,0.0,0.0
1,7,0.0,0.0,0.0
1,7,0.0,0.0,0.0
1,7,0.0,0.0,0.0
1,7,0.0,0.0,0.0
1,7,0.0,0.0,0.0
1,7,0.0,0.0,0.0
1,7,0.0,0.0,0.0
1,7,0.0,0.0,0.0
1,7,0.0,0.0,0.0
1,7,0.0,0.0,0.0
1,7,0.0,0.0,0.0
1,7,0.0,0.0,0.0
1,7,0.0,0.0,0.0
1,7,0.0,0.0,0.0
1,7,0.0,0.0,0.0
1,7,0.0,0.0,0.0
1,7,0.0,0.0,0.0
1,7,0.0,0.0,0.0
1,7,0.0,0.0,0.0
1,7,0.0,0.0,0.0
1,7,0.0,0.0,0.0
1,7,0.0,0.0,0.0
1,7,0.0,0.0,0.0
1,7,0.0,0.0,0.0
1,7,0.0,0.0,0.0
1,7,0.0,0.0,0.0
1,7,0.0,0.0,0.0
1,7,0.0,0.0,0.0
1,7,0.0,0.0,0.0
1,7,0.0,0.0,0.0
1,7,0.0,0.0,0.0
1,7,0.0,0.0,0.0
1,7,0.0,0.0,0.0
1,7,0.0,0.0,0.0
1,7,0.0,0.0,0.0
1,7,0.0,0.0,0.0
1,7,0.0,0.0,0.0
1,7,0.0,0.0,0.0
1,7,0.0,0.0,0.0
1,7,0.0,0.0,0.0
1,7,0.0,0.0,0.0
1,7,0.0,0.0,0.0
1,7,0.0,0.0,0.0
1,7,0.0,0.0,0.0
1,7,0.0,0.0,0.0
1,7,0.0,0.0,0.0
1,7,0.0,0.0,0.0
1,7,0.0,0.0,0.0
1,7,0.0,0.0,0.0
1,7,0.0,0.0,0.0
1,7,0.0,0.0,0.0
1,7,0.0,0.0,0.0
1,7,0.0,0.0,0.0
1,7,0.0,0.0,0.0
1,7,0.0,0.0,0.0
1,7,0.0,0.0,0.0
1,7,0.0,0.0,0.0
1,7,0.0,0.0,0.0
1,7,0.0,0.0,0.0
1,7,0.0,0.0,0.0
1,7,0.0,0.0,0.0
1,7,0.0,0.0,0.0
1,7,0.0,0.0,0.0
1,7,0.0,0.0,0.0
1,7,0.0,0.0,0.0
1,7,0.0,0.0,0.0
1,7,0.0,0.0,0.0
1,7,0.0,0.0,0.0
1,7,0.0,0.0,0.0
1,7,0.0,0.0,0.0
1,7,0.0,0.0,0.0
1,7,0.0,0.0,0.0
1,7,0.0,0.0,0.0
1,7,0.0,0.0,0.0
1,7,0.0,0.0,0.0
1,7,0.0,0.0,0.0
1,7,0.0,0.0,0.0
1,7,0.0,0.0,0.0
1,7,0.0,0.0,0.0
1,7,0.0,0.0,0.0
1,7,0.0,0.0,0.0
1,7,0.0,0.0,0.0
1,7,0.0,0.0,0.0
1,7,0.0,0.0,0.0
1,7,0.0,0.0,0.0
1,7,0.0,0.0,0.0
1,7,0.0,0.0,0.0
1,7,0.0,0.0,0.0
1,7,0.0,0.0,0.0
1,7,0.0,0.0,0.0
1,7,0.0,0.0,0.0
1,7,0.0,0.0,0.0
1,7,0.0,0.0,0.0
1,7,0.0,0.0,0.0
1,7,0.0,0.0,0.0
1,7,0.0,0.0,0.0
1,7,0.0,0.0,0.0
1,7,0.0,0.0,0.0
1,7,0.0,0.0,0.0
1,7,0.0,0.0,0.0
1,7,0.0,0.0,0.0
1,7,0.0,0.0,0.0
1,7,0.0,0.0,0.0
1,7,0.0,0.0,0.0
1,7,0.0,0.0,0.0
1,7,0.0,0.0,0.0
1,7,0.0,0.0,0.0
1,7,0.0,0.0,0.0
1,7,0.0,0.0,0.0
1,7,0.0,0.0,0.0
1,7,0.0,0.0,0.0
1,7,0.0,0.0,0.0
1,7,0.0,0.0,0.0
1,7,0.0,0.0,0.0
1,7,0.0,0.0,0.0
1,7,0.0,0.0,0.0
1,7,0.0,0.0,0.0
1,7,0.0,0.0,0.0
1,7,0.0,0.0,0.0
1,7,0.0,0.0,0.0
1,7,0.0,0.0,0.0
1,7,0.0,0.0,0.0
1,7,0.0,0.0,0.0
1,7,0.0,0.0,0.0
1,7,0.0,0.0,0.0
1,7,0.0,0.0,0.0
1,7,0.0,0.0,0.0
1,7,0.0,0.0,0.0
1,7,0.0,0.0,72.59999999999997
1,7,0.0,0.0,0.0
1,7,0.0,0.0,0.0
1,7,0.0,0.0,0.0
1,7,0.0,0.0,0.0
1,7,0.0,0.0,0.0
1,7,0.0,0.0,0.0
1,7,0.0,0.0,0.0
1,7,0.0,0.0,0.0
1,7,0.0,0.0,0.0
1,7,0.0,0.0,0.0
1,7,0.0,0.0,0.0
1,7,0.0,0.0,0.0
1,7,0.0,0.0,0.0
1,7,0.0,0.0,0.0
1,7,0.0,0.0,0.0
1,7,0.0,0.0,0.0
1,7,0.0,0.0,0.0
1,7,0.0,0.0,0.0
1,7,0.0,0.0,0.0
1,7,0.0,0.0,0.0
1,7,0.0,0.0,0.0
1,7,0.0,0.0,0.0
1,7,0.0,0.0,0.0
1,7,0.0,0.0,0.0
1,7,0.0,0.0,0.0
1,7,0.0,0.0,0.0
1,7,0.0,0.0,0.0
1,7,0.0,0.0,0.0
1,7,0.0,0.0,0.0
1,7,0.0,0.0,0.0
1,7,0.0,0.0,0.0
1,7,0.0,0.0,0.0
1,7,0.0,0.0,0.0
1,7,0.0,0.0,0.0
1,7,0.0,0.0,0.0
1,7,0.0,0.0,0.0
1,7,0.0,0.0,0.0
1,7,0.0,0.0,0.0
1,7,0.0,0.0,0.0
1,7,0.0,0.0,0.0
1,7,0.0,0.0,0.0
1,7,0.0,0.0,0.0
1,7,0.0,0.0,0.0
1,7,0.0,0.0,0.0
1,7,0.0,0.0,0.0
1,7,0.0,0.0,0.0
1,7,0.0,0.0,0.0
1,7,0.0,0.0,0.0
1,7,0.0,0.0,0.0
1,7,0.0,0.0,0.0
1,7,0.0,0.0,0.0
1,7,0.0,0.0,0.0
1,7,0.0,0.0,0.0
1,7,0.0,0.0,0.0
1,7,0.0,0.0,0.0
1,7,0.0,0.0,0.0
1,7,0.0,0.0,0.0
1,7,0.0,0.0,0.0
1,7,0.0,0.0,0.0
1,7,0.0,0.0,0.0
1,7,0.0,0.0,0.0
1,7,0.0,0.0,0.0
1,7,0.0,0.0,0.0
1,7,0.0,0.0,0.0
1,7,0.0,0.0,0.0
1,7,0.0,0.0,0.0
1,7,0.0,0.0,0.0
1,7,0.0,0.0,0.0
1,7,0.0,0.0,0.0
1,7,0.0,0.0,0.0
1,7,0.0,0.0,0.0
1,7,0.0,0.0,0.0
1,7,0.0,0.0,0.0
1,7,0.0,0.0,0.0
1,7,0.0,0.0,0.0
1,7,0.0,0.0,0.0
1,7,0.0,0.0,0.0
1,7,0.0,0.0,0.0
1,7,0.0,0.0,0.0
1,7,0.0,0.0,0.0
1,7,0.0,0.0,0.0
1,7,0.0,0.0,0.0
1,7,0.0,0.0,0.0
1,7,0.0,0.0,0.0
1,7,0.0,0.0,0.0
1,7,0.0,0.0,0.0
1,7,0.0,0.0,0.0
1,7,0.0,0.0,0.0
1,7,0.0,0.0,0.0
1,7,0.0,0.0,0.0
1,7,0.0,0.0,0.0
1,7,0.0,0.0,0.0
1,7,0.0,0.0,0.0
1,7,0.0,0.0,0.0
1,7,0.0,0.0,0.0
1,7,0.0,0.0,0.0
1,7,0.0,0.0,0.0
1,7,0.0,0.0,0.0
1,7,0.0,0.0,0.0
1,7,0.0,0.0,0.0
1,7,0.0,0.0,0.0
1,7,0.0,0.0,0.0
1,7,0.0,0.0,0.0
1,7,0.0,0.0,0.0
1,7,0.0,0.0,0.0
1,7,0.0,0.0,0.0
1,7,0.0,0.0,0.0
1,7,0.0,0.0,0.0
1,7,0.0,0.0,0.0
1,7,0.0,0.0,0.0
1,7,0.0,0.0,0.0
1,7,0.0,0.0,0.0
1,7,0.0,0.0,0.0
1,7,0.0,0.0,0.0
1,7,0.0,0.0,0.0
1,7,0.0,0.0,0.0
1,7,0.0,0.0,0.0
1,7,0.0,0.0,0.0
1,7,0.0,0.0,0.0
1,7,0.0,0.0,0.0
1,7,0.0,0.0,0.0
1,7,0.0,0.0,0.0
1,7,0.0,0.0,0.0
1,7,0.0,0.0,0.0
1,7,0.0,0.0,0.0
1,7,0.0,0.0,0.0
1,7,0.0,0.0,0.0
1,7,0.0,0.0,0.0
1,7,0.0,0.0,0.0
1,7,0.0,0.0,0.0
1,7,0.0,0.0,0.0
1,7,0.0,0.0,0.0
1,7,0.0,0.0,0.0
1,7,0.0,0.0,0.0
1,7,0.0,0.0,0.0
1,7,0.0,0.0,0.0
1,7,0.0,0.0,0.0
1,7,0.0,0.0,0.0
1,7,0.0,0.0,0.0
1,7,0.0,0.0,0.0
1,7,0.0,0.0,0.0
1,7,0.0,0.0,0.0
1,7,0.0,0.0,0.0
1,7,0.0,0.0,0.0
1,7,0.0,0.0,0.0
1,7,0.0,0.0,0.0
1,7,0.0,0.0,0.0
1,7,0.0,0.0,0.0
1,7,0.0,0.0,0.0
1,7,0.0,0.0,0.0
1,7,0.0,0.0,0.0
1,7,0.0,0.0,0.0
1,7,0.0,0.0,0.0
1,7,0.0,0.0,0.0
1,7,0.0,0.0,0.0
1,7,0.0,0.0,0.0
1,7,0.0,0.0,0.0
1,7,0.0,0.0,0.0
1,7,0.0,0.0,0.0
1,7,0.0,0.0,0.0
1,7,0.0,0.0,0.0
1,7,0.0,0.0,0.0
1,7,0.0,0.0,0.0
1,7,0.0,0.0,0.0
1,7,0.0,0.0,0.0
1,7,0.0,0.0,0.0
1,7,0.0,0.0,0.0
1,7,0.0,0.0,0.0
1,7,0.0,0.0,0.0
1,7,0.0,0.0,0.0
1,7,0.0,0.0,0.0
1,7,0.0,0.0,0.0
1,7,0.0,0.0,0.0
1,7,0.0,0.0,0.0
1,7,0.0,0.0,0.0
1,7,0.0,0.0,0.0
1,7,0.0,0.0,0.0
1,7,0.0,0.0,0.0
1,7,0.0,0.0,0.0
1,7,0.0,0.0,0.0
1,7,0.0,0.0,0.0
1,7,0.0,0.0,0.0
1,7,0.0,0.0,0.0
1,7,0.0,0.0,0.0
1,7,0.0,0.0,0.0
1,7,0.0,0.0,0.0
1,7,0.0,0.0,0.0
1,7,0.0,0.0,0.0
1,7,0.0,0.0,0.0
1,7,0.0,0.0,0.0
1,7,0.0,0.0,0.0
1,7,0.0,0.0,0.0
1,7,0.0,0.0,0.0
1,7,0.0,0.0,0.0
1,7,0.0,0.0,0.0
1,7,0.0,0.0,0.0
1,7,0.0,0.0,0.0
1,7,0.0,0.0,0.0
1,7,0.0,0.0,0.0
1,7,0.0,0.0,0.0
1,7,0.0,0.0,0.0
1,7,0.0,0.0,0.0
1,7,0.0,0.0,0.0
1,7,0.0,0.0,0.0
1,7,0.0,0.0,0.0
1,7,0.0,0.0,0.0
1,7,0.0,0.0,0.0
1,7,0.0,0.0,0.0
1,7,0.0,0.0,0.0
1,7,0.0,0.0,0.0
1,7,0.0,0.0,0.0
1,7,0.0,0.0,0.0
1,7,0.0,0.0,0.0
1,7,0.0,0.0,0.0
1,7,0.0,0.0,0.0
1,7,0.0,0.0,0.0
1,7,0.0,0.0,0.0
1,7,0.0,0.0,0.0
1,7,0.0,0.0,0.0
1,7,0.0,0.0,0.0
1,7,0.0,0.0,0.0
1,7,0.0,0.0,0.0
1,7,0.0,0.0,0.0
1,7,0.0,0.0,0.0
1,7,0.0,0.0,0.0
1,7,0.0,0.0,0.0
1,7,0.0,0.0,0.0
1,7,0.0,0.0,0.0
1,7,0.0,0.0,0.0
1,7,0.0,0.0,0.0
1,7,0.0,0.0,0.0
1,7,0.0,0.0,0.0
1,7,0.0,0.0,0.0
1,7,0.0,0.0,0.0
1,7,0.0,0.0,0.0
1,7,0.0,0.0,0.0
1,7,0.0,0.0,0.0
1,7,0.0,0.0,0.0
1,7,0.0,0.0,0.0
1,7,0.0,0.0,0.0
1,7,0.0,0.0,0.0
1,7,0.0,0.0,0.0
1,7,0.0,0.0,0.0
1,7,0.0,0.0,0.0
1,7,0.0,0.0,0.0
1,7,0.0,0.0,0.0
1,7,0.0,0.0,0.0
1,7,0.0,0.0,0.0
1,7,0.0,0.0,0.0
1,7,0.0,0.0,0.0
1,7,0.0,0.0,0.0
1,7,0.0,0.0,0.0
1,7,0.0,0.0,0.0
1,7,0.0,0.0,0.0
1,7,0.0,0.0,0.0
1,7,0.0,0.0,0.0
1,7,0.0,0.0,0.0
1,7,0.0,0.0,0.0
1,7,0.0,0.0,0.0
1,7,0.0,0.0,0.0
1,7,0.0,0.0,0.0
1,7,0.0,0.0,0.0
1,7,0.0,0.0,0.0
1,7,0.0,0.0,0.0
1,7,0.0,0.0,0.0
1,7,0.0,0.0,0.0
1,7,0.0,0.0,0.0
1,7,0.0,0.0,0.0
1,7,0.0,0.0,0.0
1,7,0.0,0.0,0.0
1,7,0.0,0.0,0.0
1,7,0.0,0.0,0.0
1,7,0.0,0.0,0.0
1,7,0.0,0.0,0.0
1,7,0.0,0.0,0.0
1,7,0.0,0.0,0.0
1,7,0.0,0.0,0.0
1,7,0.0,0.0,0.0
1,7,0.0,0.0,0.0
1,7,0.0,0.0,0.0
1,7,0.0,0.0,0.0
1,7,0.0,0.0,0.0
1,7,0.0,0.0,0.0
1,7,0.0,0.0,0.0
1,7,0.0,0.0,0.0
1,7,0.0,0.0,0.0
1,7,0.0,0.0,0.0
1,7,0.0,0.0,0.0
1,7,0.0,0.0,0.0
1,7,0.0,0.0,0.0
1,7,0.0,0.0,0.0
1,7,0.0,0.0,0.0
1,7,0.0,0.0,0.0
1,7,0.0,0.0,0.0
1,7,0.0,0.0,0.0
1,7,0.0,0.0,0.0
1,7,0.0,0.0,0.0
1,7,0.0,0.0,0.0
1,7,0.0,0.0,0.0
1,7,0.0,0.0,0.0
1,7,0.0,0.0,0.0
1,7,0.0,0.0,0.0
1,7,0.0,0.0,0.0
1,7,0.0,0.0,0.0
1,7,0.0,0.0,0.0
1,7,0.0,0.0,0.0
1,7,0.0,0.0,0.0
1,7,0.0,0.0,0.0
1,7,0.0,0.0,0.0
1,7,0.0,0.0,0.0
1,7,0.0,0.0,0.0
1,7,0.0,0.0,0.0
1,7,0.0,0.0,0.0
1,7,0.0,0.0,0.0
1,7,0.0,0.0,0.0
1,7,0.0,0.0,0.0
1,7,0.0,0.0,0.0
1,7,0.0,0.0,0.0
1,7,0.0,0.0,0.0
1,7,0.0,0.0,0.0
1,7,0.0,0.0,0.0
1,7,0.0,0.0,0.0
1,7,0.0,0.0,0.0
1,7,0.0,0.0,0.0
1,7,0.0,0.0,0.0
1,7,0.0,0.0,0.0
1,7,0.0,0.0,0.0
1,7,0.0,0.0,0.0
1,7,0.0,0.0,0.0
1,7,0.0,0.0,0.0
1,7,0.0,0.0,0.0
1,7,0.0,0.0,0.0
1,7,0.0,0.0,0.0
1,7,0.0,0.0,0.0
1,7,0.0,0.0,0.0
1,7,0.0,0.0,0.0
1,7,0.0,0.0,0.0
1,7,0.0,0.0,0.0
1,7,0.0,0.0,0.0
1,7,0.0,0.0,0.0
1,7,0.0,0.0,0.0
1,7,0.0,0.0,0.0
1,7,0.0,0.0,0.0
1,7,0.0,0.0,0.0
1,7,0.0,0.0,0.0
1,7,0.0,0.0,0.0
1,7,0.0,0.0,0.0
1,7,0.0,0.0,0.0
1,7,0.0,0.0,0.0
1,7,0.0,0.0,0.0
1,7,0.0,0.0,0.0
1,7,0.0,0.0,0.0
1,7,0.0,0.0,0.0
1,7,0.0,0.0,0.0
1,7,0.0,0.0,0.0
1,7,0.0,0.0,0.0
1,7,0.0,0.0,0.0
1,7,0.0,0.0,0.0
1,7,0.0,0.0,0.0
1,7,0.0,0.0,0.0
1,7,0.0,0.0,0.0
1,7,0.0,0.0,0.0
1,7,0.0,0.0,0.0
1,7,0.0,0.0,0.0
1,7,0.0,0.0,0.0
1,7,0.0,0.0,0.0
1,7,0.0,0.0,0.0
1,7,0.0,0.0,0.0
1,7,0.0,0.0,0.0
1,7,0.0,0.0,0.0
1,7,0.0,0.0,0.0
1,7,0.0,0.0,0.0
1,7,0.0,0.0,0.0
1,7,0.0,0.0,0.0
1,7,0.0,0.0,0.0
1,7,0.0,0.0,0.0
1,7,0.0,0.0,0.0
1,7,0.0,0.0,0.0
1,7,0.0,0.0,0.0
1,7,0.0,0.0,0.0
1,7,0.0,0.0,0.0
1,7,0.0,0.0,0.0
1,7,0.0,0.0,0.0
1,7,0.0,0.0,0.0
1,7,0.0,0.0,0.0
1,7,0.0,0.0,0.0
1,7,0.0,0.0,0.0
1,7,0.0,0.0,0.0
1,7,0.0,0.0,0.0
1,7,0.0,0.0,0.0
1,7,0.0,0.0,0.0
1,7,0.0,0.0,0.0
1,7,0.0,0.0,0.0
1,7,0.0,0.0,0.0
1,7,0.0,0.0,0.0
1,7,0.0,0.0,0.0
1,7,0.0,0.0,0.0
1,7,0.0,0.0,0.0
1,7,0.0,0.0,0.0
1,7,0.0,0.0,0.0
1,7,0.0,0.0,0.0
1,7,0.0,0.0,0.0
1,7,0.0,0.0,0.0
1,7,0.0,0.0,0.0
1,7,0.0,0.0,0.0
1,7,0.0,0.0,0.0
1,7,0.0,0.0,0.0
1,7,0.0,0.0,0.0
1,7,0.0,0.0,0.0
1,7,0.0,0.0,0.0
1,7,0.0,0.0,0.0
1,7,0.0,0.0,0.0
1,7,0.0,0.0,0.0
1,7,0.0,0.0,0.0
1,7,0.0,0.0,0.0
1,7,0.0,0.0,0.0
1,7,0.0,0.0,0.0
1,7,0.0,0.0,0.0
1,7,0.0,0.0,0.0
1,7,0.0,0.0,0.0
1,7,0.0,0.0,0.0
1,7,0.0,0.0,0.0
1,7,0.0,0.0,0.0
1,7,0.0,0.0,0.0
1,7,0.0,0.0,0.0
1,7,0.0,0.0,0.0
1,7,0.0,0.0,39.6
1,7,0.0,0.0,0.0
1,7,0.0,0.0,0.0
1,7,0.0,0.0,0.0
1,7,0.0,0.0,0.0
1,7,0.0,0.0,0.0
1,7,0.0,0.0,0.0
1,7,0.0,0.0,0.0
1,7,0.0,0.0,0.0
1,7,0.0,0.0,0.0
1,7,0.0,0.0,0.0
1,7,0.0,0.0,0.0
1,7,0.0,0.0,0.0
1,7,0.0,0.0,0.0
1,7,0.0,0.0,0.0
1,7,0.0,0.0,0.0
1,7,0.0,0.0,0.0
1,7,0.0,0.0,0.0
1,7,0.0,0.0,0.0
1,7,0.0,0.0,0.0
1,7,0.0,0.0,0.0
1,7,0.0,0.0,0.0
1,7,0.0,0.0,0.0
1,7,0.0,0.0,0.0
1,7,0.0,0.0,0.0
1,7,0.0,0.0,0.0
1,7,0.0,0.0,0.0
1,7,0.0,0.0,0.0
1,7,0.0,0.0,0.0
1,7,0.0,0.0,0.0
1,7,0.0,0.0,0.0
1,7,0.0,0.0,0.0
1,7,0.0,0.0,0.0
1,7,0.0,0.0,0.0
1,7,0.0,0.0,0.0
1,7,0.0,0.0,0.0
1,7,0.0,0.0,0.0
1,7,0.0,0.0,0.0
1,7,0.0,0.0,0.0
1,7,0.0,0.0,0.0
1,7,0.0,0.0,0.0
1,7,0.0,0.0,0.0
1,7,0.0,0.0,0.0
1,7,0.0,0.0,0.0
1,7,0.0,0.0,0.0
1,7,0.0,0.0,0.0
1,7,0.0,0.0,0.0
1,7,0.0,0.0,0.0
1,7,0.0,0.0,0.0
1,7,0.0,0.0,0.0
1,7,0.0,0.0,0.0
1,7,0.0,0.0,0.0
1,7,0.0,0.0,0.0
1,7,0.0,0.0,0.0
1,7,0.0,0.0,0.0
1,7,0.0,0.0,0.0
1,7,0.0,0.0,0.0
1,7,0.0,0.0,0.0
1,7,0.0,0.0,0.0
1,7,0.0,0.0,0.0
1,7,0.0,0.0,0.0
1,7,0.0,0.0,0.0
1,7,0.0,0.0,0.0
1,7,0.0,0.0,0.0
1,7,0.0,0.0,0.0
1,7,0.0,0.0,0.0
1,7,0.0,0.0,0.0
1,7,0.0,0.0,0.0
1,7,0.0,0.0,0.0
1,7,0.0,0.0,0.0
1,7,0.0,0.0,0.0
1,7,0.0,0.0,0.0
1,7,0.0,0.0,0.0
1,7,0.0,0.0,0.0
1,7,0.0,0.0,0.0
1,7,0.0,0.0,0.0
1,7,0.0,0.0,0.0
1,7,0.0,0.0,0.0
1,7,0.0,0.0,0.0
1,7,0.0,0.0,0.0
1,7,0.0,0.0,0.0
1,7,0.0,0.0,0.0
1,7,0.0,0.0,0.0
1,7,0.0,0.0,0.0
1,7,0.0,0.0,0.0
1,7,0.0,0.0,0.0
1,7,0.0,0.0,0.0
1,7,0.0,0.0,0.0
1,7,0.0,0.0,0.0
1,7,0.0,0.0,0.0
1,7,0.0,0.0,0.0
1,7,0.0,0.0,0.0
1,7,0.0,0.0,0.0
1,7,0.0,0.0,0.0
1,7,0.0,0.0,0.0
1,7,0.0,0.0,0.0
1,7,0.0,0.0,0.0
1,7,0.0,0.0,0.0
1,7,0.0,0.0,0.0
1,7,0.0,0.0,0.0
1,7,0.0,0.0,0.0
1,7,0.0,0.0,0.0
1,7,0.0,0.0,0.0
1,7,0.0,0.0,0.0
1,7,0.0,0.0,0.0
1,7,0.0,0.0,0.0
1,7,0.0,0.0,0.0
1,7,0.0,0.0,0.0
1,7,0.0,0.0,0.0
1,7,0.0,0.0,0.0
1,7,0.0,0.0,0.0
1,7,0.0,0.0,0.0
1,7,0.0,0.0,0.0
1,7,0.0,0.0,0.0
1,7,0.0,0.0,0.0
1,7,0.0,0.0,0.0
1,7,0.0,0.0,0.0
1,7,0.0,0.0,0.0
1,7,0.0,0.0,0.0
1,7,0.0,0.0,0.0
1,7,0.0,0.0,0.0
1,7,0.0,0.0,0.0
1,7,0.0,0.0,0.0
1,7,0.0,0.0,0.0
1,7,0.0,0.0,0.0
1,7,0.0,0.0,0.0
1,7,0.0,0.0,0.0
1,7,0.0,0.0,0.0
1,7,0.0,0.0,0.0
1,7,0.0,0.0,0.0
1,7,0.0,0.0,0.0
1,7,0.0,0.0,0.0
1,7,0.0,0.0,0.0
1,7,0.0,0.0,0.0
1,7,0.0,0.0,0.0
1,7,0.0,0.0,0.0
1,7,0.0,0.0,0.0
1,7,0.0,0.0,0.0
1,7,0.0,0.0,0.0
1,7,0.0,0.0,0.0
1,7,0.0,0.0,0.0
1,7,0.0,0.0,0.0
1,7,0.0,0.0,0.0
1,7,0.0,0.0,0.0
1,7,0.0,0.0,0.0
1,7,0.0,0.0,0.0
1,7,0.0,0.0,0.0
1,7,0.0,0.0,0.0
1,7,0.0,0.0,0.0
1,7,0.0,0.0,0.0
1,7,0.0,0.0,0.0
1,7,0.0,0.0,0.0
1,7,0.0,0.0,0.0
1,7,0.0,0.0,0.0
1,7,0.0,0.0,0.0
1,7,0.0,0.0,0.0
1,7,0.0,0.0,0.0
1,7,0.0,0.0,0.0
1,7,0.0,0.0,0.0
1,7,0.0,0.0,0.0
1,7,0.0,0.0,0.0
1,7,0.0,0.0,0.0
1,7,0.0,0.0,0.0
1,7,0.0,0.0,0.0
1,7,0.0,0.0,0.0
1,7,0.0,0.0,0.0
1,7,0.0,0.0,0.0
1,7,0.0,0.0,0.0
1,7,0.0,0.0,0.0
1,7,0.0,0.0,0.0
1,7,0.0,0.0,0.0
1,7,0.0,0.0,0.0
1,7,0.0,0.0,0.0
1,7,0.0,0.0,0.0
1,7,0.0,0.0,0.0
1,7,0.0,0.0,0.0
1,7,0.0,0.0,0.0
1,7,0.0,0.0,0.0
1,7,0.0,0.0,0.0
1,7,0.0,0.0,0.0
1,7,0.0,0.0,0.0
1,7,0.0,0.0,0.0
1,7,0.0,0.0,0.0
1,7,0.0,0.0,0.0
1,7,0.0,0.0,0.0
1,7,0.0,0.0,0.0
1,7,0.0,0.0,0.0
1,7,0.0,0.0,0.0
1,7,0.0,0.0,0.0
1,7,0.0,0.0,0.0
1,7,0.0,0.0,0.0
1,7,0.0,0.0,0.0
1,7,0.0,0.0,0.0
1,7,0.0,0.0,0.0
1,7,0.0,0.0,0.0
1,7,0.0,0.0,0.0
1,7,0.0,0.0,0.0
1,7,0.0,0.0,0.0
1,7,0.0,0.0,0.0
1,7,0.0,0.0,0.0
1,7,0.0,0.0,0.0
1,7,0.0,0.0,0.0
1,7,0.0,0.0,0.0
1,7,0.0,0.0,0.0
1,7,0.0,0.0,0.0
1,7,0.0,0.0,0.0
1,7,0.0,0.0,0.0
1,7,0.0,0.0,0.0
1,7,0.0,0.0,0.0
1,7,0.0,0.0,0.0
1,7,0.0,0.0,0.0
1,7,0.0,0.0,0.0
1,7,0.0,0.0,0.0
1,7,0.0,0.0,0.0
1,7,0.0,0.0,0.0
1,7,0.0,0.0,0.0
1,7,0.0,0.0,0.0
1,7,0.0,0.0,0.0
1,7,0.0,0.0,0.0
1,7,0.0,0.0,0.0
1,7,0.0,0.0,0.0
1,7,0.0,0.0,0.0
1,7,0.0,0.0,0.0
1,7,0.0,0.0,0.0
1,7,0.0,0.0,0.0
1,7,0.0,0.0,0.0
1,7,0.0,0.0,0.0
1,7,0.0,0.0,0.0
1,7,0.0,0.0,0.0
1,7,0.0,0.0,0.0
1,7,0.0,0.0,0.0
1,7,0.0,0.0,0.0
1,7,0.0,0.0,0.0
1,7,0.0,0.0,0.0
1,7,0.0,0.0,0.0
1,7,0.0,0.0,0.0
1,7,0.0,0.0,0.0
1,7,0.0,0.0,0.0
1,7,0.0,0.0,0.0
1,7,0.0,0.0,0.0
1,7,0.0,0.0,0.0
1,7,0.0,0.0,0.0
1,7,0.0,0.0,0.0
1,7,0.0,0.0,0.0
1,7,0.0,0.0,0.0
1,7,0.0,0.0,0.0
1,7,0.0,0.0,0.0
1,7,0.0,0.0,0.0
1,7,0.0,0.0,0.0
1,7,0.0,0.0,0.0
1,7,0.0,0.0,0.0
1,7,0.0,0.0,0.0
1,7,0.0,0.0,0.0
1,7,0.0,0.0,0.0
1,7,0.0,0.0,0.0
1,7,0.0,0.0,0.0
1,7,0.0,0.0,0.0
1,7,0.0,0.0,0.0
1,7,0.0,0.0,0.0
1,7,0.0,0.0,0.0
1,7,0.0,0.0,0.0
1,7,0.0,0.0,0.0
1,7,0.0,0.0,0.0
1,7,0.0,0.0,0.0
1,7,0.0,0.0,0.0
1,7,0.0,0.0,0.0
1,7,0.0,0.0,0.0
1,7,0.0,0.0,0.0
1,7,0.0,0.0,0.0
1,7,0.0,0.0,0.0
1,7,0.0,0.0,0.0
1,7,0.0,0.0,0.0
1,7,0.0,0.0,0.0
1,7,0.0,0.0,0.0
1,7,0.0,0.0,0.0
1,7,0.0,0.0,0.0
1,7,0.0,0.0,0.0
1,7,0.0,0.0,0.0
1,7,0.0,0.0,0.0
1,7,0.0,0.0,0.0
1,7,0.0,0.0,0.0
1,7,0.0,0.0,0.0
1,7,0.0,0.0,0.0
1,7,0.0,0.0,0.0
1,7,0.0,0.0,0.0
1,7,0.0,0.0,0.0
1,7,0.0,0.0,0.0
1,7,0.0,0.0,0.0
1,7,0.0,0.0,0.0
1,7,0.0,0.0,0.0
1,7,0.0,0.0,0.0
1,7,0.0,0.0,0.0
1,7,0.0,0.0,0.0
1,7,0.0,0.0,0.0
1,7,0.0,0.0,0.0
1,7,0.0,0.0,0.0
1,7,0.0,0.0,0.0
1,7,0.0,0.0,0.0
1,7,0.0,0.0,0.0
1,7,0.0,0.0,0.0
1,7,0.0,0.0,0.0
1,7,0.0,0.0,0.0
1,7,0.0,0.0,0.0
1,7,0.0,0.0,0.0
1,7,0.0,0.0,0.0
1,7,0.0,0.0,0.0
1,7,0.0,0.0,0.0
1,7,0.0,0.0,0.0
1,7,0.0,0.0,0.0
1,7,0.0,0.0,0.0
1,7,0.0,0.0,0.0
1,7,0.0,0.0,0.0
1,7,0.0,0.0,0.0
1,7,0.0,0.0,0.0
1,7,0.0,0.0,0.0
1,7,0.0,0.0,0.0
1,7,0.0,0.0,0.0
1,7,0.0,0.0,0.0
1,7,0.0,0.0,0.0
1,7,0.0,0.0,0.0
1,7,0.0,0.0,0.0
1,7,0.0,0.0,0.0
1,7,0.0,0.0,0.0
1,7,0.0,0.0,0.0
1,7,0.0,0.0,0.0
1,7,0.0,0.0,0.0
1,7,0.0,0.0,0.0
1,7,0.0,0.0,0.0
1,7,0.0,0.0,0.0
1,7,0.0,0.0,0.0
1,7,0.0,0.0,0.0
1,7,0.0,0.0,0.0
1,7,0.0,0.0,0.0
1,7,0.0,0.0,0.0
1,7,0.0,0.0,0.0
1,7,0.0,0.0,0.0
1,7,0.0,0.0,0.0
1,7,0.0,0.0,0.0
1,7,0.0,0.0,0.0
1,7,0.0,0.0,0.0
1,7,0.0,0.0,0.0
1,7,0.0,0.0,0.0
1,7,0.0,0.0,0.0
1,7,0.0,0.0,0.0
1,7,0.0,0.0,0.0
1,7,0.0,0.0,0.0
1,7,0.0,0.0,0.0
1,7,0.0,0.0,0.0
1,7,0.0,0.0,0.0
1,7,0.0,0.0,0.0
1,7,0.0,0.0,0.0
1,7,0.0,0.0,0.0
1,7,0.0,0.0,0.0
1,7,0.0,0.0,0.0
1,7,0.0,0.0,0.0
1,7,0.0,0.0,0.0
1,7,0.0,0.0,0.0
1,7,0.0,0.0,0.0
1,7,0.0,0.0,0.0
1,7,0.0,0.0,0.0
1,7,0.0,0.0,0.0
1,7,0.0,0.0,0.0
1,7,0.0,0.0,0.0
1,7,0.0,0.0,0.0
1,7,0.0,0.0,0.0
1,7,0.0,0.0,0.0
1,7,0.0,0.0,0.0
1,7,0.0,0.0,0.0
1,7,0.0,0.0,0.0
1,7,0.0,0.0,0.0
1,7,0.0,0.0,0.0
1,7,0.0,0.0,0.0
1,7,0.0,0.0,0.0
1,7,0.0,0.0,0.0
1,7,0.0,0.0,0.0
1,7,0.0,0.0,0.0
1,7,0.0,0.0,0.0
1,7,0.0,0.0,0.0
1,7,0.0,0.0,0.0
1,7,0.0,0.0,0.0
1,7,0.0,0.0,0.0
1,7,0.0,0.0,0.0
1,7,0.0,0.0,0.0
1,7,0.0,0.0,0.0
1,7,0.0,0.0,0.0
1,7,0.0,0.0,0.0
1,7,0.0,0.0,0.0
1,7,0.0,0.0,0.0
1,7,0.0,0.0,0.0
1,7,0.0,0.0,0.0
1,7,0.0,0.0,0.0
1,7,0.0,0.0,0.0
1,7,0.0,0.0,0.0
1,7,0.0,0.0,0.0
1,7,0.0,0.0,0.0
1,7,0.0,0.0,0.0
1,7,0.0,0.0,0.0
1,7,0.0,0.0,0.0
1,7,0.0,0.0,0.0
1,7,0.0,0.0,0.0
1,7,0.0,0.0,0.0
1,7,0.0,0.0,0.0
1,7,0.0,0.0,0.0
1,7,0.0,0.0,0.0
1,7,0.0,0.0,0.0
1,7,0.0,0.0,0.0
1,7,0.0,0.0,0.0
1,7,0.0,0.0,0.0
1,7,0.0,0.0,0.0
1,7,0.0,0.0,0.0
1,7,0.0,0.0,0.0
1,7,0.0,0.0,0.0
1,7,0.0,0.0,0.0
1,7,0.0,0.0,0.0
1,7,0.0,0.0,0.0
1,7,0.0,0.0,0.0
1,7,0.0,0.0,0.0
1,7,0.0,0.0,0.0
1,7,0.0,0.0,0.0
1,7,0.0,0.0,0.0
1,7,0.0,0.0,0.0
1,7,0.0,0.0,0.0
1,7,0.0,0.0,0.0
1,7,0.0,0.0,0.0
1,7,0.0,0.0,0.0
1,7,0.0,0.0,0.0
1,7,0.0,0.0,0.0
1,7,0.0,0.0,0.0
1,7,0.0,0.0,0.0
1,7,0.0,0.0,0.0
1,7,0.0,0.0,0.0
1,7,0.0,0.0,0.0
1,7,0.0,0.0,0.0
1,7,0.0,0.0,0.0
1,7,0.0,0.0,0.0
1,7,0.0,0.0,0.0
1,7,0.0,0.0,0.0
1,7,0.0,0.0,0.0
1,7,0.0,0.0,0.0
1,7,0.0,0.0,0.0
1,7,0.0,0.0,0.0
1,7,0.0,0.0,0.0
1,7,0.0,0.0,0.0
1,7,0.0,0.0,0.0
1,7,0.0,0.0,0.0
1,7,0.0,0.0,0.0
1,7,0.0,0.0,0.0
1,7,0.0,0.0,0.0
1,7,0.0,0.0,0.0
1,7,0.0,0.0,0.0
1,7,0.0,0.0,0.0
1,7,0.0,0.0,0.0
1,7,0.0,0.0,0.0
1,7,0.0,0.0,0.0
1,7,0.0,0.0,0.0
1,7,0.0,0.0,0.0
1,7,0.0,0.0,0.0
1,7,0.0,0.0,0.0
1,7,0.0,0.0,0.0
1,7,0.0,0.0,0.0
1,7,0.0,0.0,0.0
1,7,0.0,0.0,0.0
1,7,0.0,0.0,0.0
1,7,0.0,0.0,0.0
1,7,0.0,0.0,0.0
1,7,0.0,0.0,0.0
1,7,0.0,0.0,0.0
1,7,0.0,0.0,0.0
1,7,0.0,0.0,0.0
1,7,0.0,0.0,0.0
1,7,0.0,0.0,0.0
1,7,0.0,0.0,0.0
1,7,0.0,0.0,0.0
1,7,0.0,0.0,0.0
1,7,0.0,0.0,0.0
1,7,0.0,0.0,0.0
1,7,0.0,0.0,0.0
1,7,0.0,0.0,0.0
1,7,0.0,0.0,0.0
1,7,0.0,0.0,0.0
1,7,0.0,0.0,0.0
1,7,0.0,0.0,0.0
1,7,0.0,0.0,0.0
1,7,0.0,0.0,0.0
1,7,0.0,0.0,0.0
1,7,0.0,0.0,0.0
1,7,0.0,0.0,0.0
1,7,0.0,0.0,0.0
1,7,0.0,0.0,0.0
1,7,0.0,0.0,0.0
1,7,0.0,0.0,0.0
1,7,0.0,0.0,0.0
1,7,0.0,0.0,0.0
1,7,0.0,0.0,0.0
1,7,0.0,0.0,0.0
1,7,0.0,0.0,0.0
1,7,0.0,0.0,0.0
1,7,0.0,0.0,0.0
1,7,0.0,0.0,0.0
1,7,0.0,0.0,0.0
1,7,0.0,0.0,0.0
1,7,0.0,0.0,0.0
1,7,0.0,0.0,0.0
1,7,0.0,0.0,0.0
1,7,0.0,0.0,0.0
1,7,0.0,0.0,0.0
1,7,0.0,0.0,0.0
1,7,0.0,0.0,0.0
1,7,0.0,0.0,0.0
1,7,0.0,0.0,0.0
1,7,0.0,0.0,0.0
1,7,0.0,0.0,0.0
1,7,0.0,0.0,0.0
1,7,0.0,0.0,0.0
1,7,0.0,0.0,0.0
1,7,0.0,0.0,0.0
1,7,0.0,0.0,0.0
1,7,0.0,0.0,0.0
1,7,0.0,0.0,0.0
1,7,0.0,0.0,0.0
1,7,0.0,0.0,0.0
1,7,0.0,0.0,0.0
1,7,0.0,0.0,0.0
1,7,0.0,0.0,0.0
1,7,0.0,0.0,0.0
1,7,0.0,0.0,0.0
1,7,0.0,0.0,0.0
1,7,0.0,0.0,0.0
1,7,0.0,0.0,0.0
1,7,0.0,0.0,0.0
1,7,0.0,0.0,0.0
1,7,0.0,0.0,0.0
1,7,0.0,0.0,0.0
1,7,0.0,0.0,0.0
1,7,0.0,0.0,0.0
1,7,0.0,0.0,0.0
1,7,0.0,0.0,0.0
1,7,0.0,0.0,0.0
1,7,0.0,0.0,0.0
1,7,0.0,0.0,0.0
1,7,0.0,0.0,0.0
1,7,0.0,0.0,0.0
1,7,0.0,0.0,0.0
1,7,0.0,0.0,0.0
1,7,0.0,0.0,0.0
1,7,0.0,0.0,0.0
1,7,0.0,0.0,0.0
1,7,0.0,0.0,0.0
1,7,0.0,0.0,0.0
1,7,0.0,0.0,0.0
1,7,0.0,0.0,0.0
1,7,0.0,0.0,0.0
1,7,0.0,0.0,0.0
1,7,0.0,0.0,0.0
1,7,0.0,0.0,0.0
1,7,0.0,0.0,0.0
1,7,0.0,0.0,0.0
1,7,0.0,0.0,0.0
1,7,0.0,0.0,0.0
1,7,0.0,0.0,0.0
1,7,0.0,0.0,0.0
1,7,0.0,0.0,0.0
1,7,0.0,0.0,0.0
1,7,0.0,0.0,0.0
1,7,0.0,0.0,0.0
1,7,0.0,0.0,0.0
1,7,0.0,0.0,0.0
1,7,0.0,0.0,0.0
1,7,0.0,0.0,0.0
1,7,0.0,0.0,0.0
1,7,0.0,0.0,0.0
1,7,0.0,0.0,0.0
1,7,0.0,0.0,0.0
1,7,0.0,0.0,0.0
1,7,0.0,0.0,0.0
1,7,0.0,0.0,0.0
1,7,0.0,0.0,0.0
1,7,0.0,0.0,0.0
1,7,0.0,0.0,0.0
1,7,0.0,0.0,0.0
1,7,0.0,0.0,0.0
1,7,0.0,0.0,0.0
1,7,0.0,0.0,0.0
1,7,0.0,0.0,0.0
1,7,0.0,0.0,0.0
1,7,0.0,0.0,0.0
1,7,0.0,0.0,0.0
1,7,0.0,0.0,0.0
1,7,0.0,0.0,0.0
1,7,0.0,0.0,0.0
1,7,0.0,0.0,0.0
1,7,0.0,0.0,0.0
1,7,0.0,0.0,0.0
1,7,0.0,0.0,0.0
1,7,0.0,0.0,0.0
1,7,0.0,0.0,0.0
1,7,0.0,0.0,0.0
1,7,0.0,0.0,0.0
1,7,0.0,0.0,0.0
1,7,0.0,0.0,0.0
1,7,0.0,0.0,0.0
1,7,0.0,0.0,0.0
1,7,0.0,0.0,0.0
1,7,0.0,0.0,0.0
1,7,0.0,0.0,0.0
1,7,0.0,0.0,0.0
1,7,0.0,0.0,0.0
1,7,0.0,0.0,0.0
1,7,0.0,0.0,0.0
1,7,0.0,0.0,0.0
1,7,0.0,0.0,0.0
1,7,0.0,0.0,0.0
1,7,0.0,0.0,0.0
1,7,0.0,0.0,0.0
1,7,0.0,0.0,0.0
1,7,0.0,0.0,0.0
1,7,0.0,0.0,0.0
1,7,0.0,0.0,0.0
1,7,0.0,0.0,0.0
1,7,0.0,0.0,0.0
1,7,0.0,0.0,0.0
1,7,0.0,0.0,0.0
1,7,0.0,0.0,0.0
1,7,0.0,0.0,0.0
1,7,0.0,0.0,0.0
1,7,0.0,0.0,0.0
1,7,0.0,0.0,0.0
1,7,0.0,0.0,0.0
1,7,0.0,0.0,0.0
1,7,0.0,0.0,0.0
1,7,0.0,0.0,0.0
1,7,0.0,0.0,0.0
1,7,0.0,0.0,0.0
1,7,0.0,0.0,0.0
1,7,0.0,0.0,0.0
1,7,0.0,0.0,0.0
1,7,0.0,0.0,0.0
1,7,0.0,0.0,0.0
1,7,0.0,0.0,0.0
1,7,0.0,0.0,0.0
1,7,0.0,0.0,0.0
1,7,0.0,0.0,0.0
1,7,0.0,0.0,0.0
1,7,0.0,0.0,0.0
1,7,0.0,0.0,0.0
1,7,0.0,0.0,0.0
1,7,0.0,0.0,0.0
1,7,0.0,0.0,0.0
1,7,0.0,0.0,0.0
1,7,0.0,0.0,0.0
1,7,0.0,0.0,0.0
1,7,0.0,0.0,0.0
1,7,0.0,0.0,0.0
1,7,0.0,0.0,0.0
1,7,0.0,0.0,0.0
1,7,0.0,0.0,0.0
1,7,0.0,0.0,0.0
1,7,0.0,0.0,0.0
1,7,0.0,0.0,0.0
1,7,0.0,0.0,0.0
1,7,0.0,0.0,0.0
1,7,0.0,0.0,0.0
1,7,0.0,0.0,0.0
1,7,0.0,0.0,0.0
1,7,0.0,0.0,0.0
1,7,0.0,0.0,0.0
1,7,0.0,0.0,0.0
1,7,0.0,0.0,0.0
1,7,0.0,0.0,0.0
1,7,0.0,0.0,0.0
1,7,0.0,0.0,0.0
1,7,0.0,0.0,0.0
1,7,0.0,0.0,0.0
1,7,0.0,0.0,0.0
1,7,0.0,0.0,0.0
1,7,0.0,0.0,0.0
1,7,0.0,0.0,0.0
1,7,0.0,0.0,0.0
1,7,0.0,0.0,0.0
1,7,0.0,0.0,0.0
1,7,0.0,0.0,0.0
1,7,0.0,0.0,0.0
1,7,0.0,0.0,0.0
1,7,0.0,0.0,0.0
1,7,0.0,0.0,0.0
1,7,0.0,0.0,0.0
1,7,0.0,0.0,0.0
1,7,0.0,0.0,0.0
1,7,0.0,0.0,0.0
1,7,0.0,0.0,0.0
1,7,0.0,0.0,0.0
1,7,0.0,0.0,0.0
1,7,0.0,0.0,0.0
1,7,0.0,0.0,0.0
1,7,0.0,0.0,0.0
1,7,0.0,0.0,0.0
1,7,0.0,0.0,0.0
1,7,0.0,0.0,0.0
1,7,0.0,0.0,0.0
1,7,0.0,0.0,0.0
1,7,0.0,0.0,0.0
1,7,0.0,0.0,0.0
1,7,0.0,0.0,0.0
1,7,0.0,0.0,0.0
1,7,0.0,0.0,0.0
1,7,0.0,0.0,0.0
1,7,0.0,0.0,0.0
1,7,0.0,0.0,0.0
1,7,0.0,0.0,0.0
1,7,0.0,0.0,0.0
1,7,0.0,0.0,0.0
1,7,0.0,0.0,0.0
1,7,0.0,0.0,0.0
1,7,0.0,0.0,0.0
1,7,0.0,0.0,0.0
1,7,0.0,0.0,0.0
1,7,0.0,0.0,0.0
1,7,0.0,0.0,0.0
1,7,0.0,0.0,0.0
1,7,0.0,0.0,0.0
1,7,0.0,0.0,0.0
1,7,0.0,0.0,0.0
1,7,0.0,0.0,0.0
1,7,0.0,0.0,0.0
1,7,0.0,0.0,0.0
1,7,0.0,0.0,0.0
1,7,0.0,0.0,0.0
1,7,0.0,0.0,0.0
1,7,0.0,0.0,0.0
1,7,0.0,0.0,0.0
1,7,0.0,0.0,0.0
1,7,0.0,0.0,0.0
1,7,0.0,0.0,0.0
1,7,0.0,0.0,0.0
1,7,0.0,0.0,0.0
1,7,0.0,0.0,0.0
1,7,0.0,0.0,0.0
1,7,0.0,0.0,0.0
1,7,0.0,0.0,0.0
1,7,0.0,0.0,0.0
1,7,0.0,0.0,0.0
1,7,0.0,0.0,0.0
1,7,0.0,0.0,0.0
1,7,0.0,0.0,0.0
1,7,0.0,0.0,0.0
1,7,0.0,0.0,0.0
1,7,0.0,0.0,0.0
1,7,0.0,0.0,0.0
1,7,0.0,0.0,0.0
1,7,0.0,0.0,0.0
1,7,0.0,0.0,0.0
1,7,0.0,0.0,0.0
1,7,0.0,0.0,0.0
1,7,0.0,0.0,0.0
1,7,0.0,0.0,0.0
1,7,0.0,0.0,0.0
1,7,0.0,0.0,0.0
1,7,0.0,0.0,0.0
1,7,0.0,0.0,0.0
1,7,0.0,0.0,0.0
1,7,0.0,0.0,0.0
1,7,0.0,0.0,0.0
1,7,0.0,0.0,0.0
1,7,0.0,0.0,0.0
1,7,0.0,0.0,0.0
1,7,0.0,0.0,0.0
1,7,0.0,0.0,0.0
1,7,0.0,0.0,0.0
1,7,0.0,0.0,0.0
1,7,0.0,0.0,0.0
1,7,0.0,0.0,0.0
1,7,0.0,0.0,0.0
1,7,0.0,0.0,0.0
1,7,0.0,0.0,0.0
1,7,0.0,0.0,0.0
1,7,0.0,0.0,0.0
1,7,0.0,0.0,0.0
1,7,0.0,0.0,0.0
1,7,0.0,0.0,0.0
1,7,0.0,0.0,0.0
1,7,0.0,0.0,0.0
1,7,0.0,0.0,0.0
1,7,0.0,0.0,0.0
1,7,0.0,0.0,0.0
1,7,0.0,0.0,0.0
1,7,0.0,0.0,0.0
1,7,0.0,0.0,0.0
1,7,0.0,0.0,0.0
1,7,0.0,0.0,0.0
1,7,0.0,0.0,0.0
1,7,0.0,0.0,0.0
1,7,0.0,0.0,0.0
1,7,0.0,0.0,0.0
1,7,0.0,0.0,0.0
1,7,0.0,0.0,0.0
1,7,0.0,0.0,0.0
1,7,0.0,0.0,0.0
1,7,0.0,0.0,0.0
1,7,0.0,0.0,0.0
1,7,0.0,0.0,0.0
1,7,0.0,0.0,0.0
1,7,0.0,0.0,0.0
1,7,0.0,0.0,0.0
1,7,0.0,0.0,0.0
1,7,0.0,0.0,0.0
1,7,0.0,0.0,0.0
1,7,0.0,0.0,0.0
1,7,0.0,0.0,0.0
1,7,0.0,0.0,0.0
1,7,0.0,0.0,0.0
1,7,0.0,0.0,0.0
1,7,0.0,0.0,0.0
1,7,0.0,0.0,0.0
1,7,0.0,0.0,0.0
1,7,0.0,0.0,0.0
1,7,0.0,0.0,0.0
1,7,0.0,0.0,0.0
1,7,0.0,0.0,0.0
1,7,0.0,0.0,0.0
1,7,0.0,0.0,0.0
1,7,0.0,0.0,0.0
1,7,0.0,0.0,0.0
1,7,0.0,0.0,0.0
1,7,0.0,0.0,0.0
1,7,0.0,0.0,0.0
1,7,0.0,0.0,0.0
1,7,0.0,0.0,0.0
1,7,0.0,0.0,0.0
1,7,0.0,0.0,0.0
1,7,0.0,0.0,0.0
1,7,0.0,0.0,0.0
1,7,0.0,0.0,0.0
1,7,0.0,0.0,0.0
1,7,0.0,0.0,0.0
1,7,0.0,0.0,0.0
1,7,0.0,0.0,0.0
1,7,0.0,0.0,0.0
1,7,0.0,0.0,0.0
1,7,0.0,0.0,0.0
1,7,0.0,0.0,0.0
1,7,0.0,0.0,0.0
1,7,0.0,0.0,0.0
1,7,0.0,0.0,0.0
1,7,0.0,0.0,0.0
1,7,0.0,0.0,0.0
1,7,0.0,0.0,0.0
1,7,0.0,0.0,0.0
1,7,0.0,0.0,0.0
1,7,0.0,0.0,0.0
1,7,0.0,0.0,0.0
1,7,0.0,0.0,0.0
1,7,0.0,0.0,0.0
1,7,0.0,0.0,0.0
1,7,0.0,0.0,0.0
1,7,0.0,0.0,0.0
1,7,0.0,0.0,0.0
1,7,0.0,0.0,0.0
1,7,0.0,0.0,0.0
1,7,0.0,0.0,0.0
1,7,0.0,0.0,0.0
1,7,0.0,0.0,0.0
1,7,0.0,0.0,0.0
1,7,0.0,0.0,0.0
1,7,0.0,0.0,0.0
1,7,0.0,0.0,0.0
1,7,0.0,0.0,0.0
1,7,0.0,0.0,0.0
1,7,0.0,0.0,0.0
1,7,0.0,0.0,0.0
1,7,0.0,0.0,0.0
1,7,0.0,0.0,0.0
1,7,0.0,0.0,0.0
1,7,0.0,0.0,0.0
1,7,0.0,0.0,0.0
1,7,0.0,0.0,0.0
1,7,0.0,0.0,0.0
1,7,0.0,0.0,0.0
1,7,0.0,0.0,0.0
1,7,0.0,0.0,0.0
1,7,0.0,0.0,0.0
1,7,0.0,0.0,0.0
1,7,0.0,0.0,0.0
1,7,0.0,0.0,0.0
1,7,0.0,0.0,0.0
1,7,0.0,0.0,0.0
1,7,0.0,0.0,0.0
1,7,0.0,0.0,0.0
1,7,0.0,0.0,0.0
1,7,0.0,0.0,0.0
1,7,0.0,0.0,0.0
1,7,0.0,0.0,0.0
1,7,0.0,0.0,0.0
1,7,0.0,0.0,0.0
1,7,0.0,0.0,0.0
1,7,0.0,0.0,0.0
1,7,0.0,0.0,0.0
1,7,0.0,0.0,0.0
1,7,0.0,0.0,0.0
1,7,0.0,0.0,0.0
1,7,0.0,0.0,0.0
1,7,0.0,0.0,0.0
1,7,0.0,0.0,0.0
1,7,0.0,0.0,0.0
1,7,0.0,0.0,0.0
1,7,0.0,0.0,0.0
1,7,0.0,0.0,0.0
1,7,0.0,0.0,0.0
1,7,0.0,0.0,0.0
1,7,0.0,0.0,0.0
1,7,0.0,0.0,0.0
1,7,0.0,0.0,0.0
1,7,0.0,0.0,0.0
1,7,0.0,0.0,0.0
1,7,0.0,0.0,0.0
1,7,0.0,0.0,0.0
1,7,0.0,0.0,0.0
1,7,0.0,0.0,0.0
1,7,0.0,0.0,0.0
1,7,0.0,0.0,0.0
1,7,0.0,0.0,0.0
1,7,0.0,0.0,0.0
1,7,0.0,0.0,0.0
1,7,0.0,0.0,0.0
1,7,0.0,0.0,0.0
1,7,0.0,0.0,0.0
1,7,0.0,0.0,0.0
1,7,0.0,0.0,0.0
1,7,0.0,0.0,0.0
1,7,0.0,0.0,0.0
1,7,0.0,0.0,0.0
1,7,0.0,0.0,0.0
1,7,0.0,0.0,0.0
1,7,0.0,0.0,0.0
1,7,0.0,0.0,0.0
1,7,0.0,0.0,0.0
1,7,0.0,0.0,0.0
1,7,0.0,0.0,0.0
1,7,0.0,0.0,0.0
1,7,0.0,0.0,0.0
1,7,0.0,0.0,0.0
1,7,0.0,0.0,0.0
1,7,0.0,0.0,0.0
1,7,0.0,0.0,0.0
1,7,0.0,0.0,0.0
1,7,0.0,0.0,0.0
1,7,0.0,0.0,0.0
1,7,0.0,0.0,0.0
1,7,0.0,0.0,0.0
1,7,0.0,0.0,0.0
1,7,0.0,0.0,0.0
1,7,0.0,0.0,0.0
1,7,0.0,0.0,0.0
1,7,0.0,0.0,0.0
1,7,0.0,0.0,0.0
1,7,0.0,0.0,0.0
1,7,0.0,0.0,0.0
1,7,0.0,0.0,0.0
1,7,0.0,0.0,0.0
1,7,0.0,0.0,0.0
1,7,0.0,0.0,0.0
1,7,0.0,0.0,0.0
1,7,0.0,0.0,0.0
1,7,0.0,0.0,0.0
1,7,0.0,0.0,0.0
1,7,0.0,0.0,0.0
1,7,0.0,0.0,0.0
1,7,0.0,0.0,0.0
1,7,0.0,0.0,0.0
1,7,0.0,0.0,0.0
1,7,0.0,0.0,0.0
1,7,0.0,0.0,0.0
1,7,0.0,0.0,0.0
1,7,0.0,0.0,0.0
1,7,0.0,0.0,0.0
1,7,0.0,0.0,0.0
1,7,0.0,0.0,0.0
1,7,0.0,0.0,0.0
1,7,0.0,0.0,0.0
1,7,0.0,0.0,0.0
1,7,0.0,0.0,0.0
1,7,0.0,0.0,0.0
1,7,0.0,0.0,0.0
1,7,0.0,0.0,0.0
1,7,0.0,0.0,0.0
1,7,0.0,0.0,0.0
1,7,0.0,0.0,0.0
1,7,0.0,0.0,0.0
1,7,0.0,0.0,0.0
1,7,0.0,0.0,0.0
1,7,0.0,0.0,0.0
1,7,0.0,0.0,0.0
1,7,0.0,0.0,0.0
1,7,0.0,0.0,0.0
1,7,0.0,0.0,0.0
1,7,0.0,0.0,0.0
1,7,0.0,0.0,0.0
1,7,0.0,0.0,0.0
1,7,0.0,0.0,0.0
1,7,0.0,0.0,0.0
1,7,0.0,0.0,0.0
1,7,0.0,0.0,0.0
1,7,0.0,0.0,0.0
1,7,0.0,0.0,0.0
1,7,0.0,0.0,0.0
1,7,0.0,0.0,0.0
1,7,0.0,0.0,0.0
1,7,0.0,0.0,0.0
1,7,0.0,0.0,0.0
1,7,0.0,0.0,0.0
1,7,0.0,0.0,0.0
1,7,0.0,0.0,0.0
1,7,0.0,0.0,0.0
1,7,0.0,0.0,0.0
1,7,0.0,0.0,0.0
1,7,0.0,0.0,0.0
1,7,0.0,0.0,0.0
1,7,0.0,0.0,0.0
1,7,0.0,0.0,0.0
1,7,0.0,0.0,0.0
1,7,0.0,0.0,0.0
1,7,0.0,0.0,0.0
1,7,0.0,0.0,0.0
1,7,0.0,0.0,0.0
1,7,0.0,0.0,0.0
1,7,0.0,0.0,0.0
1,7,0.0,0.0,0.0
1,7,0.0,0.0,0.0
1,7,0.0,0.0,0.0
1,7,0.0,0.0,0.0
1,7,0.0,0.0,0.0
1,7,0.0,0.0,0.0
1,7,0.0,0.0,0.0
1,7,0.0,0.0,0.0
1,7,0.0,0.0,0.0
1,7,0.0,0.0,0.0
1,7,0.0,0.0,0.0
1,7,0.0,0.0,0.0
1,7,0.0,0.0,0.0
1,7,0.0,0.0,0.0
1,7,0.0,0.0,0.0
1,7,0.0,0.0,0.0
1,7,0.0,0.0,0.0
1,7,0.0,0.0,0.0
1,7,0.0,0.0,0.0
1,7,0.0,0.0,0.0
1,7,0.0,0.0,0.0
1,7,0.0,0.0,0.0
1,7,0.0,0.0,0.0
1,7,0.0,0.0,0.0
1,7,0.0,0.0,0.0
1,7,0.0,0.0,0.0
1,7,0.0,0.0,0.0
1,7,0.0,0.0,0.0
1,7,0.0,0.0,0.0
1,7,0.0,0.0,0.0
1,7,0.0,0.0,0.0
1,7,0.0,0.0,0.0
1,7,0.0,0.0,0.0
1,7,0.0,0.0,0.0
1,7,0.0,0.0,0.0
1,7,0.0,0.0,0.0
1,7,0.0,0.0,0.0
1,7,0.0,0.0,0.0
1,7,0.0,0.0,0.0
1,7,0.0,0.0,0.0
1,7,0.0,0.0,0.0
1,7,0.0,0.0,0.0
1,7,0.0,0.0,0.0
1,7,0.0,0.0,0.0
1,7,0.0,0.0,0.0
1,7,0.0,0.0,0.0
1,7,0.0,0.0,0.0
1,7,0.0,0.0,0.0
1,7,0.0,0.0,0.0
1,7,0.0,0.0,0.0
1,7,0.0,0.0,0.0
1,7,0.0,0.0,0.0
1,7,0.0,0.0,0.0
1,7,0.0,0.0,0.0
1,7,0.0,0.0,0.0
1,7,0.0,0.0,0.0
1,7,0.0,0.0,0.0
1,7,0.0,0.0,0.0
1,7,0.0,0.0,0.0
1,7,0.0,0.0,0.0
1,7,0.0,0.0,0.0
1,7,0.0,0.0,0.0
1,7,0.0,0.0,0.0
1,7,0.0,0.0,0.0
1,7,0.0,0.0,0.0
1,7,0.0,0.0,0.0
1,7,0.0,0.0,0.0
1,7,0.0,0.0,0.0
1,7,0.0,0.0,0.0
1,7,0.0,0.0,0.0
1,7,0.0,0.0,0.0
1,7,0.0,0.0,0.0
1,7,0.0,0.0,0.0
1,7,0.0,0.0,0.0
1,7,0.0,0.0,0.0
1,7,0.0,0.0,0.0
1,7,0.0,0.0,0.0
1,7,0.0,0.0,0.0
1,7,0.0,0.0,0.0
1,7,0.0,0.0,0.0
1,7,0.0,0.0,0.0
1,7,0.0,0.0,0.0
1,7,0.0,0.0,0.0
1,7,0.0,0.0,0.0
1,7,0.0,0.0,0.0
1,7,0.0,0.0,0.0
1,7,0.0,0.0,0.0
1,7,0.0,0.0,0.0
1,7,0.0,0.0,0.0
1,7,0.0,0.0,0.0
1,7,0.0,0.0,0.0
1,7,0.0,0.0,0.0
1,7,0.0,0.0,0.0
1,7,0.0,0.0,0.0
1,7,0.0,0.0,0.0
1,7,0.0,0.0,0.0
1,7,0.0,0.0,0.0
1,7,0.0,0.0,0.0
1,7,0.0,0.0,0.0
1,7,0.0,0.0,0.0
1,7,0.0,0.0,0.0
1,7,0.0,0.0,0.0
1,7,0.0,0.0,0.0
1,7,0.0,0.0,0.0
1,7,0.0,0.0,0.0
1,7,0.0,0.0,0.0
1,7,0.0,0.0,0.0
1,7,0.0,0.0,0.0
1,7,0.0,0.0,0.0
1,7,0.0,0.0,0.0
1,7,0.0,0.0,0.0
1,7,0.0,0.0,0.0
1,7,0.0,0.0,0.0
1,7,0.0,0.0,0.0
1,7,0.0,0.0,0.0
1,7,0.0,0.0,0.0
1,7,0.0,0.0,0.0
1,7,0.0,0.0,0.0
1,7,0.0,0.0,0.0
1,7,0.0,0.0,0.0
1,7,0.0,0.0,0.0
1,7,0.0,0.0,0.0
1,7,0.0,0.0,0.0
1,7,0.0,0.0,0.0
1,7,0.0,0.0,0.0
1,7,0.0,0.0,0.0
1,7,0.0,0.0,0.0
1,7,0.0,0.0,0.0
1,7,0.0,0.0,0.0
1,7,0.0,0.0,0.0
1,7,0.0,0.0,0.0
1,7,0.0,0.0,0.0
1,7,0.0,0.0,0.0
1,7,0.0,0.0,0.0
1,7,0.0,0.0,0.0
1,7,0.0,0.0,0.0
1,7,0.0,0.0,0.0
1,7,0.0,0.0,0.0
1,7,0.0,0.0,0.0
1,7,0.0,0.0,0.0
1,7,0.0,0.0,0.0
1,7,0.0,0.0,0.0
1,7,0.0,0.0,0.0
1,7,0.0,0.0,0.0
1,7,0.0,0.0,0.0
1,7,0.0,0.0,0.0
1,7,0.0,0.0,0.0
1,7,0.0,0.0,0.0
1,7,0.0,0.0,0.0
1,7,0.0,0.0,0.0
1,7,0.0,0.0,0.0
1,7,0.0,0.0,0.0
1,7,0.0,0.0,0.0
1,7,0.0,0.0,0.0
1,7,0.0,0.0,0.0
1,7,0.0,0.0,0.0
1,7,0.0,0.0,0.0
1,7,0.0,0.0,0.0
1,7,0.0,0.0,0.0
1,7,0.0,0.0,0.0
1,7,0.0,0.0,0.0
1,7,0.0,0.0,0.0
1,7,0.0,0.0,0.0
1,7,0.0,0.0,0.0
1,7,0.0,0.0,0.0
1,7,0.0,0.0,0.0
1,7,0.0,0.0,0.0
1,7,0.0,0.0,0.0
1,7,0.0,0.0,0.0
1,7,0.0,0.0,0.0
1,7,0.0,0.0,0.0
1,7,0.0,0.0,0.0
1,7,0.0,0.0,0.0
1,7,0.0,0.0,0.0
1,7,0.0,0.0,0.0
1,7,0.0,0.0,0.0
1,7,0.0,0.0,0.0
1,7,0.0,0.0,0.0
1,7,0.0,0.0,0.0
1,7,0.0,0.0,0.0
1,7,0.0,0.0,0.0
1,7,0.0,0.0,0.0
1,7,0.0,0.0,0.0
1,7,0.0,0.0,0.0
1,7,0.0,0.0,0.0
1,7,0.0,0.0,0.0
1,7,0.0,0.0,0.0
1,7,0.0,0.0,0.0
1,7,0.0,0.0,0.0
1,7,0.0,0.0,0.0
1,7,0.0,0.0,0.0
1,7,0.0,0.0,0.0
1,7,0.0,0.0,0.0
1,7,0.0,0.0,0.0
1,7,0.0,0.0,0.0
1,7,0.0,0.0,0.0
1,7,0.0,0.0,0.0
1,7,0.0,0.0,0.0
1,7,0.0,0.0,0.0
1,7,0.0,0.0,0.0
1,7,0.0,0.0,0.0
1,7,0.0,0.0,0.0
1,7,0.0,0.0,0.0
1,7,0.0,0.0,0.0
1,7,0.0,0.0,0.0
1,7,0.0,0.0,0.0
1,7,0.0,0.0,0.0
1,7,0.0,0.0,0.0
1,7,0.0,0.0,0.0
1,7,0.0,0.0,0.0
1,7,0.0,0.0,0.0
1,7,0.0,0.0,0.0
1,7,0.0,0.0,0.0
1,7,0.0,0.0,0.0
1,7,0.0,0.0,0.0
1,7,0.0,0.0,0.0
1,7,0.0,0.0,0.0
1,7,0.0,0.0,0.0
1,7,0.0,0.0,0.0
1,7,0.0,0.0,0.0
1,7,0.0,0.0,0.0
1,7,0.0,0.0,0.0
1,7,0.0,0.0,0.0
1,7,0.0,0.0,0.0
1,7,0.0,0.0,0.0
1,7,0.0,0.0,0.0
1,7,0.0,0.0,0.0
1,7,0.0,0.0,0.0
1,7,0.0,0.0,0.0
1,7,0.0,0.0,0.0
1,7,0.0,0.0,0.0
1,7,0.0,0.0,0.0
1,7,0.0,0.0,0.0
1,7,0.0,0.0,0.0
1,7,0.0,0.0,0.0
1,7,0.0,0.0,0.0
1,7,0.0,0.0,0.0
1,7,0.0,0.0,0.0
1,7,0.0,0.0,0.0
1,7,0.0,0.0,0.0
1,7,0.0,0.0,0.0
1,7,0.0,0.0,0.0
1,7,0.0,0.0,0.0
1,7,0.0,0.0,0.0
1,7,0.0,0.0,0.0
1,7,0.0,0.0,0.0
1,7,0.0,0.0,0.0
1,7,0.0,0.0,0.0
1,7,0.0,0.0,0.0
1,7,0.0,0.0,0.0
1,7,0.0,0.0,0.0
1,7,0.0,0.0,0.0
1,7,0.0,0.0,0.0
1,7,0.0,0.0,0.0
1,7,0.0,0.0,0.0
1,7,0.0,0.0,0.0
1,7,0.0,0.0,0.0
1,7,0.0,0.0,0.0
1,7,0.0,0.0,0.0
1,7,0.0,0.0,0.0
1,7,0.0,0.0,0.0
1,7,0.0,0.0,0.0
1,7,0.0,0.0,0.0
1,7,0.0,0.0,0.0
1,7,0.0,0.0,0.0
1,7,0.0,0.0,0.0
1,7,0.0,0.0,0.0
1,7,0.0,0.0,0.0
1,7,0.0,0.0,0.0
1,7,0.0,0.0,0.0
1,7,0.0,0.0,0.0
1,7,0.0,0.0,0.0
1,7,0.0,0.0,0.0
1,7,0.0,0.0,0.0
1,7,0.0,0.0,0.0
1,7,0.0,0.0,0.0
1,7,0.0,0.0,0.0
1,7,0.0,0.0,0.0
1,7,0.0,0.0,0.0
1,7,0.0,0.0,0.0
1,7,0.0,0.0,0.0
1,7,0.0,0.0,0.0
1,7,0.0,0.0,0.0
1,7,0.0,0.0,0.0
1,7,0.0,0.0,0.0
1,7,0.0,0.0,0.0
1,7,0.0,0.0,0.0
1,7,0.0,0.0,0.0
1,7,0.0,0.0,0.0
1,7,0.0,0.0,0.0
1,7,0.0,0.0,0.0
1,7,0.0,0.0,0.0
1,7,0.0,0.0,0.0
1,7,0.0,0.0,0.0
1,7,0.0,0.0,0.0
1,7,0.0,0.0,0.0
1,7,0.0,0.0,0.0
1,7,0.0,0.0,0.0
1,7,0.0,0.0,0.0
1,7,0.0,0.0,0.0
1,7,0.0,0.0,0.0
1,7,0.0,0.0,0.0
1,7,0.0,0.0,0.0
1,7,0.0,0.0,0.0
1,7,0.0,0.0,0.0
1,7,0.0,0.0,0.0
1,7,0.0,0.0,0.0
1,7,0.0,0.0,0.0
1,7,0.0,0.0,0.0
1,7,0.0,0.0,0.0
1,7,0.0,0.0,0.0
1,7,0.0,0.0,0.0
1,7,0.0,0.0,0.0
1,7,0.0,0.0,0.0
1,7,0.0,0.0,0.0
1,7,0.0,0.0,0.0
1,7,0.0,0.0,0.0
1,7,0.0,0.0,0.0
1,7,0.0,0.0,0.0
1,7,0.0,0.0,0.0
1,7,0.0,0.0,0.0
1,7,0.0,0.0,0.0
1,7,0.0,0.0,0.0
1,7,0.0,0.0,0.0
1,7,0.0,0.0,0.0
1,7,0.0,0.0,0.0
1,7,0.0,0.0,0.0
1,7,0.0,0.0,0.0
1,7,0.0,0.0,0.0
1,7,0.0,0.0,0.0
1,7,0.0,0.0,0.0
1,7,0.0,0.0,0.0
1,7,0.0,0.0,0.0
1,7,0.0,0.0,0.0
1,7,0.0,0.0,0.0
1,7,0.0,0.0,0.0
1,7,0.0,0.0,0.0
1,7,0.0,0.0,0.0
1,7,0.0,0.0,0.0
1,7,0.0,0.0,0.0
1,7,0.0,0.0,0.0
1,7,0.0,0.0,0.0
1,7,0.0,0.0,0.0
1,7,0.0,0.0,0.0
1,7,0.0,0.0,0.0
1,7,0.0,0.0,0.0
1,7,0.0,0.0,0.0
1,7,0.0,0.0,0.0
1,7,0.0,0.0,0.0
1,7,0.0,0.0,0.0
1,7,0.0,0.0,0.0
1,7,0.0,0.0,0.0
1,7,0.0,0.0,0.0
1,7,0.0,0.0,0.0
1,7,0.0,0.0,0.0
1,7,0.0,0.0,0.0
1,7,0.0,0.0,0.0
1,7,0.0,0.0,0.0
1,7,0.0,0.0,0.0
1,7,0.0,0.0,0.0
1,7,0.0,0.0,0.0
1,7,0.0,0.0,0.0
1,7,0.0,0.0,0.0
1,7,0.0,0.0,0.0
1,7,0.0,0.0,0.0
1,7,0.0,0.0,0.0
1,7,0.0,0.0,0.0
1,7,0.0,0.0,0.0
1,7,0.0,0.0,0.0
1,7,0.0,0.0,0.0
1,7,0.0,0.0,0.0
1,7,0.0,0.0,0.0
1,7,0.0,0.0,0.0
1,7,0.0,0.0,0.0
1,7,0.0,0.0,0.0
1,7,0.0,0.0,0.0
1,7,0.0,0.0,0.0
1,7,0.0,0.0,0.0
1,7,0.0,0.0,0.0
1,7,0.0,0.0,0.0
1,7,0.0,0.0,0.0
1,7,0.0,0.0,0.0
1,7,0.0,0.0,0.0
1,7,0.0,0.0,0.0
1,7,0.0,0.0,0.0
1,7,0.0,0.0,0.0
1,7,0.0,0.0,0.0
1,7,0.0,0.0,0.0
1,7,0.0,0.0,0.0
1,7,0.0,0.0,0.0
1,7,0.0,0.0,0.0
1,7,0.0,0.0,0.0
1,7,0.0,0.0,0.0
1,7,0.0,0.0,0.0
1,7,0.0,0.0,0.0
1,7,0.0,0.0,0.0
1,7,0.0,0.0,0.0
1,7,0.0,0.0,0.0
1,7,0.0,0.0,0.0
1,7,0.0,0.0,0.0
1,7,0.0,0.0,0.0
1,7,0.0,0.0,0.0
1,7,0.0,0.0,0.0
1,7,0.0,0.0,0.0
1,7,0.0,0.0,0.0
1,7,0.0,0.0,0.0
1,7,0.0,0.0,0.0
1,7,0.0,0.0,0.0
1,7,0.0,0.0,43.56
1,7,0.0,0.0,0.0
1,7,0.0,0.0,0.0
1,7,0.0,0.0,0.0
1,7,0.0,0.0,0.0
1,7,0.0,0.0,0.0
1,7,0.0,0.0,0.0
1,7,0.0,0.0,0.0
1,7,0.0,0.0,0.0
1,7,0.0,0.0,0.0
1,7,0.0,0.0,0.0
1,7,0.0,0.0,0.0
1,7,0.0,0.0,0.0
1,7,0.0,0.0,0.0
1,7,0.0,0.0,0.0
1,7,0.0,0.0,0.0
1,7,0.0,0.0,0.0
1,7,0.0,0.0,0.0
1,7,0.0,0.0,0.0
1,7,0.0,0.0,0.0
1,7,0.0,0.0,0.0
1,7,0.0,0.0,0.0
1,7,0.0,0.0,0.0
1,7,0.0,0.0,0.0
1,7,0.0,0.0,0.0
1,7,0.0,0.0,0.0
1,7,0.0,0.0,0.0
1,7,0.0,0.0,0.0
1,7,0.0,0.0,0.0
1,7,0.0,0.0,0.0
1,7,0.0,0.0,0.0
1,7,0.0,0.0,0.0
1,7,0.0,0.0,0.0
1,7,0.0,0.0,0.0
1,7,0.0,0.0,0.0
1,7,0.0,0.0,0.0
1,7,0.0,0.0,0.0
1,7,0.0,0.0,0.0
1,7,0.0,0.0,0.0
1,7,0.0,0.0,0.0
1,7,0.0,0.0,0.0
1,7,0.0,0.0,0.0
1,7,0.0,0.0,0.0
1,7,0.0,0.0,0.0
1,7,0.0,0.0,0.0
1,7,0.0,0.0,0.0
1,7,0.0,0.0,0.0
1,7,0.0,0.0,0.0
1,7,0.0,0.0,0.0
1,7,0.0,0.0,0.0
1,7,0.0,0.0,0.0
1,7,0.0,0.0,0.0
1,7,0.0,0.0,0.0
1,7,0.0,0.0,0.0
1,7,0.0,0.0,0.0
1,7,0.0,0.0,0.0
1,7,0.0,0.0,0.0
1,7,0.0,0.0,0.0
1,7,0.0,0.0,0.0
1,7,0.0,0.0,0.0
1,7,0.0,0.0,0.0
1,7,0.0,0.0,0.0
1,7,0.0,0.0,0.0
1,7,0.0,0.0,0.0
1,7,0.0,0.0,0.0
1,7,0.0,0.0,0.0
1,7,0.0,0.0,0.0
1,7,0.0,0.0,0.0
1,7,0.0,0.0,0.0
1,7,0.0,0.0,0.0
1,7,0.0,0.0,0.0
1,7,0.0,0.0,0.0
1,7,0.0,0.0,0.0
1,7,0.0,0.0,0.0
1,7,0.0,0.0,0.0
1,7,0.0,0.0,0.0
1,7,0.0,0.0,0.0
1,7,0.0,0.0,0.0
1,7,0.0,0.0,0.0
1,7,0.0,0.0,0.0
1,7,0.0,0.0,0.0
1,7,0.0,0.0,0.0
1,7,0.0,0.0,0.0
1,7,0.0,0.0,0.0
1,7,0.0,0.0,0.0
1,7,0.0,0.0,0.0
1,7,0.0,0.0,0.0
1,7,0.0,0.0,0.0
1,7,0.0,0.0,0.0
1,7,0.0,0.0,0.0
1,7,0.0,0.0,0.0
1,7,0.0,0.0,0.0
1,7,0.0,0.0,0.0
1,7,0.0,0.0,0.0
1,7,0.0,0.0,0.0
1,7,0.0,0.22587478106819958,40.92
1,7,0.0,0.0,0.0
1,7,0.0,0.0,0.0
1,7,0.0,0.0,0.0
1,7,0.0,0.0,0.0
1,7,0.0,0.0,0.0
1,7,0.0,0.0,0.0
1,7,0.0,0.0,0.0
1,7,0.0,0.0,0.0
1,7,0.0,0.0,0.0
1,7,0.0,0.0,0.0
1,7,0.0,0.0,0.0
1,7,0.0,0.0,0.0
1,7,0.0,0.0,0.0
1,7,0.0,0.0,0.0
1,7,0.0,0.0,0.0
1,7,0.0,0.0,0.0
1,7,0.0,0.0,0.0
1,7,0.0,0.0,0.0
1,7,0.0,0.0,0.0
1,7,0.0,0.0,0.0
1,7,0.0,0.0,0.0
1,7,0.0,0.0,0.0
1,7,0.0,0.0,0.0
1,7,0.0,0.0,0.0
1,7,0.0,0.0,0.0
1,7,0.0,0.0,0.0
1,7,0.0,0.0,0.0
1,7,0.0,0.0,0.0
1,7,0.0,0.0,0.0
1,7,0.0,0.0,0.0
1,7,0.0,0.0,0.0
1,7,0.0,0.0,0.0
1,7,0.0,0.0,0.0
1,7,0.0,0.0,0.0
1,7,0.0,0.0,0.0
1,7,0.0,0.0,0.0
1,7,0.0,0.0,0.0
1,7,0.0,0.0,0.0
1,7,0.0,0.0,0.0
1,7,0.0,0.0,0.0
1,7,0.0,0.0,0.0
1,7,0.0,0.0,0.0
1,7,0.0,0.0,0.0
1,7,0.0,0.0,0.0
1,7,0.0,0.0,0.0
1,7,0.0,0.0,0.0
1,7,0.0,0.0,0.0
1,7,0.0,0.0,0.0
1,7,0.0,0.0,0.0
1,7,0.0,0.0,0.0
1,7,0.0,0.0,0.0
1,7,0.0,0.0,0.0
1,7,0.0,0.0,0.0
1,7,0.0,0.0,0.0
1,7,0.0,0.0,0.0
1,7,0.0,0.0,0.0
1,7,0.0,0.0,0.0
1,7,0.0,0.0,0.0
1,7,0.0,0.0,0.0
1,7,0.0,0.0,0.0
1,7,0.0,0.0,0.0
1,7,0.0,0.0,0.0
1,7,0.0,0.0,0.0
1,7,0.0,0.0,0.0
1,7,0.0,0.0,0.0
1,7,0.0,0.0,0.0
1,7,0.0,0.0,0.0
1,7,0.0,0.0,0.0
1,7,0.0,0.0,0.0
1,7,0.0,0.0,0.0
1,7,0.0,0.0,0.0
1,7,0.0,0.0,0.0
1,7,0.0,0.0,0.0
1,7,0.0,0.0,0.0
1,7,0.0,0.0,0.0
1,7,0.0,0.0,0.0
1,7,0.0,0.0,0.0
1,7,0.0,0.0,0.0
1,7,0.0,0.0,0.0
1,7,0.0,0.0,0.0
1,7,0.0,0.0,0.0
1,7,0.0,0.0,0.0
1,7,0.0,0.0,0.0
1,7,0.0,0.0,0.0
1,7,0.0,0.0,0.0
1,7,0.0,0.0,0.0
1,7,0.0,0.0,0.0
1,7,0.0,0.0,0.0
1,7,0.0,0.0,0.0
1,7,0.0,0.0,0.0
1,7,0.0,0.0,0.0
1,7,0.0,0.0,0.0
1,7,0.0,0.0,0.0
1,7,0.0,0.0,0.0
1,7,0.0,0.0,0.0
1,7,0.0,0.0,0.0
1,7,0.0,0.0,0.0
1,7,0.0,0.0,0.0
1,7,0.0,0.0,0.0
1,7,0.0,0.0,0.0
1,7,0.0,0.0,0.0
1,7,0.0,0.0,72.59999999999997
1,7,0.0,0.0,0.0
1,7,0.0,0.0,0.0
1,7,0.0,0.0,0.0
1,7,0.0,0.0,0.0
1,7,0.0,0.0,0.0
1,7,0.0,0.0,0.0
1,7,0.0,0.0,0.0
1,7,0.0,0.0,0.0
1,7,0.0,0.0,0.0
1,7,0.0,0.0,0.0
1,7,0.0,0.0,0.0
1,7,0.0,0.0,0.0
1,7,0.0,0.0,0.0
1,7,0.0,0.0,0.0
1,7,0.0,0.0,0.0
1,7,0.0,0.0,0.0
1,7,0.0,0.0,0.0
1,7,0.0,0.0,0.0
1,7,0.0,0.0,0.0
1,7,0.0,0.0,0.0
1,7,0.0,0.0,0.0
1,7,0.0,0.0,0.0
1,7,0.0,0.0,0.0
1,7,0.0,0.0,0.0
1,7,0.0,0.0,0.0
1,7,0.0,0.0,0.0
1,7,0.0,0.0,0.0
1,7,0.0,0.0,0.0
1,7,0.0,0.0,0.0
1,7,0.0,0.0,0.0
1,7,0.0,0.0,0.0
1,7,0.0,0.0,0.0
1,7,0.0,0.0,0.0
1,7,0.0,0.0,0.0
1,7,0.0,0.0,0.0
1,7,0.0,0.0,0.0
1,7,0.0,0.0,0.0
1,7,0.0,0.0,0.0
1,7,0.0,0.0,0.0
1,7,0.0,0.0,0.0
1,7,0.0,0.0,0.0
1,7,0.0,0.0,0.0
1,7,0.0,0.0,0.0
1,7,0.0,0.0,0.0
1,7,0.0,0.0,0.0
1,7,0.0,0.0,0.0
1,7,0.0,0.0,0.0
1,7,0.0,0.0,0.0
1,7,0.0,0.0,0.0
1,7,0.0,0.0,0.0
1,7,0.0,0.0,0.0
1,7,0.0,0.0,0.0
1,7,0.0,0.0,0.0
1,7,0.0,0.0,0.0
1,7,0.0,0.0,0.0
1,7,0.0,0.0,0.0
1,7,0.0,0.0,0.0
1,7,0.0,0.0,0.0
1,7,0.0,0.0,0.0
1,7,0.0,0.0,0.0
1,7,0.0,0.0,0.0
1,7,0.0,0.0,0.0
1,7,0.0,0.0,0.0
1,7,0.0,0.0,0.0
1,7,0.0,0.0,0.0
1,7,0.0,0.0,0.0
1,7,0.0,0.0,0.0
1,7,0.0,0.0,0.0
1,7,0.0,0.0,0.0
1,7,0.0,0.0,0.0
1,7,0.0,0.0,0.0
1,7,0.0,0.0,0.0
1,7,0.0,0.0,0.0
1,7,0.0,0.0,0.0
1,7,0.0,0.0,0.0
1,7,0.0,0.0,0.0
1,7,0.0,0.0,0.0
1,7,0.0,0.0,0.0
1,7,0.0,0.0,0.0
1,7,0.0,0.0,0.0
1,7,0.0,0.0,0.0
1,7,0.0,0.0,0.0
1,7,0.0,0.0,0.0
1,7,0.0,0.0,0.0
1,7,0.0,0.0,0.0
1,7,0.0,0.0,0.0
1,7,0.0,0.0,0.0
1,7,0.0,0.0,0.0
1,7,0.0,0.0,0.0
1,7,0.0,0.0,0.0
1,7,0.0,0.0,0.0
1,7,0.0,0.0,0.0
1,7,0.0,0.0,0.0
1,7,0.0,0.0,0.0
1,7,0.0,0.0,0.0
1,7,0.0,0.0,0.0
1,7,0.0,0.0,0.0
1,7,0.0,0.0,0.0
1,7,0.0,0.0,0.0
1,7,0.0,0.0,0.0
1,7,0.0,0.0,0.0
1,7,0.0,0.0,0.0
1,7,0.0,0.0,0.0
1,7,0.0,0.0,0.0
1,7,0.0,0.0,0.0
1,7,0.0,0.0,0.0
1,7,0.0,0.0,0.0
1,7,0.0,0.0,0.0
1,7,0.0,0.0,0.0
1,7,0.0,0.0,0.0
1,7,0.0,0.0,0.0
1,7,0.0,0.0,0.0
1,7,0.0,0.0,0.0
1,7,0.0,0.0,0.0
1,7,0.0,0.0,0.0
1,7,0.0,0.0,0.0
1,7,0.0,0.0,0.0
1,7,0.0,0.0,0.0
1,7,0.0,0.0,0.0
1,7,0.0,0.0,0.0
1,7,0.0,0.0,0.0
1,7,0.0,0.0,0.0
1,7,0.0,0.0,0.0
1,7,0.0,0.0,0.0
1,7,0.0,0.0,0.0
1,7,0.0,0.0,0.0
1,7,0.0,0.0,0.0
1,7,0.0,0.0,0.0
1,7,0.0,0.0,0.0
1,7,0.0,0.0,0.0
1,7,0.0,0.0,0.0
1,7,0.0,0.0,0.0
1,7,0.0,0.0,0.0
1,7,0.0,0.0,0.0
1,7,0.0,0.0,0.0
1,7,0.0,0.0,0.0
1,7,0.0,0.0,0.0
1,7,0.0,0.0,0.0
1,7,0.0,0.0,0.0
1,7,0.0,0.0,0.0
1,7,0.0,0.0,0.0
1,7,0.0,0.0,0.0
1,7,0.0,0.0,0.0
1,7,0.0,0.0,0.0
1,7,0.0,0.0,0.0
1,7,0.0,0.0,0.0
1,7,0.0,0.0,0.0
1,7,0.0,0.0,0.0
1,7,0.0,0.0,0.0
1,7,0.0,0.0,0.0
1,7,0.0,0.0,0.0
1,7,0.0,0.0,0.0
1,7,0.0,0.0,0.0
1,7,0.0,0.0,0.0
1,7,0.0,0.0,0.0
1,7,0.0,0.0,0.0
1,7,0.0,0.0,0.0
1,7,0.0,0.0,0.0
1,7,0.0,0.0,0.0
1,7,0.0,0.0,0.0
1,7,0.0,0.0,0.0
1,7,0.0,0.0,0.0
1,7,0.0,0.0,0.0
1,7,0.0,0.0,0.0
1,7,0.0,0.0,0.0
1,7,0.0,0.0,0.0
1,7,0.0,0.0,0.0
1,7,0.0,0.0,0.0
1,7,0.0,0.0,0.0
1,7,0.0,0.0,0.0
1,7,0.0,0.0,0.0
1,7,0.0,0.0,0.0
1,7,0.0,0.0,0.0
1,7,0.0,0.0,0.0
1,7,0.0,0.0,0.0
1,7,0.0,0.0,0.0
1,7,0.0,0.0,0.0
1,7,0.0,0.0,0.0
1,7,0.0,0.0,0.0
1,7,0.0,0.0,0.0
1,7,0.0,0.0,0.0
1,7,0.0,0.0,0.0
1,7,0.0,0.0,0.0
1,7,0.0,0.0,0.0
1,7,0.0,0.0,0.0
1,7,0.0,0.0,0.0
1,7,0.0,0.0,0.0
1,7,0.0,0.0,0.0
1,7,0.0,0.0,0.0
1,7,0.0,0.0,0.0
1,7,0.0,0.0,0.0
1,7,0.0,0.0,0.0
1,7,0.0,0.0,0.0
1,7,0.0,0.0,0.0
1,7,0.0,0.0,0.0
1,7,0.0,0.0,0.0
1,7,0.0,0.0,0.0
1,7,0.0,0.0,0.0
1,7,0.0,0.0,0.0
1,7,0.0,0.0,0.0
1,7,0.0,0.0,0.0
1,7,0.0,0.0,0.0
1,7,0.0,0.0,0.0
1,7,0.0,0.0,0.0
1,7,0.0,0.0,0.0
1,7,0.0,0.0,0.0
1,7,0.0,0.0,0.0
1,7,0.0,0.0,0.0
1,7,0.0,0.0,0.0
1,7,0.0,0.0,0.0
1,7,0.0,0.0,0.0
1,7,0.0,0.0,0.0
1,7,0.0,0.0,0.0
1,7,0.0,0.0,0.0
1,7,0.0,0.0,0.0
1,7,0.0,0.0,0.0
1,7,0.0,0.0,0.0
1,7,0.0,0.0,0.0
1,7,0.0,0.0,0.0
1,7,0.0,0.0,0.0
1,7,0.0,0.0,0.0
1,7,0.0,0.0,0.0
1,7,0.0,0.0,0.0
1,7,0.0,0.0,0.0
1,7,0.0,0.0,0.0
1,7,0.0,0.0,0.0
1,7,0.0,0.0,0.0
2,6,0.0,0.0,0.0
2,6,0.0,0.0,0.0
2,6,0.0,0.0,0.0
2,6,0.0,0.0,0.0
2,6,0.0,0.0,0.0
2,6,0.0,0.0,0.0
2,6,0.0,0.0,0.0
2,6,0.0,0.0,0.0
2,6,0.0,0.0,0.0
2,6,0.0,0.0,0.0
2,6,0.0,0.0,0.0
2,6,0.0,0.0,0.0
2,6,0.0,0.0,0.0
2,6,0.0,0.0,0.0
2,6,0.0,0.0,0.0
2,6,0.0,0.0,0.0
2,6,0.0,0.0,0.0
2,6,0.0,0.0,0.0
2,6,0.0,0.0,0.0
2,6,0.0,0.0,0.0
2,6,0.0,0.0,0.0
2,6,0.0,0.0,0.0
2,6,0.0,0.0,0.0
2,6,0.0,0.0,0.0
2,6,0.0,0.0,0.0
2,6,0.0,0.0,0.0
2,6,0.0,0.0,0.0
2,6,0.0,0.0,0.0
2,6,0.0,0.0,0.0
2,6,0.0,0.0,0.0
2,6,0.0,0.0,0.0
2,6,0.0,0.0,0.0
2,6,0.0,0.0,0.0
2,6,0.0,0.0,0.0
2,6,0.0,0.0,0.0
2,6,0.0,0.0,0.0
2,6,0.0,0.0,0.0
2,6,0.0,0.0,0.0
2,6,0.0,0.0,0.0
2,6,0.0,0.0,0.0
2,6,0.0,0.0,0.0
2,6,0.0,0.0,0.0
2,6,0.0,0.0,0.0
2,6,0.0,0.0,0.0
2,6,0.0,0.0,0.0
2,6,0.0,0.0,0.0
2,6,0.0,0.0,0.0
2,6,0.0,0.0,0.0
2,6,0.0,0.0,0.0
2,6,0.0,0.0,0.0
2,6,0.0,0.0,0.0
2,6,0.0,0.0,0.0
2,6,0.0,0.0,0.0
2,6,0.0,0.0,0.0
2,6,0.0,0.0,0.0
2,6,0.0,0.0,0.0
2,6,0.0,0.0,0.0
2,6,0.0,0.0,0.0
2,6,0.0,0.0,0.0
2,6,0.0,0.0,0.0
2,6,0.0,0.0,0.0
2,6,0.0,0.0,0.0
2,6,0.0,0.0,0.0
2,6,0.0,0.0,0.0
2,6,0.0,0.0,0.0
2,6,0.0,0.0,0.0
2,6,0.0,0.0,0.0
2,6,0.0,0.0,0.0
2,6,0.0,0.0,0.0
2,6,0.0,0.0,0.0
2,6,0.0,0.0,0.0
2,6,0.0,0.0,0.0
2,6,0.0,0.0,0.0
2,6,0.0,0.0,0.0
2,6,0.0,0.0,0.0
2,6,0.0,0.0,0.0
2,6,0.0,0.0,0.0
2,6,0.0,0.0,0.0
2,6,0.0,0.0,0.0
2,6,0.0,0.0,0.0
2,6,0.0,0.0,0.0
2,6,0.0,0.0,0.0
2,6,0.0,0.0,0.0
2,6,0.0,0.0,0.0
2,6,0.0,0.0,0.0
2,6,0.0,0.0,0.0
2,6,0.0,0.0,0.0
2,6,0.0,0.0,0.0
2,6,0.0,0.0,0.0
2,6,0.0,0.0,0.0
2,6,0.0,0.0,0.0
2,6,0.0,0.0,0.0
2,6,0.0,0.0,0.0
2,6,0.0,0.0,0.0
2,6,0.0,0.0,0.0
2,6,0.0,0.0,0.0
2,6,0.0,0.0,0.0
2,6,0.0,0.0,0.0
2,6,0.0,0.0,0.0
2,6,0.0,0.0,0.0
2,6,0.0,0.0,0.0
2,6,0.0,0.0,0.0
2,6,0.0,0.0,0.0
2,6,0.0,0.0,0.0
2,6,0.0,0.0,0.0
2,6,0.0,0.0,0.0
2,6,0.0,0.0,0.0
2,6,0.0,0.0,0.0
2,6,0.0,0.0,0.0
2,6,0.0,0.0,0.0
2,6,0.0,0.0,0.0
2,6,0.0,0.0,0.0
2,6,0.0,0.0,0.0
2,6,0.0,0.0,0.0
2,6,0.0,0.0,0.0
2,6,0.0,0.0,0.0
2,6,0.0,0.0,0.0
2,6,0.0,0.0,0.0
2,6,0.0,0.0,0.0
2,6,0.0,0.0,0.0
2,6,0.0,0.0,0.0
2,6,0.0,0.0,0.0
2,6,0.0,0.0,0.0
2,6,0.0,0.0,0.0
2,6,0.0,0.0,0.0
2,6,0.0,0.0,0.0
2,6,0.0,0.0,0.0
2,6,0.0,0.0,0.0
2,6,0.0,0.0,0.0
2,6,0.0,0.0,0.0
2,6,0.0,0.0,0.0
2,6,0.0,0.0,0.0
2,6,0.0,0.0,0.0
2,6,0.0,0.0,0.0
2,6,0.0,0.0,0.0
2,6,0.0,0.0,0.0
2,6,0.0,0.0,0.0
2,6,0.0,0.0,0.0
2,6,0.0,0.0,0.0
2,6,0.0,0.0,0.0
2,6,0.0,0.0,0.0
2,6,0.0,0.0,0.0
2,6,0.0,0.0,0.0
2,6,0.0,0.0,0.0
2,6,0.0,0.0,0.0
2,6,0.0,0.0,0.0
2,6,0.0,0.0,0.0
2,6,0.0,0.0,0.0
2,6,0.0,0.0,0.0
2,6,0.0,0.0,0.0
2,6,0.0,0.0,0.0
2,6,0.0,0.0,0.0
2,6,0.0,0.0,0.0
2,6,0.0,0.0,0.0
2,6,0.0,0.0,0.0
2,6,0.0,0.0,0.0
2,6,0.0,0.0,0.0
2,6,0.0,0.0,0.0
2,6,0.0,0.0,0.0
2,6,0.0,0.0,0.0
2,6,0.0,0.0,0.0
2,6,0.0,0.0,0.0
2,6,0.0,0.0,0.0
2,6,0.0,0.0,0.0
2,6,0.0,0.0,0.0
2,6,0.0,0.0,0.0
2,6,0.0,0.0,0.0
2,6,0.0,0.0,0.0
2,6,0.0,0.0,0.0
2,6,0.0,0.0,0.0
2,6,0.0,0.0,0.0
2,6,0.0,0.0,0.0
2,6,0.0,0.0,0.0
2,6,0.0,0.0,0.0
2,6,0.0,0.0,0.0
2,6,0.0,0.0,0.0
2,6,0.0,0.0,0.0
2,6,0.0,0.0,0.0
2,6,0.0,0.0,0.0
2,6,0.0,0.0,0.0
2,6,0.0,0.0,0.0
2,6,0.0,0.0,0.0
2,6,0.0,0.0,0.0
2,6,0.0,0.0,0.0
2,6,0.0,0.0,0.0
2,6,0.0,0.0,0.0
2,6,0.0,0.0,0.0
2,6,0.0,0.0,0.0
2,6,0.0,0.0,0.0
2,6,0.0,0.0,0.0
2,6,0.0,0.0,0.0
2,6,0.0,0.0,0.0
2,6,0.0,0.0,0.0
2,6,0.0,0.0,0.0
2,6,0.0,0.0,0.0
2,6,0.0,0.0,0.0
2,6,0.0,0.0,0.0
2,6,0.0,0.0,0.0
2,6,0.0,0.0,0.0
2,6,0.0,0.0,0.0
2,6,0.0,0.0,0.0
2,6,0.0,0.0,0.0
2,6,0.0,0.0,0.0
2,6,0.0,0.0,0.0
2,6,0.0,0.0,0.0
2,6,0.0,0.0,0.0
2,6,0.0,0.0,0.0
2,6,0.0,0.0,0.0
2,6,0.0,0.0,0.0
2,6,0.0,0.0,0.0
2,6,0.0,0.0,0.0
2,6,0.0,0.0,0.0
2,6,0.0,0.0,0.0
2,6,0.0,0.0,0.0
2,6,0.0,0.0,0.0
2,6,0.0,0.0,0.0
2,6,0.0,0.0,0.0
2,6,0.0,0.0,0.0
2,6,0.0,0.0,0.0
2,6,0.0,0.0,0.0
2,6,0.0,0.0,0.0
2,6,0.0,0.0,0.0
2,6,0.0,0.0,0.0
2,6,0.0,0.0,0.0
2,6,0.0,0.0,0.0
2,6,0.0,0.0,0.0
2,6,0.0,0.0,0.0
2,6,0.0,0.0,0.0
2,6,0.0,0.0,0.0
2,6,0.0,0.0,0.0
2,6,0.0,0.0,0.0
2,6,0.0,0.0,0.0
2,6,0.0,0.0,0.0
2,6,0.0,0.0,0.0
2,6,0.0,0.0,0.0
2,6,0.0,0.0,0.0
2,6,0.0,0.0,0.0
2,6,0.0,0.0,0.0
2,6,0.0,0.0,0.0
2,6,0.0,0.0,0.0
2,6,0.0,0.0,0.0
2,6,0.0,0.0,0.0
2,6,0.0,0.0,0.0
2,6,0.0,0.0,0.0
2,6,0.0,0.0,0.0
2,6,0.0,0.0,0.0
2,6,0.0,0.0,0.0
2,6,0.0,0.0,0.0
2,6,0.0,0.0,0.0
2,6,0.0,0.0,0.0
2,6,0.0,0.0,0.0
2,6,0.0,0.0,0.0
2,6,0.0,0.0,0.0
2,6,0.0,0.0,0.0
2,6,0.0,0.0,0.0
2,6,0.0,0.0,0.0
2,6,0.0,0.0,0.0
2,6,0.0,0.0,0.0
2,6,0.0,0.0,0.0
2,6,0.0,0.0,0.0
2,6,0.0,0.0,0.0
2,6,0.0,0.0,0.0
2,6,0.0,0.0,0.0
2,6,0.0,0.0,0.0
2,6,0.0,0.0,0.0
2,6,0.0,0.0,0.0
2,6,0.0,0.0,0.0
2,6,0.0,0.0,0.0
2,6,0.0,0.0,0.0
2,6,0.0,0.0,0.0
2,6,0.0,0.0,0.0
2,6,0.0,0.0,0.0
2,6,0.0,0.0,0.0
2,6,0.0,0.0,0.0
2,6,0.0,0.0,0.0
2,6,0.0,0.0,0.0
2,6,0.0,0.0,0.0
2,6,0.0,0.0,0.0
2,6,0.0,0.0,0.0
2,6,0.0,0.0,0.0
2,6,0.0,0.0,0.0
2,6,0.0,0.0,0.0
2,6,0.0,0.0,0.0
2,6,0.0,0.0,0.0
2,6,0.0,0.0,0.0
2,6,0.0,0.0,0.0
2,6,0.0,0.0,0.0
2,6,0.0,0.0,0.0
2,6,0.0,0.0,0.0
2,6,0.0,0.0,0.0
2,6,0.0,0.0,0.0
2,6,0.0,0.0,0.0
2,6,0.0,0.0,0.0
2,6,0.0,0.0,0.0
2,6,0.0,0.0,0.0
2,6,0.0,0.0,0.0
2,6,0.0,0.0,0.0
2,6,0.0,0.0,0.0
2,6,0.0,0.0,0.0
2,6,0.0,0.0,0.0
2,6,0.0,0.0,0.0
2,6,0.0,0.0,0.0
2,6,0.0,0.0,0.0
2,6,0.0,0.0,0.0
2,6,0.0,0.0,0.0
2,6,0.0,0.0,0.0
2,6,0.0,0.0,0.0
2,6,0.0,0.0,0.0
2,6,0.0,0.0,0.0
2,6,0.0,0.0,30.360000000000003
2,6,0.0,0.0,0.0
2,6,0.0,0.0,0.0
2,6,0.0,0.0,0.0
2,6,0.0,0.0,0.0
2,6,0.0,0.0,0.0
2,6,0.0,0.0,0.0
2,6,0.0,0.0,0.0
2,6,0.0,0.0,0.0
2,6,0.0,0.0,0.0
2,6,0.0,0.0,0.0
2,6,0.0,0.0,0.0
2,6,0.0,0.0,0.0
2,6,0.0,0.0,0.0
2,6,0.0,0.0,0.0
2,6,0.0,0.0,0.0
2,6,0.0,0.0,0.0
2,6,0.0,0.0,0.0
2,6,0.0,0.0,0.0
2,6,0.0,0.0,0.0
2,6,0.0,0.0,0.0
2,6,0.0,0.0,0.0
2,6,0.0,0.0,0.0
2,6,0.0,0.0,0.0
2,6,0.0,0.0,0.0
2,6,0.0,0.0,0.0
2,6,0.0,0.0,0.0
2,6,0.0,0.0,0.0
2,6,0.0,0.0,0.0
2,6,0.0,0.0,0.0
2,6,0.0,0.0,0.0
2,6,0.0,0.0,0.0
2,6,0.0,0.0,0.0
2,6,0.0,0.0,0.0
2,6,0.0,0.0,0.0
2,6,0.0,0.0,0.0
2,6,0.0,0.0,0.0
2,6,0.0,0.0,0.0
2,6,0.0,0.0,0.0
2,6,0.0,0.0,0.0
2,6,0.0,0.0,0.0
2,6,0.0,0.0,0.0
2,6,0.0,0.0,0.0
2,6,0.0,0.0,0.0
2,6,0.0,0.0,0.0
2,6,0.0,0.0,0.0
2,6,0.0,0.0,0.0
2,6,0.0,0.0,0.0
2,6,0.0,0.0,0.0
2,6,0.0,0.0,0.0
2,6,0.0,0.0,0.0
2,6,0.0,0.0,0.0
2,6,0.0,0.0,0.0
2,6,0.0,0.0,0.0
2,6,0.0,0.0,0.0
2,6,0.0,0.0,0.0
2,6,0.0,0.0,0.0
2,6,0.0,0.0,0.0
2,6,0.0,0.0,0.0
2,6,0.0,0.0,0.0
2,6,0.0,0.0,0.0
2,6,0.0,0.0,0.0
2,6,0.0,0.0,0.0
2,6,0.0,0.0,0.0
2,6,0.0,0.0,0.0
2,6,0.0,0.0,0.0
2,6,0.0,0.0,0.0
2,6,0.0,0.0,0.0
2,6,0.0,0.0,0.0
2,6,0.0,0.0,0.0
2,6,0.0,0.0,0.0
2,6,0.0,0.0,0.0
2,6,0.0,0.0,0.0
2,6,0.0,0.0,0.0
2,6,0.0,0.0,0.0
2,6,0.0,0.0,0.0
2,6,0.0,0.0,0.0
2,6,0.0,0.0,0.0
2,6,0.0,0.0,0.0
2,6,0.0,0.0,0.0
2,6,0.0,0.0,0.0
2,6,0.0,0.0,0.0
2,6,0.0,0.0,0.0
2,6,0.0,0.0,0.0
2,6,0.0,0.0,0.0
2,6,0.0,0.0,0.0
2,6,0.0,0.0,0.0
2,6,0.0,0.0,0.0
2,6,0.0,0.0,0.0
2,6,0.0,0.0,0.0
2,6,0.0,0.0,0.0
2,6,0.0,0.0,0.0
2,6,0.0,0.0,0.0
2,6,0.0,0.0,0.0
2,6,0.0,0.0,0.0
2,6,0.0,0.0,0.0
2,6,0.0,0.0,0.0
2,6,0.0,0.0,0.0
2,6,0.0,0.0,0.0
2,6,0.0,0.0,43.56
2,6,0.0,0.0,0.0
2,6,0.0,0.0,0.0
2,6,0.0,0.0,0.0
2,6,0.0,0.0,0.0
2,6,0.0,0.0,0.0
2,6,0.0,0.0,0.0
2,6,0.0,0.0,0.0
2,6,0.0,0.0,0.0
2,6,0.0,0.0,0.0
2,6,0.0,0.0,0.0
2,6,0.0,0.0,0.0
2,6,0.0,0.0,0.0
2,6,0.0,0.0,0.0
2,6,0.0,0.0,0.0
2,6,0.0,0.0,0.0
2,6,0.0,0.0,0.0
2,6,0.0,0.0,0.0
2,6,0.0,0.0,0.0
2,6,0.0,0.0,0.0
2,6,0.0,0.0,0.0
2,6,0.0,0.0,0.0
2,6,0.0,0.0,0.0
2,6,0.0,0.0,0.0
2,6,0.0,0.0,0.0
2,6,0.0,0.0,0.0
2,6,0.0,0.0,0.0
2,6,0.0,0.0,0.0
2,6,0.0,0.0,0.0
2,6,0.0,0.0,0.0
2,6,0.0,0.0,0.0
2,6,0.0,0.0,0.0
2,6,0.0,0.0,0.0
2,6,0.0,0.0,0.0
2,6,0.0,0.0,0.0
2,6,0.0,0.0,0.0
2,6,0.0,0.0,0.0
2,6,0.0,0.0,0.0
2,6,0.0,0.0,0.0
2,6,0.0,0.0,0.0
2,6,0.0,0.0,0.0
2,6,0.0,0.0,0.0
2,6,0.0,0.0,0.0
2,6,0.0,0.0,0.0
2,6,0.0,0.0,0.0
2,6,0.0,0.0,0.0
2,6,0.0,0.0,0.0
2,6,0.0,0.0,0.0
2,6,0.0,0.0,0.0
2,6,0.0,0.0,0.0
2,6,0.0,0.0,0.0
2,6,0.0,0.0,0.0
2,6,0.0,0.0,0.0
2,6,0.0,0.0,0.0
2,6,0.0,0.0,0.0
2,6,0.0,0.0,0.0
2,6,0.0,0.0,0.0
2,6,0.0,0.0,0.0
2,6,0.0,0.0,0.0
2,6,0.0,0.0,0.0
2,6,0.0,0.0,0.0
2,6,0.0,0.0,0.0
2,6,0.0,0.0,0.0
2,6,0.0,0.0,0.0
2,6,0.0,0.0,0.0
2,6,0.0,0.0,0.0
2,6,0.0,0.0,0.0
2,6,0.0,0.0,0.0
2,6,0.0,0.0,0.0
2,6,0.0,0.0,0.0
2,6,0.0,0.0,0.0
2,6,0.0,0.0,0.0
2,6,0.0,0.0,0.0
2,6,0.0,0.0,0.0
2,6,0.0,0.0,0.0
2,6,0.0,0.0,0.0
2,6,0.0,0.0,0.0
2,6,0.0,0.0,0.0
2,6,0.0,0.0,0.0
2,6,0.0,0.0,0.0
2,6,0.0,0.0,0.0
2,6,0.0,0.0,0.0
2,6,0.0,0.0,0.0
2,6,0.0,0.0,0.0
2,6,0.0,0.0,0.0
2,6,0.0,0.0,0.0
2,6,0.0,0.0,0.0
2,6,0.0,0.0,0.0
2,6,0.0,0.0,0.0
2,6,0.0,0.0,0.0
2,6,0.0,0.0,0.0
2,6,0.0,0.0,0.0
2,6,0.0,0.0,0.0
2,6,0.0,0.0,0.0
2,6,0.0,0.0,0.0
2,6,0.0,0.0,0.0
2,6,0.0,0.0,0.0
2,6,0.0,0.0,0.0
2,6,0.0,0.0,0.0
2,6,0.0,0.0,0.0
2,6,0.0,0.0,0.0
2,6,0.0,0.0,0.0
2,6,0.0,0.0,0.0
2,6,0.0,0.0,0.0
2,6,0.0,0.0,0.0
2,6,0.0,0.0,0.0
2,6,0.0,0.0,0.0
2,6,0.0,0.0,0.0
2,6,0.0,0.0,0.0
2,6,0.0,0.0,0.0
2,6,0.0,0.0,0.0
2,6,0.0,0.0,0.0
2,6,0.0,0.0,0.0
2,6,0.0,0.0,0.0
2,6,0.0,0.0,0.0
2,6,0.0,0.0,69.95999999999998
2,6,0.0,0.0,0.0
2,6,0.0,0.0,0.0
2,6,0.0,0.0,0.0
2,6,0.0,0.0,0.0
2,6,0.0,0.0,0.0
2,6,0.0,0.0,0.0
2,6,0.0,0.0,0.0
2,6,0.0,0.0,0.0
2,6,0.0,0.0,0.0
2,6,0.0,0.0,0.0
2,6,0.0,0.0,0.0
2,6,0.0,0.0,0.0
2,6,0.0,0.0,0.0
2,6,0.0,0.0,0.0
2,6,0.0,0.0,0.0
2,6,0.0,0.0,0.0
2,6,0.0,0.0,0.0
2,6,0.0,0.0,0.0
2,6,0.0,0.0,0.0
2,6,0.0,0.0,0.0
2,6,0.0,0.0,0.0
2,6,0.0,0.0,0.0
2,6,0.0,0.0,0.0
2,6,0.0,0.0,0.0
2,6,0.0,0.0,0.0
2,6,0.0,0.0,0.0
2,6,0.0,0.0,0.0
2,6,0.0,0.0,0.0
2,6,0.0,0.0,0.0
2,6,0.0,0.0,0.0
2,6,0.0,0.0,0.0
2,6,0.0,0.0,0.0
2,6,0.0,0.0,0.0
2,6,0.0,0.0,0.0
2,6,0.0,0.0,0.0
2,6,0.0,0.0,0.0
2,6,0.0,0.0,0.0
2,6,0.0,0.0,0.0
2,6,0.0,0.0,0.0
2,6,0.0,0.0,0.0
2,6,0.0,0.0,0.0
2,6,0.0,0.0,0.0
2,6,0.0,0.0,0.0
2,6,0.0,0.0,0.0
2,6,0.0,0.0,0.0
2,6,0.0,0.0,0.0
2,6,0.0,0.0,0.0
2,6,0.0,0.0,0.0
2,6,0.0,0.0,0.0
2,6,0.0,0.0,0.0
2,6,0.0,0.0,0.0
2,6,0.0,0.0,0.0
2,6,0.0,0.0,0.0
2,6,0.0,0.0,0.0
2,6,0.0,0.0,0.0
2,6,0.0,0.0,0.0
2,6,0.0,0.0,0.0
2,6,0.0,0.0,0.0
2,6,0.0,0.0,0.0
2,6,0.0,0.0,0.0
2,6,0.0,0.0,0.0
2,6,0.0,0.0,0.0
2,6,0.0,0.0,0.0
2,6,0.0,0.0,0.0
2,6,0.0,0.0,0.0
2,6,0.0,0.0,0.0
2,6,0.0,0.0,0.0
2,6,0.0,0.0,0.0
2,6,0.0,0.0,0.0
2,6,0.0,0.0,0.0
2,6,0.0,0.0,0.0
2,6,0.0,0.0,0.0
2,6,0.0,0.0,0.0
2,6,0.0,0.0,0.0
2,6,0.0,0.0,0.0
2,6,0.0,0.0,0.0
2,6,0.0,0.0,0.0
2,6,0.0,0.0,0.0
2,6,0.0,0.0,0.0
2,6,0.0,0.0,0.0
2,6,0.0,0.0,0.0
2,6,0.0,0.0,0.0
2,6,0.0,0.0,0.0
2,6,0.0,0.0,0.0
2,6,0.0,0.0,0.0
2,6,0.0,0.0,0.0
2,6,0.0,0.0,0.0
2,6,0.0,0.0,0.0
2,6,0.0,0.0,0.0
2,6,0.0,0.0,0.0
2,6,0.0,0.0,0.0
2,6,0.0,0.0,0.0
2,6,0.0,0.0,0.0
2,6,0.0,0.0,0.0
2,6,0.0,0.0,0.0
2,6,0.0,0.0,0.0
2,6,0.0,0.0,0.0
2,6,0.0,0.0,0.0
2,6,0.0,0.0,0.0
2,6,0.0,0.0,0.0
2,6,0.0,0.0,0.0
2,6,0.0,0.0,0.0
2,6,0.0,0.0,0.0
2,6,0.0,0.0,0.0
2,6,0.0,0.0,0.0
2,6,0.0,0.0,0.0
2,6,0.0,0.0,0.0
2,6,0.0,0.0,0.0
2,6,0.0,0.0,0.0
2,6,0.0,0.0,0.0
2,6,0.0,0.0,0.0
2,6,0.0,0.0,0.0
2,6,0.0,0.0,0.0
2,6,0.0,0.0,0.0
2,6,0.0,0.0,0.0
2,6,0.0,0.0,0.0
2,6,0.0,0.0,0.0
2,6,0.0,0.0,0.0
2,6,0.0,0.0,0.0
2,6,0.0,0.0,0.0
2,6,0.0,0.0,0.0
2,6,0.0,0.0,0.0
2,6,0.0,0.0,0.0
2,6,0.0,0.0,0.0
2,6,0.0,0.0,0.0
2,6,0.0,0.0,0.0
2,6,0.0,0.0,0.0
2,6,0.0,0.0,0.0
2,6,0.0,0.0,0.0
2,6,0.0,0.0,0.0
2,6,0.0,0.0,0.0
2,6,0.0,0.0,0.0
2,6,0.0,0.0,0.0
2,6,0.0,0.0,0.0
2,6,0.0,0.0,0.0
2,6,0.0,0.0,0.0
2,6,0.0,0.0,0.0
2,6,0.0,0.0,0.0
2,6,0.0,0.0,0.0
2,6,0.0,0.0,0.0
2,6,0.0,0.0,0.0
2,6,0.0,0.0,0.0
2,6,0.0,0.0,0.0
2,6,0.0,0.0,0.0
2,6,0.0,0.0,0.0
2,6,0.0,0.0,0.0
2,6,0.0,0.0,0.0
2,6,0.0,0.0,0.0
2,6,0.0,0.0,0.0
2,6,0.0,0.0,0.0
2,6,0.0,0.0,0.0
2,6,0.0,0.0,0.0
2,6,0.0,0.0,0.0
2,6,0.0,0.0,0.0
2,6,0.0,0.0,0.0
2,6,0.0,0.0,0.0
2,6,0.0,0.0,0.0
2,6,0.0,0.0,0.0
2,6,0.0,0.0,0.0
2,6,0.0,0.0,0.0
2,6,0.0,0.0,0.0
2,6,0.0,0.0,0.0
2,6,0.0,0.0,0.0
2,6,0.0,0.0,0.0
2,6,0.0,0.0,0.0
2,6,0.0,0.0,0.0
2,6,0.0,0.0,0.0
2,6,0.0,0.0,0.0
2,6,0.0,0.0,0.0
2,6,0.0,0.0,0.0
2,6,0.0,0.0,0.0
2,6,0.0,0.0,0.0
2,6,0.0,0.0,0.0
2,6,0.0,0.0,0.0
2,6,0.0,0.0,0.0
2,6,0.0,0.0,0.0
2,6,0.0,0.0,0.0
2,6,0.0,0.0,0.0
2,6,0.0,0.0,0.0
2,6,0.0,0.0,0.0
2,6,0.0,0.0,0.0
2,6,0.0,0.0,0.0
2,6,0.0,0.0,0.0
2,6,0.0,0.0,0.0
2,6,0.0,0.0,0.0
2,6,0.0,0.0,0.0
2,6,0.0,0.0,0.0
2,6,0.0,0.0,0.0
2,6,0.0,0.0,0.0
2,6,0.0,0.0,0.0
2,6,0.0,0.0,0.0
2,6,0.0,0.0,0.0
2,6,0.0,0.0,0.0
2,6,0.0,0.0,0.0
2,6,0.0,0.0,0.0
2,6,0.0,0.0,0.0
2,6,0.0,0.0,0.0
2,6,0.0,0.0,0.0
2,6,0.0,0.0,0.0
2,6,0.0,0.0,0.0
2,6,0.0,0.0,0.0
2,6,0.0,0.0,0.0
2,6,0.0,0.0,0.0
2,6,0.0,0.0,0.0
2,6,0.0,0.0,0.0
2,6,0.0,0.0,0.0
2,6,0.0,0.0,0.0
2,6,0.0,0.0,0.0
2,6,0.0,0.0,0.0
2,6,0.0,0.0,0.0
2,6,0.0,0.0,0.0
2,6,0.0,0.0,0.0
2,6,0.0,0.0,0.0
2,6,0.0,0.0,0.0
2,6,0.0,0.0,0.0
2,6,0.0,0.0,0.0
2,6,0.0,0.0,0.0
2,6,0.0,0.0,0.0
2,6,0.0,0.0,0.0
2,6,0.0,0.0,0.0
2,6,0.0,0.0,0.0
2,6,0.0,0.0,0.0
2,6,0.0,0.0,0.0
2,6,0.0,0.0,0.0
2,6,0.0,0.0,0.0
2,6,0.0,0.0,0.0
2,6,0.0,0.0,0.0
2,6,0.0,0.0,0.0
2,6,0.0,0.0,0.0
2,6,0.0,0.0,0.0
2,6,0.0,0.0,0.0
2,6,0.0,0.0,0.0
2,6,0.0,0.0,0.0
2,6,0.0,0.0,0.0
2,6,0.0,0.0,0.0
2,6,0.0,0.0,0.0
2,6,0.0,0.0,0.0
2,6,0.0,0.0,0.0
2,6,0.0,0.0,0.0
2,6,0.0,0.0,0.0
2,6,0.0,0.0,0.0
2,6,0.0,0.0,0.0
2,6,0.0,0.0,0.0
2,6,0.0,0.0,0.0
2,6,0.0,0.0,0.0
2,6,0.0,0.0,0.0
2,6,0.0,0.0,0.0
2,6,0.0,0.0,0.0
2,6,0.0,0.0,0.0
2,6,0.0,0.0,0.0
2,6,0.0,0.0,0.0
2,6,0.0,0.0,0.0
2,6,0.0,0.0,0.0
2,6,0.0,0.0,0.0
2,6,0.0,0.0,0.0
2,6,0.0,0.0,0.0
2,6,0.0,0.0,0.0
2,6,0.0,0.0,0.0
2,6,0.0,0.0,0.0
2,6,0.0,0.0,0.0
2,6,0.0,0.0,0.0
2,6,0.0,0.0,0.0
2,6,0.0,0.0,0.0
2,6,0.0,0.0,0.0
2,6,0.0,0.0,0.0
2,6,0.0,0.0,0.0
2,6,0.0,0.0,0.0
2,6,0.0,0.0,0.0
2,6,0.0,0.0,0.0
2,6,0.0,0.0,0.0
2,6,0.0,0.0,0.0
2,6,0.0,0.0,0.0
2,6,0.0,0.0,0.0
2,6,0.0,0.0,0.0
2,6,0.0,0.0,0.0
2,6,0.0,0.0,0.0
2,6,0.0,0.0,0.0
2,6,0.0,0.0,0.0
2,6,0.0,0.0,0.0
2,6,0.0,0.0,0.0
2,6,0.0,0.0,0.0
2,6,0.0,0.0,0.0
2,6,0.0,0.0,0.0
2,6,0.0,0.0,0.0
2,6,0.0,0.0,0.0
2,6,0.0,0.0,0.0
2,6,0.0,0.0,0.0
2,6,0.0,0.0,0.0
2,6,0.0,0.0,0.0
2,6,0.0,0.0,0.0
2,6,0.0,0.0,0.0
2,6,0.0,0.0,0.0
2,6,0.0,0.0,0.0
2,6,0.0,0.0,0.0
2,6,0.0,0.0,0.0
2,6,0.0,0.0,0.0
2,6,0.0,0.0,0.0
2,6,0.0,0.0,0.0
2,6,0.0,0.0,0.0
2,6,0.0,0.0,0.0
2,6,0.0,0.0,0.0
2,6,0.0,0.0,0.0
2,6,0.0,0.0,0.0
2,6,0.0,0.0,0.0
2,6,0.0,0.0,0.0
2,6,0.0,0.0,0.0
2,6,0.0,0.0,0.0
2,6,0.0,0.0,0.0
2,6,0.0,0.0,0.0
2,6,0.0,0.0,0.0
2,6,0.0,0.0,0.0
2,6,0.0,0.0,0.0
2,6,0.0,0.0,0.0
2,6,0.0,0.0,0.0
2,6,0.0,0.0,0.0
2,6,0.0,0.0,0.0
2,6,0.0,0.0,0.0
2,6,0.0,0.0,0.0
2,6,0.0,0.0,0.0
2,6,0.0,0.0,0.0
2,6,0.0,0.0,0.0
2,6,0.0,0.0,0.0
2,6,0.0,0.0,0.0
2,6,0.0,0.0,0.0
2,6,0.0,0.0,0.0
2,6,0.0,0.0,0.0
2,6,0.0,0.0,0.0
2,6,0.0,0.0,0.0
2,6,0.0,0.0,0.0
2,6,0.0,0.0,0.0
2,6,0.0,0.0,0.0
2,6,0.0,0.0,0.0
2,6,0.0,0.0,0.0
2,6,0.0,0.0,0.0
2,6,0.0,0.0,0.0
2,6,0.0,0.0,0.0
2,6,0.0,0.0,0.0
2,6,0.0,0.0,0.0
2,6,0.0,0.0,0.0
2,6,0.0,0.0,0.0
2,6,0.0,0.0,0.0
2,6,0.0,0.0,0.0
2,6,0.0,0.0,0.0
2,6,0.0,0.0,0.0
2,6,0.0,0.0,0.0
2,6,0.0,0.0,0.0
2,6,0.0,0.0,0.0
2,6,0.0,0.0,0.0
2,6,0.0,0.0,0.0
2,6,0.0,0.0,0.0
2,6,0.0,0.0,0.0
2,6,0.0,0.0,0.0
2,6,0.0,0.0,0.0
2,6,0.0,0.0,0.0
2,6,0.0,0.0,0.0
2,6,0.0,0.0,0.0
2,6,0.0,0.0,0.0
2,6,0.0,0.0,0.0
2,6,0.0,0.0,0.0
2,6,0.0,0.0,0.0
2,6,0.0,0.0,0.0
2,6,0.0,0.0,0.0
2,6,0.0,0.0,0.0
2,6,0.0,0.0,0.0
2,6,0.0,0.0,0.0
2,6,0.0,0.0,0.0
2,6,0.0,0.0,0.0
2,6,0.0,0.0,0.0
2,6,0.0,0.0,0.0
2,6,0.0,0.0,0.0
2,6,0.0,0.0,0.0
2,6,0.0,0.0,0.0
2,6,0.0,0.0,0.0
2,6,0.0,0.0,0.0
2,6,0.0,0.0,0.0
2,6,0.0,0.0,0.0
2,6,0.0,0.0,0.0
2,6,0.0,0.0,0.0
2,6,0.0,0.0,0.0
2,6,0.0,0.0,0.0
2,6,0.0,0.0,0.0
2,6,0.0,0.0,0.0
2,6,0.0,0.0,0.0
2,6,0.0,0.0,0.0
2,6,0.0,0.0,0.0
2,6,0.0,0.0,0.0
2,6,0.0,0.0,0.0
2,6,0.0,0.0,30.360000000000003
2,6,0.0,0.0,0.0
2,6,0.0,0.0,0.0
2,6,0.0,0.0,0.0
2,6,0.0,0.0,0.0
2,6,0.0,0.0,0.0
2,6,0.0,0.0,0.0
2,6,0.0,0.0,0.0
2,6,0.0,0.0,0.0
2,6,0.0,0.0,0.0
2,6,0.0,0.0,0.0
2,6,0.0,0.0,0.0
2,6,0.0,0.0,0.0
2,6,0.0,0.0,0.0
2,6,0.0,0.0,0.0
2,6,0.0,0.0,0.0
2,6,0.0,0.0,0.0
2,6,0.0,0.0,0.0
2,6,0.0,0.0,0.0
2,6,0.0,0.0,0.0
2,6,0.0,0.0,0.0
2,6,0.0,0.0,0.0
2,6,0.0,0.0,0.0
2,6,0.0,0.0,0.0
2,6,0.0,0.0,0.0
2,6,0.0,0.0,0.0
2,6,0.0,0.0,0.0
2,6,0.0,0.0,0.0
2,6,0.0,0.0,0.0
2,6,0.0,0.0,60.720000000000006
2,6,0.0,0.0,0.0
2,6,0.0,0.0,0.0
2,6,0.0,0.0,0.0
2,6,0.0,0.0,0.0
2,6,0.0,0.0,0.0
2,6,0.0,0.0,0.0
2,6,0.0,0.0,0.0
2,6,0.0,0.0,0.0
2,6,0.0,0.0,0.0
2,6,0.0,0.0,0.0
2,6,0.0,0.0,0.0
2,6,0.0,0.0,0.0
2,6,0.0,0.0,0.0
2,6,0.0,0.0,0.0
2,6,0.0,0.0,0.0
2,6,0.0,0.0,0.0
2,6,0.0,0.0,0.0
2,6,0.0,0.0,0.0
2,6,0.0,0.0,0.0
2,6,0.0,0.0,0.0
2,6,0.0,0.0,0.0
2,6,0.0,0.0,0.0
2,6,0.0,0.0,0.0
2,6,0.0,0.0,0.0
2,6,0.0,0.0,0.0
2,6,0.0,0.0,0.0
2,6,0.0,0.0,0.0
2,6,0.0,0.0,0.0
2,6,0.0,0.0,0.0
2,6,0.0,0.0,0.0
2,6,0.0,0.0,0.0
2,6,0.0,0.0,0.0
2,6,0.0,0.0,0.0
2,6,0.0,0.0,0.0
2,6,0.0,0.0,0.0
2,6,0.0,0.0,0.0
2,6,0.0,0.0,0.0
2,6,0.0,0.0,0.0
2,6,0.0,0.0,0.0
2,6,0.0,0.0,0.0
2,6,0.0,0.0,0.0
2,6,0.0,0.0,0.0
2,6,0.0,0.0,0.0
2,6,0.0,0.0,0.0
2,6,0.0,0.0,0.0
2,6,0.0,0.0,0.0
2,6,0.0,0.0,69.95999999999998
2,6,0.0,0.0,0.0
2,6,0.0,0.0,0.0
2,6,0.0,0.0,0.0
2,6,0.0,0.0,0.0
2,6,0.0,0.0,0.0
2,6,0.0,0.0,0.0
2,6,0.0,0.0,0.0
2,6,0.0,0.0,0.0
2,6,0.0,0.0,0.0
2,6,0.0,0.0,0.0
2,6,0.0,0.0,0.0
2,6,0.0,0.0,0.0
2,6,0.0,0.0,0.0
2,6,0.0,0.0,0.0
2,6,0.0,0.0,0.0
2,6,0.0,0.0,0.0
2,6,0.0,0.0,0.0
2,6,0.0,0.0,0.0
2,6,0.0,0.0,0.0
2,6,0.0,0.0,0.0
2,6,0.0,0.0,0.0
2,6,0.0,0.0,0.0
2,6,0.0,0.0,0.0
2,6,0.0,0.0,0.0
2,6,0.0,0.0,0.0
2,6,0.0,0.0,0.0
2,6,0.0,0.0,0.0
2,6,0.0,0.0,0.0
2,6,0.0,0.0,0.0
2,6,0.0,0.18614982820098547,11.88
2,6,0.0,0.0,0.0
2,6,0.0,0.0,0.0
2,6,0.0,0.0,0.0
2,6,0.0,0.0,0.0
2,6,0.0,0.0,0.0
2,6,0.0,0.0,0.0
2,6,0.0,0.0,0.0
2,6,0.0,0.0,0.0
2,6,0.0,0.0,0.0
2,6,0.0,0.0,0.0
2,6,0.0,0.0,0.0
2,6,0.0,0.0,0.0
2,6,0.0,0.0,0.0
2,6,0.0,0.0,0.0
2,6,0.0,0.0,0.0
2,6,0.0,0.0,0.0
2,6,0.0,0.0,0.0
2,6,0.0,0.0,0.0
2,6,0.0,0.0,0.0
2,6,0.0,0.0,0.0
2,6,0.0,0.0,0.0
2,6,0.0,0.0,0.0
2,6,0.0,0.0,0.0
2,6,0.0,0.0,0.0
2,6,0.0,0.0,0.0
2,6,0.0,0.0,0.0
2,6,0.0,0.0,0.0
2,6,0.0,0.0,0.0
2,6,0.0,0.0,0.0
2,6,0.0,0.0,0.0
2,6,0.0,0.0,0.0
2,6,0.0,0.0,0.0
2,6,0.0,0.0,0.0
2,6,0.0,0.0,0.0
2,6,0.0,0.0,0.0
2,6,0.0,0.0,0.0
2,6,0.0,0.0,0.0
2,6,0.0,0.0,0.0
2,6,0.0,0.0,0.0
2,6,0.0,0.0,0.0
2,6,0.0,0.0,0.0
2,6,0.0,0.0,0.0
2,6,0.0,0.0,0.0
2,6,0.0,0.0,0.0
2,6,0.0,0.0,0.0
2,6,0.0,0.0,0.0
2,6,0.0,0.0,0.0
2,6,0.0,0.0,0.0
2,6,0.0,0.0,0.0
2,6,0.0,0.0,0.0
2,6,0.0,0.0,0.0
2,6,0.0,0.0,0.0
2,6,0.0,0.0,0.0
2,6,0.0,0.0,0.0
2,6,0.0,0.0,0.0
2,6,0.0,0.0,0.0
2,6,0.0,0.0,0.0
2,6,0.0,0.0,0.0
2,6,0.0,0.0,0.0
2,6,0.0,0.0,0.0
2,6,0.0,0.0,0.0
2,6,0.0,0.0,0.0
2,6,0.0,0.0,0.0
2,6,0.0,0.0,0.0
2,6,0.0,0.0,0.0
2,6,0.0,0.0,0.0
2,6,0.0,0.0,0.0
2,6,0.0,0.0,0.0
2,6,0.0,0.0,0.0
2,6,0.0,0.0,0.0
2,6,0.0,0.0,0.0
2,6,0.0,0.0,0.0
2,6,0.0,0.0,0.0
2,6,0.0,0.0,0.0
2,6,0.0,0.0,0.0
2,6,0.0,0.0,0.0
2,6,0.0,0.0,0.0
2,6,0.0,0.0,0.0
2,6,0.0,0.0,0.0
2,6,0.0,0.0,0.0
2,6,0.0,0.0,0.0
2,6,0.0,0.0,0.0
2,6,0.0,0.0,0.0
2,6,0.0,0.0,0.0
2,6,0.0,0.0,0.0
2,6,0.0,0.0,0.0
2,6,0.0,0.0,0.0
2,6,0.0,0.0,0.0
2,6,0.0,0.0,0.0
2,6,0.0,0.0,0.0
2,6,0.0,0.0,0.0
2,6,0.0,0.0,0.0
2,6,0.0,0.0,0.0
2,6,0.0,0.0,0.0
2,6,0.0,0.0,0.0
2,6,0.0,0.0,0.0
2,6,0.0,0.0,0.0
2,6,0.0,0.0,0.0
2,6,0.0,0.0,0.0
2,6,0.0,0.0,0.0
2,6,0.0,0.0,0.0
2,6,0.0,0.0,0.0
2,6,0.0,0.0,0.0
2,6,0.0,0.0,0.0
2,6,0.0,0.0,0.0
2,6,0.0,0.0,0.0
2,6,0.0,0.0,0.0
2,6,0.0,0.0,0.0
2,6,0.0,0.0,0.0
2,6,0.0,0.0,0.0
2,6,0.0,0.0,0.0
2,6,0.0,0.0,0.0
2,6,0.0,0.0,0.0
2,6,0.0,0.0,0.0
2,6,0.0,0.0,0.0
2,6,0.0,0.0,0.0
2,6,0.0,0.0,0.0
2,6,0.0,0.0,0.0
2,6,0.0,0.0,0.0
2,6,0.0,0.0,0.0
2,6,0.0,0.0,0.0
2,6,0.0,0.0,0.0
2,6,0.0,0.0,0.0
2,6,0.0,0.0,0.0
2,6,0.0,0.0,0.0
2,6,0.0,0.0,0.0
2,6,0.0,0.0,0.0
2,6,0.0,0.0,0.0
2,6,0.0,0.0,0.0
2,6,0.0,0.0,0.0
2,6,0.0,0.0,0.0
2,6,0.0,0.0,0.0
2,6,0.0,0.0,0.0
2,6,0.0,0.0,0.0
2,6,0.0,0.0,0.0
2,6,0.0,0.0,0.0
2,6,0.0,0.0,0.0
2,6,0.0,0.0,0.0
2,6,0.0,0.0,0.0
2,6,0.0,0.0,0.0
2,6,0.0,0.0,0.0
2,6,0.0,0.0,0.0
2,6,0.0,0.0,0.0
2,6,0.0,0.0,0.0
2,6,0.0,0.0,0.0
2,6,0.0,0.0,0.0
2,6,0.0,0.0,0.0
2,6,0.0,0.0,0.0
2,6,0.0,0.0,0.0
2,6,0.0,0.0,0.0
2,6,0.0,0.0,0.0
2,6,0.0,0.0,0.0
2,6,0.0,0.0,0.0
2,6,0.0,0.0,0.0
2,6,0.0,0.0,0.0
2,6,0.0,0.0,0.0
2,6,0.0,0.0,0.0
2,6,0.0,0.0,0.0
2,6,0.0,0.0,0.0
2,6,0.0,0.0,0.0
2,6,0.0,0.0,0.0
2,6,0.0,0.0,0.0
2,6,0.0,0.0,0.0
2,6,0.0,0.0,0.0
2,6,0.0,0.0,0.0
2,6,0.0,0.0,0.0
2,6,0.0,0.0,0.0
2,6,0.0,0.0,0.0
2,6,0.0,0.0,0.0
2,6,0.0,0.0,0.0
2,6,0.0,0.0,0.0
2,6,0.0,0.0,0.0
2,6,0.0,0.0,0.0
2,6,0.0,0.0,0.0
2,6,0.0,0.0,0.0
2,6,0.0,0.0,0.0
2,6,0.0,0.0,0.0
2,6,0.0,0.0,0.0
2,6,0.0,0.0,0.0
2,6,0.0,0.0,0.0
2,6,0.0,0.0,0.0
2,6,0.0,0.0,0.0
2,6,0.0,0.0,0.0
2,6,0.0,0.0,0.0
2,6,0.0,0.0,0.0
2,6,0.0,0.0,0.0
2,6,0.0,0.0,0.0
2,6,0.0,0.0,0.0
2,6,0.0,0.0,0.0
2,6,0.0,0.0,0.0
2,6,0.0,0.0,0.0
2,6,0.0,0.0,0.0
2,6,0.0,0.0,0.0
2,6,0.0,0.0,0.0
2,6,0.0,0.0,0.0
2,6,0.0,0.0,0.0
2,6,0.0,0.0,0.0
2,6,0.0,0.0,0.0
2,6,0.0,0.0,0.0
2,6,0.0,0.0,0.0
2,6,0.0,0.0,0.0
2,6,0.0,0.0,0.0
2,6,0.0,0.0,0.0
2,6,0.0,0.0,0.0
2,6,0.0,0.0,0.0
2,6,0.0,0.0,0.0
2,6,0.0,0.0,0.0
2,6,0.0,0.0,0.0
2,6,0.0,0.0,0.0
2,6,0.0,0.0,0.0
2,6,0.0,0.0,0.0
2,6,0.0,0.0,0.0
2,6,0.0,0.0,0.0
2,6,0.0,0.0,0.0
2,6,0.0,0.0,0.0
2,6,0.0,0.0,0.0
2,6,0.0,0.0,0.0
2,6,0.0,0.0,0.0
2,6,0.0,0.0,0.0
2,6,0.0,0.0,0.0
2,6,0.0,0.0,0.0
2,6,0.0,0.0,0.0
2,6,0.0,0.0,0.0
2,6,0.0,0.0,0.0
2,6,0.0,0.0,0.0
2,6,0.0,0.0,0.0
2,6,0.0,0.0,0.0
2,6,0.0,0.0,0.0
2,6,0.0,0.0,0.0
2,6,0.0,0.0,0.0
2,6,0.0,0.0,0.0
2,6,0.0,0.0,0.0
2,6,0.0,0.0,0.0
2,6,0.0,0.0,0.0
2,6,0.0,0.0,0.0
2,6,0.0,0.0,0.0
2,6,0.0,0.0,0.0
2,6,0.0,0.0,0.0
2,6,0.0,0.0,0.0
2,6,0.0,0.0,0.0
2,6,0.0,0.0,0.0
2,6,0.0,0.0,0.0
2,6,0.0,0.0,0.0
2,6,0.0,0.0,0.0
2,6,0.0,0.0,0.0
2,6,0.0,0.0,0.0
2,6,0.0,0.0,0.0
2,6,0.0,0.0,0.0
2,6,0.0,0.0,0.0
2,6,0.0,0.0,0.0
2,6,0.0,0.0,0.0
2,6,0.0,0.0,0.0
2,6,0.0,0.0,0.0
2,6,0.0,0.0,0.0
2,6,0.0,0.0,0.0
2,6,0.0,0.0,0.0
2,6,0.0,0.0,0.0
2,6,0.0,0.0,0.0
2,6,0.0,0.0,0.0
2,6,0.0,0.0,0.0
2,6,0.0,0.0,0.0
2,6,0.0,0.0,0.0
2,6,0.0,0.0,0.0
2,6,0.0,0.0,0.0
2,6,0.0,0.0,0.0
2,6,0.0,0.0,0.0
2,6,0.0,0.0,0.0
2,6,0.0,0.0,0.0
2,6,0.0,0.0,0.0
2,6,0.0,0.0,0.0
2,6,0.0,0.0,0.0
2,6,0.0,0.0,0.0
2,6,0.0,0.0,0.0
2,6,0.0,0.0,0.0
2,6,0.0,0.0,0.0
2,6,0.0,0.0,0.0
2,6,0.0,0.0,0.0
2,6,0.0,0.0,0.0
2,6,0.0,0.0,0.0
2,6,0.0,0.0,40.92
2,6,0.0,0.0,0.0
2,6,0.0,0.0,0.0
2,6,0.0,0.0,0.0
2,6,0.0,0.0,0.0
2,6,0.0,0.0,0.0
2,6,0.0,0.0,0.0
2,6,0.0,0.0,0.0
2,6,0.0,0.0,0.0
2,6,0.0,0.0,0.0
2,6,0.0,0.0,0.0
2,6,0.0,0.0,0.0
2,6,0.0,0.0,0.0
2,6,0.0,0.0,0.0
2,6,0.0,0.0,0.0
2,6,0.0,0.0,0.0
2,6,0.0,0.0,0.0
2,6,0.0,0.0,0.0
2,6,0.0,0.0,0.0
2,6,0.0,0.0,0.0
2,6,0.0,0.0,0.0
2,6,0.0,0.0,0.0
2,6,0.0,0.0,0.0
2,6,0.0,0.0,0.0
2,6,0.0,0.0,0.0
2,6,0.0,0.0,0.0
2,6,0.0,0.0,0.0
2,6,0.0,0.0,0.0
2,6,0.0,0.0,0.0
2,6,0.0,0.0,0.0
2,6,0.0,0.0,0.0
2,6,0.0,0.0,0.0
2,6,0.0,0.0,0.0
2,6,0.0,0.0,0.0
2,6,0.0,0.0,0.0
2,6,0.0,0.0,0.0
2,6,0.0,0.0,0.0
2,6,0.0,0.0,0.0
2,6,0.0,0.0,0.0
2,6,0.0,0.0,0.0
2,6,0.0,0.0,0.0
2,6,0.0,0.0,0.0
2,6,0.0,0.0,0.0
2,6,0.0,0.0,0.0
2,6,0.0,0.0,0.0
2,6,0.0,0.0,0.0
2,6,0.0,0.0,0.0
2,6,0.0,0.0,0.0
2,6,0.0,0.0,0.0
2,6,0.0,0.0,0.0
2,6,0.0,0.0,0.0
2,6,0.0,0.0,0.0
2,6,0.0,0.0,0.0
2,6,0.0,0.0,0.0
2,6,0.0,0.0,0.0
2,6,0.0,0.0,0.0
2,6,0.0,0.0,0.0
2,6,0.0,0.0,0.0
2,6,0.0,0.0,0.0
2,6,0.0,0.0,0.0
2,6,0.0,0.0,0.0
2,6,0.0,0.0,0.0
2,6,0.0,0.0,0.0
2,6,0.0,0.0,0.0
2,6,0.0,0.0,0.0
2,6,0.0,0.0,0.0
2,6,0.0,0.0,0.0
2,6,0.0,0.0,0.0
2,6,0.0,0.0,0.0
2,6,0.0,0.0,0.0
2,6,0.0,0.0,0.0
2,6,0.0,0.0,0.0
2,6,0.0,0.0,0.0
2,6,0.0,0.0,0.0
2,6,0.0,0.0,0.0
2,6,0.0,0.0,0.0
2,6,0.0,0.0,0.0
2,6,0.0,0.0,0.0
2,6,0.0,0.0,0.0
2,6,0.0,0.0,0.0
2,6,0.0,0.0,0.0
2,6,0.0,0.0,0.0
2,6,0.0,0.0,0.0
2,6,0.0,0.0,0.0
2,6,0.0,0.0,0.0
2,6,0.0,0.0,0.0
2,6,0.0,0.0,0.0
2,6,0.0,0.0,0.0
2,6,0.0,0.0,0.0
2,6,0.0,0.0,0.0
2,6,0.0,0.0,0.0
2,6,0.0,0.0,0.0
2,6,0.0,0.0,0.0
2,6,0.0,0.0,0.0
2,6,0.0,0.0,0.0
2,6,0.0,0.0,0.0
2,6,0.0,0.0,0.0
2,6,0.0,0.0,0.0
2,6,0.0,0.0,0.0
2,6,0.0,0.0,0.0
2,6,0.0,0.0,0.0
2,6,0.0,0.0,0.0
2,6,0.0,0.0,0.0
2,6,0.0,0.0,0.0
2,6,0.0,0.0,0.0
2,6,0.0,0.0,0.0
2,6,0.0,0.0,0.0
2,6,0.0,0.0,0.0
2,6,0.0,0.0,0.0
2,6,0.0,0.0,0.0
2,6,0.0,0.0,0.0
2,6,0.0,0.0,0.0
2,6,0.0,0.0,0.0
2,6,0.0,0.0,0.0
2,6,0.0,0.0,0.0
2,6,0.0,0.0,0.0
2,6,0.0,0.0,0.0
2,6,0.0,0.0,0.0
2,6,0.0,0.0,0.0
2,6,0.0,0.0,0.0
2,6,0.0,0.0,0.0
2,6,0.0,0.0,0.0
2,6,0.0,0.0,0.0
2,6,0.0,0.0,0.0
2,6,0.0,0.0,0.0
2,6,0.0,0.0,0.0
2,6,0.0,0.0,0.0
2,6,0.0,0.0,0.0
2,6,0.0,0.0,0.0
2,6,0.0,0.0,0.0
2,6,0.0,0.0,0.0
2,6,0.0,0.0,0.0
2,6,0.0,0.0,0.0
2,6,0.0,0.0,0.0
2,6,0.0,0.0,0.0
2,6,0.0,0.0,0.0
2,6,0.0,0.0,0.0
2,6,0.0,0.0,0.0
2,6,0.0,0.0,0.0
2,6,0.0,0.0,0.0
2,6,0.0,0.0,0.0
2,6,0.0,0.0,0.0
2,6,0.0,0.0,0.0
2,6,0.0,0.0,0.0
2,6,0.0,0.0,0.0
2,6,0.0,0.0,0.0
2,6,0.0,0.0,0.0
2,6,0.0,0.0,0.0
2,6,0.0,0.0,0.0
2,6,0.0,0.0,0.0
2,6,0.0,0.0,0.0
2,6,0.0,0.0,0.0
2,6,0.0,0.0,14.520000000000001
2,6,0.0,0.0,0.0
2,6,0.0,0.0,0.0
2,6,0.0,0.0,0.0
2,6,0.0,0.0,0.0
2,6,0.0,0.0,0.0
2,6,0.0,0.0,0.0
2,6,0.0,0.0,0.0
2,6,0.0,0.0,0.0
2,6,0.0,0.0,0.0
2,6,0.0,0.0,0.0
2,6,0.0,0.0,0.0
2,6,0.0,0.0,36.96
2,6,0.0,0.0,0.0
2,6,0.0,0.0,0.0
2,6,0.0,0.0,0.0
2,6,0.0,0.0,0.0
2,6,0.0,0.0,0.0
2,6,0.0,0.0,0.0
2,6,0.0,0.0,0.0
2,6,0.0,0.0,0.0
2,6,0.0,0.0,0.0
2,6,0.0,0.0,0.0
2,6,0.0,0.0,0.0
2,6,0.0,0.0,0.0
2,6,0.0,0.0,0.0
2,6,0.0,0.0,0.0
2,6,0.0,0.0,0.0
2,6,0.0,0.0,0.0
2,6,0.0,0.0,0.0
2,6,0.0,0.0,0.0
2,6,0.0,0.0,0.0
2,6,0.0,0.0,0.0
2,6,0.0,0.0,0.0
2,6,0.0,0.0,0.0
2,6,0.0,0.0,0.0
2,6,0.0,0.0,0.0
2,6,0.0,0.0,0.0
2,6,0.0,0.0,0.0
2,6,0.0,0.0,0.0
2,6,0.0,0.0,0.0
2,6,0.0,0.0,0.0
2,6,0.0,0.0,0.0
2,6,0.0,0.0,0.0
2,6,0.0,0.0,0.0
2,6,0.0,0.0,0.0
2,6,0.0,0.0,0.0
2,6,0.0,0.0,0.0
2,6,0.0,0.0,0.0
2,6,0.0,0.0,0.0
2,6,0.0,0.0,0.0
2,6,0.0,0.0,0.0
2,6,0.0,0.0,0.0
2,6,0.0,0.0,0.0
2,6,0.0,0.0,0.0
2,6,0.0,0.0,0.0
2,6,0.0,0.0,0.0
2,6,0.0,0.0,0.0
2,6,0.0,0.0,0.0
2,6,0.0,0.0,0.0
2,6,0.0,0.0,0.0
2,6,0.0,0.0,0.0
2,6,0.0,0.0,0.0
2,6,0.0,0.0,0.0
2,6,0.0,0.0,0.0
2,6,0.0,0.0,0.0
2,6,0.0,0.0,0.0
2,6,0.0,0.0,0.0
2,6,0.0,0.0,0.0
2,6,0.0,0.0,0.0
2,6,0.0,0.0,0.0
2,6,0.0,0.0,0.0
2,6,0.0,0.0,0.0
2,6,0.0,0.0,0.0
2,6,0.0,0.0,0.0
2,6,0.0,0.0,0.0
2,6,0.0,0.0,0.0
2,6,0.0,0.0,0.0
2,6,0.0,0.0,0.0
2,6,0.0,0.0,0.0
2,6,0.0,0.0,0.0
2,6,0.0,0.0,0.0
2,6,0.0,0.0,0.0
2,6,0.0,0.0,0.0
2,6,0.0,0.0,0.0
2,6,0.0,0.0,0.0
2,6,0.0,0.0,0.0
2,6,0.0,0.0,0.0
2,6,0.0,0.0,0.0
2,6,0.0,0.0,0.0
2,6,0.0,0.0,0.0
2,6,0.0,0.0,0.0
2,6,0.0,0.0,0.0
2,6,0.0,0.0,0.0
2,6,0.0,0.0,0.0
2,6,0.0,0.0,0.0
2,6,0.0,0.0,0.0
2,6,0.0,0.0,0.0
2,6,0.0,0.0,0.0
2,6,0.0,0.0,0.0
2,6,0.0,0.0,0.0
2,6,0.0,0.0,0.0
2,6,0.0,0.0,0.0
2,6,0.0,0.0,0.0
2,6,0.0,0.0,0.0
2,6,0.0,0.0,0.0
2,6,0.0,0.0,0.0
2,6,0.0,0.0,0.0
2,6,0.0,0.0,0.0
2,6,0.0,0.0,0.0
2,6,0.0,0.0,0.0
2,6,0.0,0.0,0.0
2,6,0.0,0.0,0.0
2,6,0.0,0.0,0.0
2,6,0.0,0.0,0.0
2,6,0.0,0.0,0.0
2,6,0.0,0.0,0.0
2,6,0.0,0.0,0.0
2,6,0.0,0.0,0.0
2,6,0.0,0.0,0.0
2,6,0.0,0.0,0.0
2,6,0.0,0.0,0.0
2,6,0.0,0.0,0.0
2,6,0.0,0.0,0.0
2,6,0.0,0.0,0.0
2,6,0.0,0.0,0.0
2,6,0.0,0.0,0.0
2,6,0.0,0.0,0.0
2,6,0.0,0.0,0.0
2,6,0.0,0.0,0.0
2,6,0.0,0.0,0.0
2,6,0.0,0.0,0.0
2,6,0.0,0.0,0.0
2,6,0.0,0.0,0.0
2,6,0.0,0.0,0.0
2,6,0.0,0.0,0.0
2,6,0.0,0.0,0.0
2,6,0.0,0.0,0.0
2,6,0.0,0.0,0.0
2,6,0.0,0.0,0.0
2,6,0.0,0.0,0.0
2,6,0.0,0.0,0.0
2,6,0.0,0.0,0.0
2,6,0.0,0.0,0.0
2,6,0.0,0.0,0.0
2,6,0.0,0.0,0.0
2,6,0.0,0.0,0.0
2,6,0.0,0.0,0.0
2,6,0.0,0.0,0.0
2,6,0.0,0.0,0.0
2,6,0.0,0.0,0.0
2,6,0.0,0.0,0.0
2,6,0.0,0.0,0.0
2,6,0.0,0.0,0.0
2,6,0.0,0.0,0.0
2,6,0.0,0.0,0.0
2,6,0.0,0.0,0.0
2,6,0.0,0.0,0.0
2,6,0.0,0.0,0.0
2,6,0.0,0.0,0.0
2,6,0.0,0.0,0.0
2,6,0.0,0.0,0.0
2,6,0.0,0.0,0.0
2,6,0.0,0.0,0.0
2,6,0.0,0.0,0.0
2,6,0.0,0.0,0.0
2,6,0.0,0.0,0.0
2,6,0.0,0.0,0.0
2,6,0.0,0.0,0.0
2,6,0.0,0.0,0.0
2,6,0.0,0.0,0.0
2,6,0.0,0.0,0.0
2,6,0.0,0.0,0.0
2,6,0.0,0.0,0.0
2,6,0.0,0.0,0.0
2,6,0.0,0.0,0.0
2,6,0.0,0.0,0.0
2,6,0.0,0.0,0.0
2,6,0.0,0.0,0.0
2,6,0.0,0.0,0.0
2,6,0.0,0.0,0.0
2,6,0.0,0.0,0.0
2,6,0.0,0.0,0.0
2,6,0.0,0.0,0.0
2,6,0.0,0.0,0.0
2,6,0.0,0.0,0.0
2,6,0.0,0.0,0.0
2,6,0.0,0.0,0.0
2,6,0.0,0.0,0.0
2,6,0.0,0.0,0.0
2,6,0.0,0.0,0.0
2,6,0.0,0.0,0.0
2,6,0.0,0.0,0.0
2,6,0.0,0.0,0.0
2,6,0.0,0.0,0.0
2,6,0.0,0.0,0.0
2,6,0.0,0.0,0.0
2,6,0.0,0.0,0.0
2,6,0.0,0.0,0.0
2,6,0.0,0.0,0.0
2,6,0.0,0.0,0.0
2,6,0.0,0.0,0.0
2,6,0.0,0.0,0.0
2,6,0.0,0.0,0.0
2,6,0.0,0.0,0.0
2,6,0.0,0.0,0.0
2,6,0.0,0.0,0.0
2,6,0.0,0.0,0.0
2,6,0.0,0.0,0.0
2,6,0.0,0.0,0.0
2,6,0.0,0.0,0.0
2,6,0.0,0.0,0.0
2,6,0.0,0.0,0.0
2,6,0.0,0.0,0.0
2,6,0.0,0.0,0.0
2,6,0.0,0.0,0.0
2,6,0.0,0.0,0.0
2,6,0.0,0.0,0.0
2,6,0.0,0.0,0.0
2,6,0.0,0.0,0.0
2,6,0.0,0.0,0.0
2,6,0.0,0.0,0.0
2,6,0.0,0.0,0.0
2,6,0.0,0.0,0.0
2,6,0.0,0.0,0.0
2,6,0.0,0.0,0.0
2,6,0.0,0.0,0.0
2,6,0.0,0.0,0.0
2,6,0.0,0.0,0.0
2,6,0.0,0.0,0.0
2,6,0.0,0.0,0.0
2,6,0.0,0.0,0.0
2,6,0.0,0.0,0.0
2,6,0.0,0.0,0.0
2,6,0.0,0.0,0.0
2,6,0.0,0.0,0.0
2,6,0.0,0.0,0.0
2,6,0.0,0.0,0.0
2,6,0.0,0.0,0.0
2,6,0.0,0.0,0.0
2,6,0.0,0.0,0.0
2,6,0.0,0.0,0.0
2,6,0.0,0.0,0.0
2,6,0.0,0.0,0.0
2,6,0.0,0.0,0.0
2,6,0.0,0.0,0.0
2,6,0.0,0.0,0.0
2,6,0.0,0.0,0.0
2,6,0.0,0.0,0.0
2,6,0.0,0.0,0.0
2,6,0.0,0.0,0.0
2,6,0.0,0.0,0.0
2,6,0.0,0.0,0.0
2,6,0.0,0.0,0.0
2,6,0.0,0.0,0.0
2,6,0.0,0.0,0.0
2,6,0.0,0.0,0.0
2,6,0.0,0.0,0.0
2,6,0.0,0.0,0.0
2,6,0.0,0.0,0.0
2,6,0.0,0.0,0.0
2,6,0.0,0.0,0.0
2,6,0.0,0.0,0.0
2,6,0.0,0.0,0.0
2,6,0.0,0.0,0.0
2,6,0.0,0.0,0.0
2,6,0.0,0.0,0.0
2,6,0.0,0.0,0.0
2,6,0.0,0.0,0.0
2,6,0.0,0.0,0.0
2,6,0.0,0.0,0.0
2,6,0.0,0.0,0.0
2,6,0.0,0.0,0.0
2,6,0.0,0.0,0.0
2,6,0.0,0.0,0.0
2,6,0.0,0.0,0.0
2,6,0.0,0.0,0.0
2,6,0.0,0.0,0.0
2,6,0.0,0.0,0.0
2,6,0.0,0.0,0.0
2,6,0.0,0.0,0.0
2,6,0.0,0.0,0.0
2,6,0.0,0.0,0.0
2,6,0.0,0.0,0.0
2,6,0.0,0.0,0.0
2,6,0.0,0.0,0.0
2,6,0.0,0.0,0.0
2,6,0.0,0.0,0.0
2,6,0.0,0.0,0.0
2,6,0.0,0.0,0.0
2,6,0.0,0.0,0.0
2,6,0.0,0.0,0.0
2,6,0.0,0.0,0.0
2,6,0.0,0.0,0.0
2,6,0.0,0.0,0.0
2,6,0.0,0.0,0.0
2,6,0.0,0.0,0.0
2,6,0.0,0.0,0.0
2,6,0.0,0.0,0.0
2,6,0.0,0.0,0.0
2,6,0.0,0.0,0.0
2,6,0.0,0.0,0.0
2,6,0.0,0.0,0.0
2,6,0.0,0.0,0.0
2,6,0.0,0.0,0.0
2,6,0.0,0.0,0.0
2,6,0.0,0.0,0.0
2,6,0.0,0.0,0.0
2,6,0.0,0.0,0.0
2,6,0.0,0.0,0.0
2,6,0.0,0.0,0.0
2,6,0.0,0.0,0.0
2,6,0.0,0.0,0.0
2,6,0.0,0.0,0.0
2,6,0.0,0.0,0.0
2,6,0.0,0.0,0.0
2,6,0.0,0.0,0.0
2,6,0.0,0.0,0.0
2,6,0.0,0.0,0.0
2,6,0.0,0.0,0.0
2,6,0.0,0.0,0.0
2,6,0.0,0.0,0.0
2,6,0.0,0.0,0.0
2,6,0.0,0.0,0.0
2,6,0.0,0.0,0.0
2,6,0.0,0.0,0.0
2,6,0.0,0.0,0.0
2,6,0.0,0.0,0.0
2,6,0.0,0.0,0.0
2,6,0.0,0.0,0.0
2,6,0.0,0.0,0.0
2,6,0.0,0.0,0.0
2,6,0.0,0.0,0.0
2,6,0.0,0.0,0.0
2,6,0.0,0.0,0.0
2,6,0.0,0.0,0.0
2,6,0.0,0.0,0.0
2,6,0.0,0.0,0.0
2,6,0.0,0.0,0.0
2,6,0.0,0.0,0.0
2,6,0.0,0.0,0.0
2,6,0.0,0.0,0.0
2,6,0.0,0.0,0.0
2,6,0.0,0.0,0.0
2,6,0.0,0.0,0.0
2,6,0.0,0.0,0.0
2,6,0.0,0.0,0.0
2,6,0.0,0.0,0.0
2,6,0.0,0.0,0.0
2,6,0.0,0.0,0.0
2,6,0.0,0.0,0.0
2,6,0.0,0.0,0.0
2,6,0.0,0.0,0.0
2,6,0.0,0.0,0.0
2,6,0.0,0.0,0.0
2,6,0.0,0.0,0.0
2,6,0.0,0.0,0.0
2,6,0.0,0.0,0.0
2,6,0.0,0.0,0.0
2,6,0.0,0.0,0.0
2,6,0.0,0.0,0.0
2,6,0.0,0.0,0.0
2,6,0.0,0.0,0.0
2,6,0.0,0.0,0.0
2,6,0.0,0.0,0.0
2,6,0.0,0.0,0.0
2,6,0.0,0.0,0.0
2,6,0.0,0.0,0.0
2,6,0.0,0.0,0.0
2,6,0.0,0.0,0.0
2,6,0.0,0.0,0.0
2,6,0.0,0.0,0.0
2,6,0.0,0.0,0.0
2,6,0.0,0.0,0.0
2,6,0.0,0.0,0.0
2,6,0.0,0.0,0.0
2,6,0.0,0.0,0.0
2,6,0.0,0.0,0.0
2,6,0.0,0.0,0.0
2,6,0.0,0.0,0.0
2,6,0.0,0.0,0.0
2,6,0.0,0.0,0.0
2,6,0.0,0.0,0.0
2,6,0.0,0.0,0.0
2,6,0.0,0.0,0.0
2,6,0.0,0.0,0.0
2,6,0.0,0.0,0.0
2,6,0.0,0.0,0.0
2,6,0.0,0.0,0.0
2,6,0.0,0.0,0.0
2,6,0.0,0.0,0.0
2,6,0.0,0.0,0.0
2,6,0.0,0.0,0.0
2,6,0.0,0.0,0.0
2,6,0.0,0.0,0.0
2,6,0.0,0.0,0.0
2,6,0.0,0.0,0.0
2,6,0.0,0.0,0.0
2,6,0.0,0.0,0.0
2,6,0.0,0.0,0.0
2,6,0.0,0.0,0.0
2,6,0.0,0.0,0.0
2,6,0.0,0.0,0.0
2,6,0.0,0.0,0.0
2,6,0.0,0.0,0.0
2,6,0.0,0.0,0.0
2,6,0.0,0.0,0.0
2,6,0.0,0.0,0.0
2,6,0.0,0.0,0.0
2,6,0.0,0.0,0.0
2,6,0.0,0.0,0.0
2,6,0.0,0.0,0.0
2,6,0.0,0.0,0.0
2,6,0.0,0.0,0.0
2,6,0.0,0.0,0.0
2,6,0.0,0.0,0.0
2,6,0.0,0.0,0.0
2,6,0.0,0.0,0.0
2,6,0.0,0.0,0.0
2,6,0.0,0.0,0.0
2,6,0.0,0.0,0.0
2,6,0.0,0.0,0.0
2,6,0.0,0.0,0.0
2,6,0.0,0.0,0.0
2,6,0.0,0.0,0.0
2,6,0.0,0.0,0.0
2,6,0.0,0.0,0.0
2,6,0.0,0.0,0.0
2,6,0.0,0.0,0.0
2,6,0.0,0.0,0.0
2,6,0.0,0.0,0.0
2,6,0.0,0.0,0.0
2,6,0.0,0.0,0.0
2,6,0.0,0.0,0.0
2,6,0.0,0.0,0.0
2,6,0.0,0.0,0.0
2,6,0.0,0.0,0.0
2,6,0.0,0.0,0.0
2,6,0.0,0.0,0.0
2,6,0.0,0.0,0.0
2,6,0.0,0.0,0.0
2,6,0.0,0.0,0.0
2,6,0.0,0.0,0.0
2,6,0.0,0.0,0.0
2,6,0.0,0.0,0.0
2,6,0.0,0.0,0.0
2,6,0.0,0.0,0.0
2,6,0.0,0.0,0.0
2,6,0.0,0.0,0.0
2,6,0.0,0.0,0.0
2,6,0.0,0.0,0.0
2,6,0.0,0.0,0.0
2,6,0.0,0.0,0.0
2,6,0.0,0.0,0.0
2,6,0.0,0.0,0.0
2,6,0.0,0.0,0.0
2,6,0.0,0.0,0.0
2,6,0.0,0.0,0.0
2,6,0.0,0.0,0.0
2,6,0.0,0.0,0.0
2,6,0.0,0.0,0.0
2,6,0.0,0.0,0.0
2,6,0.0,0.0,0.0
2,6,0.0,0.0,0.0
2,6,0.0,0.0,0.0
2,6,0.0,0.0,0.0
2,6,0.0,0.0,0.0
2,6,0.0,0.0,0.0
2,6,0.0,0.0,0.0
2,6,0.0,0.0,0.0
2,6,0.0,0.0,0.0
2,6,0.0,0.0,0.0
2,6,0.0,0.0,0.0
2,6,0.0,0.0,0.0
2,6,0.0,0.0,0.0
2,6,0.0,0.0,0.0
2,6,0.0,0.0,0.0
2,6,0.0,0.0,0.0
2,6,0.0,0.0,0.0
2,6,0.0,0.0,0.0
2,6,0.0,0.0,0.0
2,6,0.0,0.0,0.0
2,6,0.0,0.0,0.0
2,6,0.0,0.0,0.0
2,6,0.0,0.0,0.0
2,6,0.0,0.0,0.0
2,6,0.0,0.0,0.0
2,6,0.0,0.0,0.0
2,6,0.0,0.0,0.0
2,6,0.0,0.0,0.0
2,6,0.0,0.0,0.0
2,6,0.0,0.0,0.0
2,6,0.0,0.0,0.0
2,6,0.0,0.0,0.0
2,6,0.0,0.0,0.0
2,6,0.0,0.0,0.0
2,6,0.0,0.0,0.0
2,6,0.0,0.0,0.0
2,6,0.0,0.0,0.0
2,6,0.0,0.0,0.0
2,6,0.0,0.0,0.0
2,6,0.0,0.0,0.0
2,6,0.0,0.0,0.0
2,6,0.0,0.0,0.0
2,6,0.0,0.0,0.0
2,6,0.0,0.0,0.0
2,6,0.0,0.0,0.0
2,6,0.0,0.0,0.0
2,6,0.0,0.0,0.0
2,6,0.0,0.0,0.0
2,6,0.0,0.0,0.0
2,6,0.0,0.0,0.0
2,6,0.0,0.0,0.0
2,6,0.0,0.0,0.0
2,6,0.0,0.0,0.0
2,6,0.0,0.0,0.0
2,6,0.0,0.0,0.0
2,6,0.0,0.0,0.0
2,6,0.0,0.0,0.0
2,6,0.0,0.0,0.0
2,6,0.0,0.0,0.0
2,6,0.0,0.0,0.0
2,6,0.0,0.0,0.0
2,6,0.0,0.0,0.0
2,6,0.0,0.0,0.0
2,6,0.0,0.0,0.0
2,6,0.0,0.0,0.0
2,6,0.0,0.0,0.0
2,6,0.0,0.0,0.0
2,6,0.0,0.0,0.0
2,6,0.0,0.0,0.0
2,6,0.0,0.0,0.0
2,6,0.0,0.0,0.0
2,6,0.0,0.0,0.0
2,6,0.0,0.0,0.0
2,6,0.0,0.0,0.0
2,6,0.0,0.0,0.0
2,6,0.0,0.0,0.0
2,6,0.0,0.0,0.0
2,6,0.0,0.0,0.0
2,6,0.0,0.0,0.0
2,6,0.0,0.0,0.0
2,6,0.0,0.0,0.0
2,6,0.0,0.0,0.0
2,6,0.0,0.0,0.0
2,6,0.0,0.0,0.0
2,6,0.0,0.0,0.0
2,6,0.0,0.0,0.0
2,6,0.0,0.0,0.0
2,6,0.0,0.0,0.0
2,6,0.0,0.0,0.0
2,6,0.0,0.0,0.0
2,6,0.0,0.0,0.0
2,6,0.0,0.0,21.12
2,6,0.0,0.0,0.0
2,6,0.0,0.0,0.0
2,6,0.0,0.0,0.0
2,6,0.0,0.0,0.0
2,6,0.0,0.0,0.0
2,6,0.0,0.0,0.0
2,6,0.0,0.0,0.0
2,6,0.0,0.0,0.0
2,6,0.0,0.0,0.0
2,6,0.0,0.0,0.0
2,6,0.0,0.0,0.0
2,6,0.0,0.0,0.0
2,6,0.0,0.0,0.0
2,6,0.0,0.0,0.0
2,6,0.0,0.0,0.0
2,6,0.0,0.0,0.0
2,6,0.0,0.0,0.0
2,6,0.0,0.0,0.0
2,6,0.0,0.0,0.0
2,6,0.0,0.0,0.0
2,6,0.0,0.0,0.0
2,6,0.0,0.0,0.0
2,6,0.0,0.0,0.0
2,6,0.0,0.0,0.0
2,6,0.0,0.0,0.0
2,6,0.0,0.0,0.0
2,6,0.0,0.0,0.0
2,6,0.0,0.0,0.0
2,6,0.0,0.0,0.0
2,6,0.0,0.0,0.0
2,6,0.0,0.0,0.0
2,6,0.0,0.0,0.0
2,6,0.0,0.0,0.0
2,6,0.0,0.0,0.0
2,6,0.0,0.0,0.0
2,6,0.0,0.0,0.0
2,6,0.0,0.0,0.0
2,6,0.0,0.0,0.0
2,6,0.0,0.0,0.0
2,6,0.0,0.0,0.0
2,6,0.0,0.0,0.0
2,6,0.0,0.0,0.0
2,6,0.0,0.0,0.0
2,6,0.0,0.0,0.0
2,6,0.0,0.0,0.0
2,6,0.0,0.0,0.0
2,6,0.0,0.0,0.0
2,6,0.0,0.0,0.0
2,6,0.0,0.0,0.0
2,6,0.0,0.0,0.0
2,6,0.0,0.0,0.0
2,6,0.0,0.0,0.0
2,6,0.0,0.0,0.0
2,6,0.0,0.0,0.0
2,6,0.0,0.0,0.0
2,6,0.0,0.0,0.0
2,6,0.0,0.0,0.0
2,6,0.0,0.0,0.0
2,6,0.0,0.0,0.0
2,6,0.0,0.0,0.0
2,6,0.0,0.0,0.0
2,6,0.0,0.0,0.0
2,6,0.0,0.0,0.0
2,6,0.0,0.0,0.0
2,6,0.0,0.0,0.0
2,6,0.0,0.0,0.0
2,6,0.0,0.0,0.0
2,6,0.0,0.0,0.0
2,6,0.0,0.0,0.0
2,6,0.0,0.0,0.0
2,6,0.0,0.0,0.0
2,6,0.0,0.0,0.0
2,6,0.0,0.0,0.0
2,6,0.0,0.0,0.0
2,6,0.0,0.0,0.0
2,6,0.0,0.0,0.0
2,6,0.0,0.0,0.0
2,6,0.0,0.0,0.0
2,6,0.0,0.0,0.0
2,6,0.0,0.0,0.0
2,6,0.0,0.0,0.0
2,6,0.0,0.0,0.0
2,6,0.0,0.0,0.0
2,6,0.0,0.0,0.0
2,6,0.0,0.0,0.0
2,6,0.0,0.0,0.0
2,6,0.0,0.0,0.0
2,6,0.0,0.0,0.0
2,6,0.0,0.0,0.0
2,6,0.0,0.0,0.0
2,6,0.0,0.0,0.0
2,6,0.0,0.0,0.0
2,6,0.0,0.0,0.0
2,6,0.0,0.0,0.0
2,6,0.0,0.0,0.0
2,6,0.0,0.0,0.0
2,6,0.0,0.0,0.0
2,6,0.0,0.0,0.0
2,6,0.0,0.0,0.0
2,6,0.0,0.0,0.0
2,6,0.0,0.0,0.0
2,6,0.0,0.0,0.0
2,6,0.0,0.0,0.0
2,6,0.0,0.0,0.0
2,6,0.0,0.0,0.0
2,6,0.0,0.0,0.0
2,6,0.0,0.0,0.0
2,6,0.0,0.0,0.0
2,6,0.0,0.0,0.0
2,6,0.0,0.0,0.0
2,6,0.0,0.0,0.0
2,6,0.0,0.0,0.0
2,6,0.0,0.0,0.0
2,6,0.0,0.0,0.0
2,6,0.0,0.0,0.0
2,6,0.0,0.0,0.0
2,6,0.0,0.0,0.0
2,6,0.0,0.0,0.0
2,6,0.0,0.0,0.0
2,6,0.0,0.0,0.0
2,6,0.0,0.0,0.0
2,6,0.0,0.0,0.0
2,6,0.0,0.0,0.0
2,6,0.0,0.0,0.0
2,6,0.0,0.0,0.0
2,6,0.0,0.0,0.0
2,6,0.0,0.0,0.0
2,6,0.0,0.0,0.0
2,6,0.0,0.0,0.0
2,6,0.0,0.0,0.0
2,6,0.0,0.0,0.0
2,6,0.0,0.0,0.0
2,6,0.0,0.0,0.0
2,6,0.0,0.0,0.0
2,6,0.0,0.0,0.0
2,6,0.0,0.0,0.0
2,6,0.0,0.0,0.0
2,6,0.0,0.0,0.0
2,6,0.0,0.0,0.0
2,6,0.0,0.0,0.0
2,6,0.0,0.0,0.0
2,6,0.0,0.0,0.0
2,6,0.0,0.0,0.0
2,6,0.0,0.0,0.0
2,6,0.0,0.0,0.0
2,6,0.0,0.0,0.0
2,6,0.0,0.0,0.0
2,6,0.0,0.0,0.0
2,6,0.0,0.0,0.0
2,6,0.0,0.0,0.0
2,6,0.0,0.0,63.36000000000001
2,6,0.0,0.0,0.0
2,6,0.0,0.0,0.0
2,6,0.0,0.0,0.0
2,6,0.0,0.0,0.0
2,6,0.0,0.0,0.0
2,6,0.0,0.0,0.0
2,6,0.0,0.0,0.0
2,6,0.0,0.0,0.0
2,6,0.0,0.0,0.0
2,6,0.0,0.0,0.0
2,6,0.0,0.0,0.0
2,6,0.0,0.0,0.0
2,6,0.0,0.0,0.0
2,6,0.0,0.0,0.0
2,6,0.0,0.0,0.0
2,6,0.0,0.0,0.0
2,6,0.0,0.0,0.0
2,6,0.0,0.0,0.0
2,6,0.0,0.0,0.0
2,6,0.0,0.0,0.0
2,6,0.0,0.0,0.0
2,6,0.0,0.0,0.0
2,6,0.0,0.0,0.0
2,6,0.0,0.0,0.0
2,6,0.0,0.0,0.0
2,6,0.0,0.0,0.0
2,6,0.0,0.0,0.0
2,6,0.0,0.0,0.0
2,6,0.0,0.0,0.0
2,6,0.0,0.0,0.0
2,6,0.0,0.0,0.0
2,6,0.0,0.0,0.0
2,6,0.0,0.0,0.0
2,6,0.0,0.0,0.0
2,6,0.0,0.0,0.0
2,6,0.0,0.0,0.0
2,6,0.0,0.0,0.0
2,6,0.0,0.0,0.0
2,6,0.0,0.0,0.0
2,6,0.0,0.0,0.0
2,6,0.0,0.0,0.0
2,6,0.0,0.0,0.0
2,6,0.0,0.0,0.0
2,6,0.0,0.0,0.0
2,6,0.0,0.0,0.0
2,6,0.0,0.0,0.0
2,6,0.0,0.0,0.0
2,6,0.0,0.0,0.0
2,6,0.0,0.0,0.0
2,6,0.0,0.0,0.0
2,6,0.0,0.0,0.0
2,6,0.0,0.0,0.0
2,6,0.0,0.0,0.0
2,6,0.0,0.0,0.0
2,6,0.0,0.0,0.0
2,6,0.0,0.0,0.0
2,6,0.0,0.0,0.0
2,6,0.0,0.0,0.0
2,6,0.0,0.0,0.0
2,6,0.0,0.0,0.0
2,6,0.0,0.0,0.0
2,6,0.0,0.0,0.0
2,6,0.0,0.0,0.0
2,6,0.0,0.0,0.0
2,6,0.0,0.0,0.0
2,6,0.0,0.0,0.0
2,6,0.0,0.0,0.0
2,6,0.0,0.0,0.0
2,6,0.0,0.0,0.0
2,6,0.0,0.0,0.0
2,6,0.0,0.0,0.0
2,6,0.0,0.0,0.0
2,6,0.0,0.0,0.0
2,6,0.0,0.0,0.0
2,6,0.0,0.0,0.0
2,6,0.0,0.0,36.96
2,6,0.0,0.0,0.0
2,6,0.0,0.0,0.0
2,6,0.0,0.0,0.0
2,6,0.0,0.0,0.0
2,6,0.0,0.0,0.0
2,6,0.0,0.0,0.0
2,6,0.0,0.0,0.0
2,6,0.0,0.0,0.0
2,6,0.0,0.0,0.0
2,6,0.0,0.0,0.0
2,6,0.0,0.0,0.0
2,6,0.0,0.0,0.0
2,6,0.0,0.0,0.0
2,6,0.0,0.0,0.0
2,6,0.0,0.0,0.0
2,6,0.0,0.0,0.0
2,6,0.0,0.0,0.0
2,6,0.0,0.0,0.0
2,6,0.0,0.0,0.0
2,6,0.0,0.0,0.0
2,6,0.0,0.0,0.0
2,6,0.0,0.0,0.0
2,6,0.0,0.0,0.0
2,6,0.0,0.0,0.0
2,6,0.0,0.0,0.0
2,6,0.0,0.0,0.0
2,6,0.0,0.0,0.0
2,6,0.0,0.0,0.0
2,6,0.0,0.0,0.0
2,6,0.0,0.0,0.0
2,6,0.0,0.0,0.0
2,6,0.0,0.0,0.0
2,6,0.0,0.0,0.0
2,6,0.0,0.0,0.0
2,6,0.0,0.0,0.0
2,6,0.0,0.0,0.0
2,6,0.0,0.0,0.0
2,6,0.0,0.0,0.0
2,6,0.0,0.0,0.0
2,6,0.0,0.0,0.0
2,6,0.0,0.0,0.0
2,6,0.0,0.0,0.0
2,6,0.0,0.0,0.0
2,6,0.0,0.0,0.0
2,6,0.0,0.0,0.0
2,6,0.0,0.0,0.0
2,6,0.0,0.0,0.0
2,6,0.0,0.0,0.0
2,6,0.0,0.0,0.0
2,6,0.0,0.0,0.0
2,6,0.0,0.0,0.0
2,6,0.0,0.0,0.0
2,6,0.0,0.0,0.0
2,6,0.0,0.0,0.0
2,6,0.0,0.0,0.0
2,6,0.0,0.0,0.0
2,6,0.0,0.0,0.0
2,6,0.0,0.0,0.0
2,6,0.0,0.0,0.0
2,6,0.0,0.0,0.0
2,6,0.0,0.0,0.0
2,6,0.0,0.0,0.0
2,6,0.0,0.0,0.0
2,6,0.0,0.0,0.0
2,6,0.0,0.0,0.0
2,6,0.0,0.0,0.0
2,6,0.0,0.0,0.0
2,6,0.0,0.0,0.0
2,6,0.0,0.0,0.0
2,6,0.0,0.0,0.0
2,6,0.0,0.0,0.0
2,6,0.0,0.0,0.0
2,6,0.0,0.0,0.0
2,6,0.0,0.0,0.0
2,6,0.0,0.0,0.0
2,6,0.0,0.0,0.0
2,6,0.0,0.0,0.0
2,6,0.0,0.0,0.0
2,6,0.0,0.0,0.0
2,6,0.0,0.0,0.0
2,6,0.0,0.0,0.0
2,6,0.0,0.0,0.0
2,6,0.0,0.0,0.0
2,6,0.0,0.0,0.0
2,6,0.0,0.0,0.0
2,6,0.0,0.0,0.0
2,6,0.0,0.0,0.0
2,6,0.0,0.0,0.0
2,6,0.0,0.0,0.0
2,6,0.0,0.0,0.0
2,6,0.0,0.0,0.0
2,6,0.0,0.0,0.0
2,6,0.0,0.0,0.0
2,6,0.0,0.0,0.0
2,6,0.0,0.0,0.0
2,6,0.0,0.0,0.0
2,6,0.0,0.0,0.0
2,6,0.0,0.0,0.0
2,6,0.0,0.0,0.0
2,6,0.0,0.0,0.0
2,6,0.0,0.0,0.0
2,6,0.0,0.0,0.0
2,6,0.0,0.0,0.0
2,6,0.0,0.0,0.0
2,6,0.0,0.0,0.0
2,6,0.0,0.0,0.0
2,6,0.0,0.0,0.0
2,6,0.0,0.0,0.0
2,6,0.0,0.0,0.0
2,6,0.0,0.0,0.0
2,6,0.0,0.0,0.0
2,6,0.0,0.0,0.0
2,6,0.0,0.0,0.0
2,6,0.0,0.0,0.0
2,6,0.0,0.0,0.0
2,6,0.0,0.0,0.0
2,6,0.0,0.0,0.0
2,6,0.0,0.0,0.0
2,6,0.0,0.0,0.0
2,6,0.0,0.0,0.0
2,6,0.0,0.0,0.0
2,6,0.0,0.0,0.0
2,6,0.0,0.0,0.0
2,6,0.0,0.0,0.0
2,6,0.0,0.0,0.0
2,6,0.0,0.0,0.0
2,6,0.0,0.0,0.0
2,6,0.0,0.0,0.0
2,6,0.0,0.0,0.0
2,6,0.0,0.0,0.0
2,6,0.0,0.0,0.0
2,6,0.0,0.0,0.0
2,6,0.0,0.0,0.0
2,6,0.0,0.0,0.0
2,6,0.0,0.0,0.0
2,6,0.0,0.0,0.0
2,6,0.0,0.0,0.0
2,6,0.0,0.0,0.0
2,6,0.0,0.0,0.0
2,6,0.0,0.0,0.0
2,6,0.0,0.0,0.0
2,6,0.0,0.0,0.0
2,6,0.0,0.0,0.0
2,6,0.0,0.0,0.0
2,6,0.0,0.0,0.0
2,6,0.0,0.0,0.0
2,6,0.0,0.0,0.0
2,6,0.0,0.0,0.0
2,6,0.0,0.0,0.0
2,6,0.0,0.0,0.0
2,6,0.0,0.0,0.0
2,6,0.0,0.0,0.0
2,6,0.0,0.0,0.0
2,6,0.0,0.0,0.0
2,6,0.0,0.0,0.0
2,6,0.0,0.0,0.0
2,6,0.0,0.0,0.0
2,6,0.0,0.0,0.0
2,6,0.0,0.0,0.0
2,6,0.0,0.0,0.0
2,6,0.0,0.0,0.0
2,6,0.0,0.0,0.0
2,6,0.0,0.0,0.0
2,6,0.0,0.0,0.0
2,6,0.0,0.0,0.0
2,6,0.0,0.0,0.0
2,6,0.0,0.0,0.0
2,6,0.0,0.0,0.0
2,6,0.0,0.0,0.0
2,6,0.0,0.0,0.0
2,6,0.0,0.0,0.0
2,6,0.0,0.0,0.0
2,6,0.0,0.0,0.0
2,6,0.0,0.0,0.0
2,6,0.0,0.0,0.0
2,6,0.0,0.0,0.0
2,6,0.0,0.0,0.0
2,6,0.0,0.0,0.0
2,6,0.0,0.0,0.0
2,6,0.0,0.0,0.0
2,6,0.0,0.0,0.0
2,6,0.0,0.0,0.0
2,6,0.0,0.0,0.0
2,6,0.0,0.0,0.0
2,6,0.0,0.0,0.0
2,6,0.0,0.0,0.0
2,6,0.0,0.0,0.0
2,6,0.0,0.0,0.0
2,6,0.0,0.0,0.0
2,6,0.0,0.0,0.0
2,6,0.0,0.0,0.0
2,6,0.0,0.0,0.0
2,6,0.0,0.0,0.0
2,6,0.0,0.0,0.0
2,6,0.0,0.0,0.0
2,6,0.0,0.0,0.0
2,6,0.0,0.0,0.0
2,6,0.0,0.0,0.0
2,6,0.0,0.0,0.0
2,6,0.0,0.0,0.0
2,6,0.0,0.0,0.0
2,6,0.0,0.0,0.0
2,6,0.0,0.0,0.0
2,6,0.0,0.0,0.0
2,6,0.0,0.0,0.0
2,6,0.0,0.0,0.0
2,6,0.0,0.0,0.0
2,6,0.0,0.0,0.0
2,6,0.0,0.0,0.0
2,6,0.0,0.0,0.0
2,6,0.0,0.0,0.0
2,6,0.0,0.0,0.0
2,6,0.0,0.0,0.0
2,6,0.0,0.0,0.0
2,6,0.0,0.0,0.0
2,6,0.0,0.0,0.0
2,6,0.0,0.0,0.0
2,6,0.0,0.0,0.0
2,6,0.0,0.0,0.0
2,6,0.0,0.0,0.0
2,6,0.0,0.0,0.0
2,6,0.0,0.0,0.0
2,6,0.0,0.0,0.0
2,6,0.0,0.0,0.0
2,6,0.0,0.0,0.0
2,6,0.0,0.0,0.0
2,6,0.0,0.0,0.0
2,6,0.0,0.0,0.0
2,6,0.0,0.0,0.0
2,6,0.0,0.0,0.0
2,6,0.0,0.0,0.0
2,6,0.0,0.0,0.0
2,6,0.0,0.0,0.0
2,6,0.0,0.0,0.0
2,6,0.0,0.0,0.0
2,6,0.0,0.0,0.0
2,6,0.0,0.0,0.0
2,6,0.0,0.0,0.0
2,6,0.0,0.0,0.0
2,6,0.0,0.0,0.0
2,6,0.0,0.0,0.0
2,6,0.0,0.0,0.0
2,6,0.0,0.0,0.0
2,6,0.0,0.0,0.0
2,6,0.0,0.0,0.0
2,6,0.0,0.0,0.0
2,6,0.0,0.0,0.0
2,6,0.0,0.0,0.0
2,6,0.0,0.0,0.0
2,6,0.0,0.0,0.0
2,6,0.0,0.0,0.0
2,6,0.0,0.0,0.0
2,6,0.0,0.0,0.0
2,6,0.0,0.0,0.0
2,6,0.0,0.0,0.0
2,6,0.0,0.0,0.0
2,6,0.0,0.0,0.0
2,6,0.0,0.0,0.0
2,6,0.0,0.0,0.0
2,6,0.0,0.0,0.0
2,6,0.0,0.0,0.0
2,6,0.0,0.0,0.0
2,6,0.0,0.0,0.0
2,6,0.0,0.0,0.0
2,6,0.0,0.0,0.0
2,6,0.0,0.0,0.0
2,6,0.0,0.0,0.0
2,6,0.0,0.0,0.0
2,6,0.0,0.0,0.0
2,6,0.0,0.0,0.0
2,6,0.0,0.0,0.0
2,6,0.0,0.0,0.0
2,6,0.0,0.0,0.0
2,6,0.0,0.0,0.0
2,6,0.0,0.0,0.0
2,6,0.0,0.0,0.0
2,6,0.0,0.0,0.0
2,6,0.0,0.0,0.0
2,6,0.0,0.0,0.0
2,6,0.0,0.0,0.0
2,6,0.0,0.0,0.0
2,6,0.0,0.0,0.0
2,6,0.0,0.0,0.0
2,6,0.0,0.0,0.0
2,6,0.0,0.0,0.0
2,6,0.0,0.0,0.0
2,6,0.0,0.0,0.0
2,6,0.0,0.0,0.0
2,6,0.0,0.0,0.0
2,6,0.0,0.0,0.0
2,6,0.0,0.0,0.0
2,6,0.0,0.0,0.0
2,6,0.0,0.0,0.0
2,6,0.0,0.0,0.0
2,6,0.0,0.0,0.0
2,6,0.0,0.0,0.0
2,6,0.0,0.0,0.0
2,6,0.0,0.0,0.0
2,6,0.0,0.0,0.0
2,6,0.0,0.0,0.0
2,6,0.0,0.0,0.0
2,6,0.0,0.0,0.0
2,6,0.0,0.0,0.0
2,6,0.0,0.0,0.0
2,6,0.0,0.0,0.0
2,6,0.0,0.0,0.0
2,6,0.0,0.0,0.0
2,6,0.0,0.0,0.0
2,6,0.0,0.0,0.0
2,6,0.0,0.0,0.0
2,6,0.0,0.0,0.0
2,6,0.0,0.0,0.0
2,6,0.0,0.0,0.0
2,6,0.0,0.0,0.0
2,6,0.0,0.0,0.0
2,6,0.0,0.0,0.0
2,6,0.0,0.0,0.0
2,6,0.0,0.0,0.0
2,6,0.0,0.0,0.0
2,6,0.0,0.0,0.0
2,6,0.0,0.0,0.0
2,6,0.0,0.0,0.0
2,6,0.0,0.0,0.0
2,6,0.0,0.0,0.0
2,6,0.0,0.0,0.0
2,6,0.0,0.0,0.0
2,6,0.0,0.0,0.0
2,6,0.0,0.0,0.0
2,6,0.0,0.0,0.0
2,6,0.0,0.0,0.0
2,6,0.0,0.0,0.0
2,6,0.0,0.0,0.0
2,6,0.0,0.0,0.0
2,6,0.0,0.0,0.0
2,6,0.0,0.0,0.0
2,6,0.0,0.0,0.0
2,6,0.0,0.0,0.0
2,6,0.0,0.0,0.0
2,6,0.0,0.0,0.0
2,6,0.0,0.0,0.0
2,6,0.0,0.0,0.0
2,6,0.0,0.0,0.0
2,6,0.0,0.0,0.0
2,6,0.0,0.0,0.0
2,6,0.0,0.0,0.0
2,6,0.0,0.0,0.0
2,6,0.0,0.0,0.0
2,6,0.0,0.0,0.0
2,6,0.0,0.0,0.0
2,6,0.0,0.0,0.0
2,6,0.0,0.0,0.0
2,6,0.0,0.0,0.0
2,6,0.0,0.0,0.0
2,6,0.0,0.0,0.0
2,6,0.0,0.0,0.0
2,6,0.0,0.0,0.0
2,6,0.0,0.0,0.0
2,6,0.0,0.0,0.0
2,6,0.0,0.0,0.0
2,6,0.0,0.0,0.0
2,6,0.0,0.0,0.0
2,6,0.0,0.0,0.0
2,6,0.0,0.0,0.0
2,6,0.0,0.0,0.0
2,6,0.0,0.0,0.0
2,6,0.0,0.0,0.0
2,6,0.0,0.0,0.0
2,6,0.0,0.0,0.0
2,6,0.0,0.0,0.0
2,6,0.0,0.0,0.0
2,6,0.0,0.0,0.0
2,6,0.0,0.0,0.0
2,6,0.0,0.0,0.0
2,6,0.0,0.0,0.0
2,6,0.0,0.0,0.0
2,6,0.0,0.0,0.0
2,6,0.0,0.0,0.0
2,6,0.0,0.0,0.0
2,6,0.0,0.0,0.0
2,6,0.0,0.0,0.0
2,6,0.0,0.0,0.0
2,6,0.0,0.0,0.0
2,6,0.0,0.0,0.0
2,6,0.0,0.0,0.0
2,6,0.0,0.0,0.0
2,6,0.0,0.0,0.0
2,6,0.0,0.0,0.0
2,6,0.0,0.0,0.0
2,6,0.0,0.0,0.0
2,6,0.0,0.0,0.0
2,6,0.0,0.0,0.0
2,6,0.0,0.0,0.0
2,6,0.0,0.0,0.0
2,6,0.0,0.0,0.0
2,6,0.0,0.0,0.0
2,6,0.0,0.0,0.0
2,6,0.0,0.0,0.0
2,6,0.0,0.0,0.0
2,6,0.0,0.0,0.0
2,6,0.0,0.0,0.0
2,6,0.0,0.0,0.0
2,6,0.0,0.0,0.0
2,6,0.0,0.0,0.0
2,6,0.0,0.0,0.0
2,6,0.0,0.0,0.0
2,6,0.0,0.0,0.0
2,6,0.0,0.0,0.0
2,6,0.0,0.0,0.0
2,6,0.0,0.0,0.0
2,6,0.0,0.0,0.0
2,6,0.0,0.0,0.0
2,6,0.0,0.0,0.0
2,6,0.0,0.0,0.0
2,6,0.0,0.0,0.0
2,6,0.0,0.0,0.0
2,6,0.0,0.0,0.0
2,6,0.0,0.0,0.0
2,6,0.0,0.0,0.0
2,6,0.0,0.0,0.0
2,6,0.0,0.0,0.0
2,6,0.0,0.0,0.0
2,6,0.0,0.0,0.0
2,6,0.0,0.0,0.0
2,6,0.0,0.0,0.0
2,6,0.0,0.0,0.0
2,6,0.0,0.0,0.0
2,6,0.0,0.0,0.0
2,6,0.0,0.0,0.0
2,6,0.0,0.0,0.0
2,6,0.0,0.0,0.0
2,6,0.0,0.0,0.0
2,6,0.0,0.0,0.0
2,6,0.0,0.0,0.0
2,6,0.0,0.0,0.0
2,6,0.0,0.0,0.0
2,6,0.0,0.0,0.0
2,6,0.0,0.0,0.0
2,6,0.0,0.0,0.0
2,6,0.0,0.0,0.0
2,6,0.0,0.0,0.0
2,6,0.0,0.0,0.0
2,6,0.0,0.0,0.0
2,6,0.0,0.0,0.0
2,6,0.0,0.0,0.0
2,6,0.0,0.0,0.0
2,6,0.0,0.0,0.0
2,6,0.0,0.0,0.0
2,6,0.0,0.0,0.0
2,6,0.0,0.0,0.0
2,6,0.0,0.0,0.0
2,6,0.0,0.0,0.0
2,6,0.0,0.0,0.0
2,6,0.0,0.0,0.0
2,6,0.0,0.0,0.0
2,6,0.0,0.0,0.0
2,6,0.0,0.0,0.0
2,6,0.0,0.0,0.0
2,6,0.0,0.0,0.0
2,6,0.0,0.0,0.0
2,6,0.0,0.0,0.0
2,6,0.0,0.0,0.0
2,6,0.0,0.0,0.0
2,6,0.0,0.0,0.0
2,6,0.0,0.0,0.0
2,6,0.0,0.0,0.0
2,6,0.0,0.0,0.0
2,6,0.0,0.0,0.0
2,6,0.0,0.0,0.0
2,6,0.0,0.0,0.0
2,6,0.0,0.0,0.0
2,6,0.0,0.0,0.0
2,6,0.0,0.0,0.0
2,6,0.0,0.0,0.0
2,6,0.0,0.0,0.0
2,6,0.0,0.0,0.0
2,6,0.0,0.0,0.0
2,6,0.0,0.0,0.0
2,6,0.0,0.0,0.0
2,6,0.0,0.0,0.0
2,6,0.0,0.0,0.0
2,6,0.0,0.0,0.0
2,6,0.0,0.0,0.0
2,6,0.0,0.0,0.0
2,6,0.0,0.0,0.0
2,6,0.0,0.0,0.0
2,6,0.0,0.0,0.0
2,6,0.0,0.0,0.0
2,6,0.0,0.0,0.0
2,6,0.0,0.0,0.0
2,6,0.0,0.0,0.0
2,6,0.0,0.0,0.0
2,6,0.0,0.0,0.0
2,6,0.0,0.0,0.0
2,6,0.0,0.0,0.0
2,6,0.0,0.0,0.0
2,6,0.0,0.0,0.0
2,6,0.0,0.0,0.0
2,6,0.0,0.0,0.0
2,6,0.0,0.0,0.0
2,6,0.0,0.0,0.0
2,6,0.0,0.0,0.0
2,6,0.0,0.0,0.0
2,6,0.0,0.0,0.0
2,6,0.0,0.0,0.0
2,6,0.0,0.0,0.0
2,6,0.0,0.0,0.0
2,6,0.0,0.0,0.0
2,6,0.0,0.0,0.0
2,6,0.0,0.0,0.0
2,6,0.0,0.0,0.0
2,6,0.0,0.0,0.0
2,6,0.0,0.0,0.0
2,6,0.0,0.0,0.0
2,6,0.0,0.0,0.0
2,6,0.0,0.0,0.0
2,6,0.0,0.0,30.360000000000003
2,6,0.0,0.0,0.0
2,6,0.0,0.0,0.0
2,6,0.0,0.0,0.0
2,6,0.0,0.0,0.0
2,6,0.0,0.0,0.0
2,6,0.0,0.0,0.0
2,6,0.0,0.0,0.0
2,6,0.0,0.0,0.0
2,6,0.0,0.0,0.0
2,6,0.0,0.0,0.0
2,6,0.0,0.0,0.0
2,6,0.0,0.0,0.0
2,6,0.0,0.0,0.0
2,6,0.0,0.0,0.0
2,6,0.0,0.0,0.0
2,6,0.0,0.0,0.0
2,6,0.0,0.0,0.0
2,6,0.0,0.0,0.0
2,6,0.0,0.0,0.0
2,6,0.0,0.0,0.0
2,6,0.0,0.0,0.0
2,6,0.0,0.0,0.0
2,6,0.0,0.0,0.0
2,6,0.0,0.0,0.0
2,6,0.0,0.0,0.0
2,6,0.0,0.0,0.0
2,6,0.0,0.0,0.0
2,6,0.0,0.0,0.0
2,6,0.0,0.0,0.0
2,6,0.0,0.0,0.0
2,6,0.0,0.0,0.0
2,6,0.0,0.0,0.0
2,6,0.0,0.0,0.0
2,6,0.0,0.0,0.0
2,6,0.0,0.0,0.0
2,6,0.0,0.0,0.0
2,6,0.0,0.0,0.0
2,6,0.0,0.0,0.0
2,6,0.0,0.0,0.0
2,6,0.0,0.0,0.0
2,6,0.0,0.0,0.0
2,6,0.0,0.0,0.0
2,6,0.0,0.0,0.0
2,6,0.0,0.0,0.0
2,6,0.0,0.0,0.0
2,6,0.0,0.0,0.0
2,6,0.0,0.0,0.0
2,6,0.0,0.0,0.0
2,6,0.0,0.0,0.0
2,6,0.0,0.0,0.0
2,6,0.0,0.0,0.0
2,6,0.0,0.0,0.0
2,6,0.0,0.0,0.0
2,6,0.0,0.0,0.0
2,6,0.0,0.0,0.0
2,6,0.0,0.0,0.0
2,6,0.0,0.0,0.0
2,6,0.0,0.0,0.0
2,6,0.0,0.0,0.0
2,6,0.0,0.0,0.0
2,6,0.0,0.0,0.0
2,6,0.0,0.0,0.0
2,6,0.0,0.0,0.0
2,6,0.0,0.0,0.0
2,6,0.0,0.0,0.0
2,6,0.0,0.0,0.0
2,6,0.0,0.0,0.0
2,6,0.0,0.0,0.0
2,6,0.0,0.0,0.0
2,6,0.0,0.0,0.0
2,6,0.0,0.0,0.0
2,6,0.0,0.0,0.0
2,6,0.0,0.0,0.0
2,6,0.0,0.0,0.0
2,6,0.0,0.0,0.0
2,6,0.0,0.0,0.0
2,6,0.0,0.0,0.0
2,6,0.0,0.0,0.0
2,6,0.0,0.0,0.0
2,6,0.0,0.0,0.0
2,6,0.0,0.0,0.0
2,6,0.0,0.0,0.0
2,6,0.0,0.0,0.0
2,6,0.0,0.0,0.0
2,6,0.0,0.0,0.0
2,6,0.0,0.0,0.0
2,6,0.0,0.0,0.0
2,6,0.0,0.0,0.0
2,6,0.0,0.0,0.0
2,6,0.0,0.0,0.0
2,6,0.0,0.0,0.0
2,6,0.0,0.0,0.0
2,6,0.0,0.0,0.0
2,6,0.0,0.0,0.0
2,6,0.0,0.0,0.0
2,6,0.0,0.0,0.0
2,6,0.0,0.0,0.0
2,6,0.0,0.0,0.0
2,6,0.0,0.0,0.0
2,6,0.0,0.0,0.0
2,6,0.0,0.0,0.0
2,6,0.0,0.0,0.0
2,6,0.0,0.0,0.0
2,6,0.0,0.0,0.0
2,6,0.0,0.0,0.0
2,6,0.0,0.0,0.0
2,6,0.0,0.0,0.0
2,6,0.0,0.0,0.0
2,6,0.0,0.0,0.0
2,6,0.0,0.0,0.0
2,6,0.0,0.0,0.0
2,6,0.0,0.0,0.0
2,6,0.0,0.0,0.0
2,6,0.0,0.0,0.0
2,6,0.0,0.0,0.0
2,6,0.0,0.0,0.0
2,6,0.0,0.0,0.0
2,6,0.0,0.0,0.0
2,6,0.0,0.0,0.0
2,6,0.0,0.0,0.0
2,6,0.0,0.0,0.0
2,6,0.0,0.0,0.0
2,6,0.0,0.0,0.0
2,6,0.0,0.0,0.0
2,6,0.0,0.0,0.0
2,6,0.0,0.0,0.0
2,6,0.0,0.0,0.0
2,6,0.0,0.0,0.0
2,6,0.0,0.0,0.0
2,6,0.0,0.0,0.0
2,6,0.0,0.0,0.0
2,6,0.0,0.0,0.0
2,6,0.0,0.0,0.0
2,6,0.0,0.0,0.0
2,6,0.0,0.0,0.0
2,6,0.0,0.0,0.0
2,6,0.0,0.0,0.0
2,6,0.0,0.0,0.0
2,6,0.0,0.0,0.0
2,6,0.0,0.0,0.0
2,6,0.0,0.0,0.0
2,6,0.0,0.0,0.0
2,6,0.0,0.0,0.0
2,6,0.0,0.0,0.0
2,6,0.0,0.0,0.0
2,6,0.0,0.0,0.0
2,6,0.0,0.0,0.0
2,6,0.0,0.0,0.0
2,6,0.0,0.0,0.0
2,6,0.0,0.0,0.0
2,6,0.0,0.0,0.0
2,6,0.0,0.0,0.0
2,6,0.0,0.0,0.0
2,6,0.0,0.0,0.0
2,6,0.0,0.0,0.0
2,6,0.0,0.0,0.0
2,6,0.0,0.0,0.0
2,6,0.0,0.0,0.0
2,6,0.0,0.0,0.0
2,6,0.0,0.0,0.0
2,6,0.0,0.0,0.0
2,6,0.0,0.0,0.0
2,6,0.0,0.0,0.0
2,6,0.0,0.0,0.0
2,6,0.0,0.0,0.0
2,6,0.0,0.0,0.0
2,6,0.0,0.0,0.0
2,6,0.0,0.0,0.0
2,6,0.0,0.0,0.0
2,6,0.0,0.0,0.0
2,6,0.0,0.0,0.0
2,6,0.0,0.0,0.0
2,6,0.0,0.0,0.0
2,6,0.0,0.0,0.0
2,6,0.0,0.0,0.0
2,6,0.0,0.0,0.0
2,6,0.0,0.0,0.0
2,6,0.0,0.0,0.0
2,6,0.0,0.0,0.0
2,6,0.0,0.0,0.0
2,6,0.0,0.0,0.0
2,6,0.0,0.0,0.0
2,6,0.0,0.0,0.0
2,6,0.0,0.0,0.0
2,6,0.0,0.0,0.0
2,6,0.0,0.0,0.0
2,6,0.0,0.0,0.0
2,6,0.0,0.0,0.0
2,6,0.0,0.0,0.0
2,6,0.0,0.0,0.0
2,6,0.0,0.0,0.0
2,6,0.0,0.0,0.0
2,6,0.0,0.0,0.0
2,6,0.0,0.0,0.0
2,6,0.0,0.0,0.0
2,6,0.0,0.0,0.0
2,6,0.0,0.0,0.0
2,6,0.0,0.0,0.0
2,6,0.0,0.0,0.0
2,6,0.0,0.0,0.0
2,6,0.0,0.0,0.0
2,6,0.0,0.0,0.0
2,6,0.0,0.0,0.0
2,6,0.0,0.0,0.0
2,6,0.0,0.0,0.0
2,6,0.0,0.0,0.0
2,6,0.0,0.0,0.0
2,6,0.0,0.0,0.0
2,6,0.0,0.0,0.0
2,6,0.0,0.0,0.0
2,6,0.0,0.0,0.0
2,6,0.0,0.0,0.0
2,6,0.0,0.0,0.0
2,6,0.0,0.0,0.0
2,6,0.0,0.0,0.0
2,6,0.0,0.0,0.0
2,6,0.0,0.0,39.6
2,6,0.0,0.0,0.0
2,6,0.0,0.0,0.0
2,6,0.0,0.0,0.0
2,6,0.0,0.0,0.0
2,6,0.0,0.0,0.0
2,6,0.0,0.0,0.0
2,6,0.0,0.0,0.0
2,6,0.0,0.0,0.0
2,6,0.0,0.0,0.0
2,6,0.0,0.0,0.0
2,6,0.0,0.0,0.0
2,6,0.0,0.0,0.0
2,6,0.0,0.0,0.0
2,6,0.0,0.0,0.0
2,6,0.0,0.0,0.0
2,6,0.0,0.0,0.0
2,6,0.0,0.0,0.0
2,6,0.0,0.0,0.0
2,6,0.0,0.0,0.0
2,6,0.0,0.0,0.0
2,6,0.0,0.0,0.0
2,6,0.0,0.0,0.0
2,6,0.0,0.0,0.0
2,6,0.0,0.0,0.0
2,6,0.0,0.0,0.0
2,6,0.0,0.0,0.0
2,6,0.0,0.0,0.0
2,6,0.0,0.0,0.0
2,6,0.0,0.0,0.0
2,6,0.0,0.0,0.0
2,6,0.0,0.0,0.0
2,6,0.0,0.0,0.0
2,6,0.0,0.0,0.0
2,6,0.0,0.0,0.0
2,6,0.0,0.0,0.0
2,6,0.0,0.0,0.0
2,6,0.0,0.0,0.0
2,6,0.0,0.0,0.0
2,6,0.0,0.0,0.0
2,6,0.0,0.0,0.0
2,6,0.0,0.0,0.0
2,6,0.0,0.0,0.0
2,6,0.0,0.0,0.0
2,6,0.0,0.0,0.0
2,6,0.0,0.0,0.0
2,6,0.0,0.0,0.0
2,6,0.0,0.0,0.0
2,6,0.0,0.0,0.0
2,6,0.0,0.0,0.0
2,6,0.0,0.0,0.0
2,6,0.0,0.0,0.0
2,6,0.0,0.0,0.0
2,6,0.0,0.0,0.0
2,6,0.0,0.0,0.0
2,6,0.0,0.0,0.0
2,6,0.0,0.0,0.0
2,6,0.0,0.0,0.0
2,6,0.0,0.0,0.0
2,6,0.0,0.0,0.0
2,6,0.0,0.0,0.0
2,6,0.0,0.0,0.0
2,6,0.0,0.0,0.0
2,6,0.0,0.0,0.0
2,6,0.0,0.0,0.0
2,6,0.0,0.0,0.0
2,6,0.0,0.0,0.0
2,6,0.0,0.0,0.0
2,6,0.0,0.0,0.0
2,6,0.0,0.0,0.0
2,6,0.0,0.0,0.0
2,6,0.0,0.0,0.0
2,6,0.0,0.0,0.0
2,6,0.0,0.0,0.0
2,6,0.0,0.0,0.0
2,6,0.0,0.0,0.0
2,6,0.0,0.0,0.0
2,6,0.0,0.0,0.0
2,6,0.0,0.0,0.0
2,6,0.0,0.0,0.0
2,6,0.0,0.0,0.0
2,6,0.0,0.0,0.0
2,6,0.0,0.0,0.0
2,6,0.0,0.0,0.0
2,6,0.0,0.0,0.0
2,6,0.0,0.0,0.0
2,6,0.0,0.0,0.0
2,6,0.0,0.0,0.0
2,6,0.0,0.0,0.0
2,6,0.0,0.0,0.0
2,6,0.0,0.0,0.0
2,6,0.0,0.0,0.0
2,6,0.0,0.0,0.0
2,6,0.0,0.0,0.0
2,6,0.0,0.0,0.0
2,6,0.0,0.0,0.0
2,6,0.0,0.0,0.0
2,6,0.0,0.0,0.0
2,6,0.0,0.0,0.0
2,6,0.0,0.0,0.0
2,6,0.0,0.0,0.0
2,6,0.0,0.0,0.0
2,6,0.0,0.0,0.0
2,6,0.0,0.0,0.0
2,6,0.0,0.0,0.0
2,6,0.0,0.0,0.0
2,6,0.0,0.0,0.0
2,6,0.0,0.0,0.0
2,6,0.0,0.0,0.0
2,6,0.0,0.0,0.0
2,6,0.0,0.0,0.0
2,6,0.0,0.0,0.0
2,6,0.0,0.0,0.0
2,6,0.0,0.0,0.0
2,6,0.0,0.0,0.0
2,6,0.0,0.0,0.0
2,6,0.0,0.0,0.0
2,6,0.0,0.0,0.0
2,6,0.0,0.0,0.0
2,6,0.0,0.0,0.0
2,6,0.0,0.0,0.0
2,6,0.0,0.0,0.0
2,6,0.0,0.0,0.0
2,6,0.0,0.0,0.0
2,6,0.0,0.0,0.0
2,6,0.0,0.0,0.0
2,6,0.0,0.0,0.0
2,6,0.0,0.0,0.0
2,6,0.0,0.0,0.0
2,6,0.0,0.0,0.0
2,6,0.0,0.0,0.0
2,6,0.0,0.0,0.0
2,6,0.0,0.0,0.0
2,6,0.0,0.0,0.0
2,6,0.0,0.0,0.0
2,6,0.0,0.0,0.0
2,6,0.0,0.0,0.0
2,6,0.0,0.0,0.0
2,6,0.0,0.0,0.0
2,6,0.0,0.0,0.0
2,6,0.0,0.0,0.0
2,6,0.0,0.0,0.0
2,6,0.0,0.0,0.0
2,6,0.0,0.0,0.0
2,6,0.0,0.0,0.0
2,6,0.0,0.0,0.0
2,6,0.0,0.0,0.0
2,6,0.0,0.0,0.0
2,6,0.0,0.0,0.0
2,6,0.0,0.0,0.0
2,6,0.0,0.0,0.0
2,6,0.0,0.0,0.0
2,6,0.0,0.0,0.0
2,6,0.0,0.0,0.0
2,6,0.0,0.0,0.0
2,6,0.0,0.0,0.0
2,6,0.0,0.0,0.0
2,6,0.0,0.0,0.0
2,6,0.0,0.0,0.0
2,6,0.0,0.0,0.0
2,6,0.0,0.0,0.0
2,6,0.0,0.0,0.0
2,6,0.0,0.0,0.0
2,6,0.0,0.0,0.0
2,6,0.0,0.0,0.0
2,6,0.0,0.0,0.0
2,6,0.0,0.0,0.0
2,6,0.0,0.0,0.0
2,6,0.0,0.0,0.0
2,6,0.0,0.0,0.0
2,6,0.0,0.0,0.0
2,6,0.0,0.0,0.0
2,6,0.0,0.0,0.0
2,6,0.0,0.0,0.0
2,6,0.0,0.0,0.0
2,6,0.0,0.0,0.0
2,6,0.0,0.0,0.0
2,6,0.0,0.0,0.0
2,6,0.0,0.0,0.0
2,6,0.0,0.0,0.0
2,6,0.0,0.0,0.0
2,6,0.0,0.0,0.0
2,6,0.0,0.0,0.0
2,6,0.0,0.0,0.0
2,6,0.0,0.0,0.0
2,6,0.0,0.0,0.0
2,6,0.0,0.0,0.0
2,6,0.0,0.0,0.0
2,6,0.0,0.0,0.0
2,6,0.0,0.0,0.0
2,6,0.0,0.0,0.0
2,6,0.0,0.0,0.0
2,6,0.0,0.0,0.0
2,6,0.0,0.0,0.0
2,6,0.0,0.0,0.0
2,6,0.0,0.0,0.0
2,6,0.0,0.0,0.0
2,6,0.0,0.0,0.0
2,6,0.0,0.0,0.0
2,6,0.0,0.0,0.0
2,6,0.0,0.0,0.0
2,6,0.0,0.0,0.0
2,6,0.0,0.0,0.0
2,6,0.0,0.0,0.0
2,6,0.0,0.0,0.0
2,6,0.0,0.0,0.0
2,6,0.0,0.0,0.0
2,6,0.0,0.0,0.0
2,6,0.0,0.0,0.0
2,6,0.0,0.0,0.0
2,6,0.0,0.0,0.0
2,6,0.0,0.0,0.0
2,6,0.0,0.0,0.0
2,6,0.0,0.0,0.0
2,6,0.0,0.0,0.0
2,6,0.0,0.0,0.0
2,6,0.0,0.0,0.0
2,6,0.0,0.0,0.0
2,6,0.0,0.0,0.0
2,6,0.0,0.0,0.0
2,6,0.0,0.0,0.0
2,6,0.0,0.0,0.0
2,6,0.0,0.0,0.0
2,6,0.0,0.0,0.0
2,6,0.0,0.0,0.0
2,6,0.0,0.0,0.0
2,6,0.0,0.0,0.0
2,6,0.0,0.0,0.0
2,6,0.0,0.0,0.0
2,6,0.0,0.0,0.0
2,6,0.0,0.0,0.0
2,6,0.0,0.0,0.0
2,6,0.0,0.0,0.0
2,6,0.0,0.0,0.0
2,6,0.0,0.0,0.0
2,6,0.0,0.0,0.0
2,6,0.0,0.0,0.0
2,6,0.0,0.0,0.0
2,6,0.0,0.0,0.0
2,6,0.0,0.0,0.0
2,6,0.0,0.0,0.0
2,6,0.0,0.0,0.0
2,6,0.0,0.0,0.0
2,6,0.0,0.0,0.0
2,6,0.0,0.0,0.0
2,6,0.0,0.0,0.0
2,6,0.0,0.0,0.0
2,6,0.0,0.0,0.0
2,6,0.0,0.0,0.0
2,6,0.0,0.0,0.0
2,6,0.0,0.0,0.0
2,6,0.0,0.0,0.0
2,6,0.0,0.0,0.0
2,6,0.0,0.0,0.0
2,6,0.0,0.0,0.0
2,6,0.0,0.0,0.0
2,6,0.0,0.0,0.0
2,6,0.0,0.0,0.0
2,6,0.0,0.0,0.0
2,6,0.0,0.0,0.0
2,6,0.0,0.0,0.0
2,6,0.0,0.0,0.0
2,6,0.0,0.0,0.0
2,6,0.0,0.0,0.0
2,6,0.0,0.0,0.0
2,6,0.0,0.0,0.0
2,6,0.0,0.0,0.0
2,6,0.0,0.0,0.0
2,6,0.0,0.0,0.0
2,6,0.0,0.0,0.0
2,6,0.0,0.0,0.0
2,6,0.0,0.0,0.0
2,6,0.0,0.0,0.0
2,6,0.0,0.0,0.0
2,6,0.0,0.0,0.0
2,6,0.0,0.0,0.0
2,6,0.0,0.0,0.0
2,6,0.0,0.0,0.0
2,6,0.0,0.0,0.0
2,6,0.0,0.0,0.0
2,6,0.0,0.0,0.0
2,6,0.0,0.0,0.0
2,6,0.0,0.0,0.0
2,6,0.0,0.0,0.0
2,6,0.0,0.0,0.0
2,6,0.0,0.0,0.0
2,6,0.0,0.0,0.0
2,6,0.0,0.0,0.0
2,6,0.0,0.0,0.0
2,6,0.0,0.0,0.0
2,6,0.0,0.0,0.0
2,6,0.0,0.0,0.0
2,6,0.0,0.0,0.0
2,6,0.0,0.0,0.0
2,6,0.0,0.0,0.0
2,6,0.0,0.0,0.0
2,6,0.0,0.0,0.0
2,6,0.0,0.0,0.0
2,6,0.0,0.0,0.0
2,6,0.0,0.0,0.0
2,6,0.0,0.0,0.0
2,6,0.0,0.0,0.0
2,6,0.0,0.0,0.0
2,6,0.0,0.0,0.0
2,6,0.0,0.0,0.0
2,6,0.0,0.0,0.0
2,6,0.0,0.0,0.0
2,6,0.0,0.0,0.0
2,6,0.0,0.0,0.0
2,6,0.0,0.0,0.0
2,6,0.0,0.0,0.0
2,6,0.0,0.0,0.0
2,6,0.0,0.0,0.0
2,6,0.0,0.0,0.0
2,6,0.0,0.0,0.0
2,6,0.0,0.0,0.0
2,6,0.0,0.0,0.0
2,6,0.0,0.0,0.0
2,6,0.0,0.0,0.0
2,6,0.0,0.0,0.0
2,6,0.0,0.0,0.0
2,6,0.0,0.0,0.0
2,6,0.0,0.0,0.0
2,6,0.0,0.0,0.0
2,6,0.0,0.0,0.0
2,6,0.0,0.0,0.0
2,6,0.0,0.0,0.0
2,6,0.0,0.0,0.0
2,6,0.0,0.0,0.0
2,6,0.0,0.0,0.0
2,6,0.0,0.0,0.0
2,6,0.0,0.0,0.0
2,6,0.0,0.0,0.0
2,6,0.0,0.0,0.0
2,6,0.0,0.0,0.0
2,6,0.0,0.0,0.0
2,6,0.0,0.0,0.0
2,6,0.0,0.0,0.0
2,6,0.0,0.0,0.0
2,6,0.0,0.0,0.0
2,6,0.0,0.0,0.0
2,6,0.0,0.0,0.0
2,6,0.0,0.0,0.0
2,6,0.0,0.0,0.0
2,6,0.0,0.0,0.0
2,6,0.0,0.0,0.0
2,6,0.0,0.0,0.0
2,6,0.0,0.0,0.0
2,6,0.0,0.0,0.0
2,6,0.0,0.0,0.0
2,6,0.0,0.0,0.0
2,6,0.0,0.0,0.0
2,6,0.0,0.0,0.0
2,6,0.0,0.0,0.0
2,6,0.0,0.0,0.0
2,6,0.0,0.0,0.0
2,6,0.0,0.0,0.0
2,6,0.0,0.0,0.0
2,6,0.0,0.0,0.0
2,6,0.0,0.0,0.0
2,6,0.0,0.0,0.0
2,6,0.0,0.0,0.0
2,6,0.0,0.0,0.0
2,6,0.0,0.0,0.0
2,6,0.0,0.0,0.0
2,6,0.0,0.0,0.0
2,6,0.0,0.0,0.0
2,6,0.0,0.0,0.0
2,6,0.0,0.0,0.0
2,6,0.0,0.0,0.0
2,6,0.0,0.0,0.0
2,6,0.0,0.0,0.0
2,6,0.0,0.0,0.0
2,6,0.0,0.0,0.0
2,6,0.0,0.0,0.0
2,6,0.0,0.0,0.0
2,6,0.0,0.0,0.0
2,6,0.0,0.0,0.0
2,6,0.0,0.0,0.0
2,6,0.0,0.0,0.0
2,6,0.0,0.0,0.0
2,6,0.0,0.0,0.0
2,6,0.0,0.0,0.0
2,6,0.0,0.0,0.0
2,6,0.0,0.0,0.0
2,6,0.0,0.0,0.0
2,6,0.0,0.0,0.0
2,6,0.0,0.0,0.0
2,6,0.0,0.0,0.0
2,6,0.0,0.0,0.0
2,6,0.0,0.0,0.0
2,6,0.0,0.0,0.0
2,6,0.0,0.0,0.0
2,6,0.0,0.0,0.0
2,6,0.0,0.0,0.0
2,6,0.0,0.0,0.0
2,6,0.0,0.0,0.0
2,6,0.0,0.0,0.0
2,6,0.0,0.0,0.0
2,6,0.0,0.0,0.0
2,6,0.0,0.0,0.0
2,6,0.0,0.0,0.0
2,6,0.0,0.0,0.0
2,6,0.0,0.0,0.0
2,6,0.0,0.0,0.0
2,6,0.0,0.0,0.0
2,6,0.0,0.0,0.0
2,6,0.0,0.0,0.0
2,6,0.0,0.0,0.0
2,6,0.0,0.0,0.0
2,6,0.0,0.0,0.0
2,6,0.0,0.0,0.0
2,6,0.0,0.0,0.0
2,6,0.0,0.0,0.0
2,6,0.0,0.0,0.0
2,6,0.0,0.0,0.0
2,6,0.026785514076415495,0.0,39.6
2,6,0.0,0.0,0.0
2,6,0.0,0.0,0.0
2,6,0.0,0.0,0.0
2,6,0.0,0.0,0.0
2,6,0.0,0.0,0.0
2,6,0.0,0.0,0.0
2,6,0.0,0.0,0.0
2,6,0.0,0.0,0.0
2,6,0.0,0.0,0.0
2,6,0.0,0.0,0.0
2,6,0.0,0.0,0.0
2,6,0.0,0.0,0.0
2,6,0.0,0.0,0.0
2,6,0.0,0.0,0.0
2,6,0.0,0.0,0.0
2,6,0.0,0.0,0.0
2,6,0.0,0.0,0.0
2,6,0.0,0.0,0.0
2,6,0.0,0.0,0.0
2,6,0.0,0.0,0.0
2,6,0.0,0.0,0.0
2,6,0.0,0.0,0.0
2,6,0.0,0.0,0.0
2,6,0.0,0.0,0.0
2,6,0.0,0.0,0.0
2,6,0.0,0.0,0.0
2,6,0.0,0.0,0.0
2,6,0.0,0.0,0.0
2,6,0.0,0.0,0.0
2,6,0.0,0.0,0.0
2,6,0.0,0.0,0.0
2,6,0.0,0.0,0.0
2,6,0.0,0.0,0.0
2,6,0.0,0.0,0.0
2,6,0.0,0.0,0.0
2,6,0.0,0.0,0.0
2,6,0.0,0.0,0.0
2,6,0.0,0.0,0.0
2,6,0.0,0.0,72.59999999999997
2,6,0.0,0.0,0.0
2,6,0.0,0.0,0.0
2,6,0.0,0.0,0.0
2,6,0.0,0.0,0.0
2,6,0.0,0.0,0.0
2,6,0.0,0.0,0.0
2,6,0.0,0.0,0.0
2,6,0.0,0.0,0.0
2,6,0.0,0.0,0.0
2,6,0.0,0.0,0.0
2,6,0.0,0.0,0.0
2,6,0.0,0.0,0.0
2,6,0.0,0.0,0.0
2,6,0.0,0.0,0.0
2,6,0.0,0.0,0.0
2,6,0.0,0.0,0.0
2,6,0.0,0.0,0.0
2,6,0.0,0.0,0.0
2,6,0.0,0.0,0.0
2,6,0.0,0.0,0.0
2,6,0.0,0.0,0.0
2,6,0.0,0.0,0.0
2,6,0.0,0.0,0.0
2,6,0.0,0.0,0.0
2,6,0.0,0.0,0.0
2,6,0.0,0.0,0.0
2,6,0.0,0.0,0.0
2,6,0.0,0.0,0.0
2,6,0.0,0.0,0.0
2,6,0.0,0.0,0.0
2,6,0.0,0.0,0.0
2,6,0.0,0.0,0.0
2,6,0.0,0.0,0.0
2,6,0.0,0.0,0.0
2,6,0.0,0.0,0.0
2,6,0.0,0.0,0.0
2,6,0.0,0.0,0.0
2,6,0.0,0.0,0.0
2,6,0.0,0.0,0.0
2,6,0.0,0.0,0.0
2,6,0.0,0.0,0.0
2,6,0.0,0.0,0.0
2,6,0.0,0.0,0.0
2,6,0.0,0.0,0.0
2,6,0.0,0.0,0.0
2,6,0.0,0.0,0.0
2,6,0.0,0.0,0.0
2,6,0.0,0.0,0.0
2,6,0.0,0.0,0.0
2,6,0.0,0.0,0.0
2,6,0.0,0.0,0.0
2,6,0.0,0.0,0.0
2,6,0.0,0.0,0.0
2,6,0.0,0.0,0.0
2,6,0.0,0.0,0.0
2,6,0.0,0.0,0.0
2,6,0.0,0.0,0.0
2,6,0.0,0.0,0.0
2,6,0.0,0.0,0.0
2,6,0.0,0.0,0.0
2,6,0.0,0.0,0.0
2,6,0.0,0.0,0.0
2,6,0.0,0.0,0.0
2,6,0.0,0.0,0.0
2,6,0.0,0.0,0.0
2,6,0.0,0.0,0.0
2,6,0.0,0.0,0.0
2,6,0.0,0.0,0.0
2,6,0.0,0.0,0.0
2,6,0.0,0.0,0.0
2,6,0.0,0.0,0.0
2,6,0.0,0.0,0.0
2,6,0.0,0.0,0.0
2,6,0.0,0.0,0.0
2,6,0.0,0.0,0.0
2,6,0.0,0.0,0.0
2,6,0.0,0.0,0.0
2,6,0.0,0.0,0.0
2,6,0.0,0.0,0.0
2,6,0.0,0.0,0.0
2,6,0.0,0.0,0.0
2,6,0.0,0.0,0.0
2,6,0.0,0.0,0.0
2,6,0.0,0.0,0.0
2,6,0.0,0.0,0.0
2,6,0.0,0.0,0.0
2,6,0.0,0.0,0.0
2,6,0.0,0.0,0.0
2,6,0.0,0.0,0.0
2,6,0.0,0.0,0.0
2,6,0.0,0.0,0.0
2,6,0.0,0.0,0.0
2,6,0.0,0.0,0.0
2,6,0.0,0.0,0.0
2,6,0.0,0.0,0.0
2,6,0.0,0.0,0.0
2,6,0.0,0.0,0.0
2,6,0.0,0.0,0.0
2,6,0.0,0.0,0.0
2,6,0.0,0.0,0.0
2,6,0.0,0.0,0.0
2,6,0.0,0.0,0.0
2,6,0.0,0.0,0.0
2,6,0.0,0.0,0.0
2,6,0.0,0.0,0.0
2,6,0.0,0.0,0.0
2,6,0.0,0.0,0.0
2,6,0.0,0.0,0.0
2,6,0.0,0.0,0.0
2,6,0.0,0.0,0.0
2,6,0.0,0.0,0.0
2,6,0.0,0.0,0.0
2,6,0.0,0.0,0.0
2,6,0.0,0.0,0.0
2,6,0.0,0.0,0.0
2,6,0.0,0.0,0.0
2,6,0.0,0.0,0.0
2,6,0.0,0.0,0.0
2,6,0.0,0.0,0.0
2,6,0.0,0.0,0.0
2,6,0.0,0.0,0.0
2,6,0.0,0.0,0.0
2,6,0.0,0.0,0.0
2,6,0.0,0.0,0.0
2,6,0.0,0.0,0.0
2,6,0.0,0.0,0.0
2,6,0.0,0.0,0.0
2,6,0.0,0.0,0.0
2,6,0.0,0.0,0.0
2,6,0.0,0.0,0.0
2,6,0.0,0.0,0.0
2,6,0.0,0.0,0.0
2,6,0.0,0.0,0.0
2,6,0.0,0.0,0.0
2,6,0.0,0.0,0.0
2,6,0.0,0.0,0.0
2,6,0.0,0.0,0.0
2,6,0.0,0.0,21.12
2,6,0.09940383050305002,0.0,39.6
2,6,0.0,0.0,0.0
2,6,0.0,0.0,0.0
2,6,0.0,0.0,0.0
2,6,0.0,0.0,0.0
2,6,0.0,0.0,0.0
2,6,0.0,0.0,0.0
2,6,0.0,0.0,0.0
2,6,0.0,0.0,0.0
2,6,0.0,0.0,0.0
2,6,0.0,0.0,0.0
2,6,0.0,0.0,0.0
2,6,0.0,0.0,0.0
2,6,0.0,0.0,0.0
2,6,0.0,0.0,0.0
2,6,0.0,0.0,0.0
2,6,0.0,0.0,0.0
2,6,0.0,0.0,0.0
2,6,0.0,0.0,0.0
2,6,0.0,0.0,0.0
2,6,0.0,0.0,0.0
2,6,0.0,0.0,0.0
2,6,0.0,0.0,0.0
2,6,0.0,0.0,0.0
2,6,0.0,0.0,0.0
2,6,0.0,0.0,0.0
2,6,0.0,0.0,0.0
2,6,0.0,0.0,0.0
2,6,0.0,0.0,0.0
2,6,0.0,0.0,0.0
2,6,0.0,0.0,0.0
2,6,0.0,0.0,0.0
2,6,0.0,0.0,0.0
2,6,0.0,0.0,0.0
2,6,0.0,0.0,0.0
2,6,0.0,0.0,0.0
2,6,0.0,0.0,0.0
2,6,0.0,0.0,0.0
2,6,0.0,0.0,0.0
2,6,0.0,0.0,0.0
2,6,0.0,0.0,0.0
2,6,0.0,0.0,0.0
2,6,0.0,0.0,0.0
2,6,0.0,0.0,0.0
2,6,0.0,0.0,0.0
2,6,0.0,0.0,0.0
2,6,0.0,0.0,0.0
2,6,0.0,0.0,0.0
2,6,0.0,0.0,0.0
2,6,0.0,0.0,0.0
2,6,0.0,0.0,0.0
2,6,0.0,0.0,0.0
2,6,0.0,0.0,0.0
2,6,0.0,0.0,0.0
2,6,0.0,0.0,0.0
2,6,0.0,0.0,0.0
2,6,0.0,0.0,0.0
2,6,0.0,0.0,0.0
2,6,0.0,0.0,0.0
2,6,0.0,0.0,0.0
2,6,0.0,0.0,0.0
2,6,0.0,0.0,0.0
2,6,0.0,0.0,0.0
2,6,0.0,0.0,0.0
2,6,0.0,0.0,0.0
2,6,0.0,0.0,0.0
2,6,0.0,0.0,0.0
2,6,0.0,0.0,0.0
2,6,0.0,0.0,0.0
2,6,0.0,0.0,0.0
2,6,0.0,0.0,0.0
2,6,0.0,0.0,0.0
2,6,0.0,0.0,0.0
2,6,0.0,0.0,0.0
2,6,0.0,0.0,0.0
2,6,0.0,0.0,0.0
2,6,0.0,0.0,0.0
2,6,0.0,0.0,0.0
2,6,0.0,0.0,0.0
2,6,0.0,0.0,0.0
2,6,0.0,0.0,0.0
2,6,0.0,0.0,0.0
2,6,0.0,0.0,0.0
2,6,0.0,0.0,0.0
2,6,0.0,0.0,0.0
2,6,0.0,0.0,0.0
2,6,0.0,0.0,0.0
2,6,0.0,0.0,0.0
2,6,0.0,0.0,0.0
2,6,0.0,0.0,0.0
2,6,0.0,0.0,0.0
2,6,0.0,0.0,0.0
2,6,0.0,0.0,0.0
2,6,0.0,0.0,0.0
2,6,0.0,0.0,0.0
2,6,0.0,0.0,0.0
2,6,0.0,0.0,0.0
2,6,0.0,0.0,0.0
2,6,0.0,0.0,0.0
2,6,0.0,0.0,0.0
2,6,0.0,0.0,0.0
2,6,0.0,0.0,0.0
2,6,0.0,0.0,0.0
2,6,0.0,0.0,0.0
2,6,0.0,0.0,0.0
2,6,0.0,0.0,0.0
2,6,0.0,0.0,0.0
2,6,0.0,0.0,0.0
2,6,0.0,0.0,0.0
2,6,0.0,0.0,0.0
2,6,0.0,0.0,0.0
2,6,0.0,0.0,0.0
2,6,0.0,0.0,0.0
2,6,0.0,0.0,0.0
2,6,0.0,0.0,0.0
2,6,0.0,0.0,0.0
2,6,0.0,0.0,0.0
2,6,0.0,0.0,0.0
2,6,0.0,0.0,0.0
2,6,0.0,0.0,0.0
2,6,0.0,0.0,0.0
2,6,0.0,0.0,0.0
2,6,0.0,0.0,0.0
2,6,0.0,0.0,0.0
2,6,0.0,0.0,0.0
2,6,0.0,0.0,0.0
2,6,0.0,0.0,0.0
2,6,0.0,0.0,0.0
2,6,0.0,0.0,0.0
2,6,0.0,0.0,0.0
2,6,0.0,0.0,0.0
2,6,0.0,0.0,0.0
2,6,0.0,0.0,0.0
2,6,0.0,0.0,0.0
2,6,0.0,0.0,0.0
2,6,0.0,0.0,0.0
2,6,0.0,0.0,0.0
2,6,0.0,0.0,0.0
2,6,0.0,0.0,0.0
2,6,0.0,0.0,0.0
2,6,0.0,0.0,0.0
2,6,0.0,0.0,0.0
2,6,0.0,0.0,0.0
2,6,0.0,0.0,0.0
2,6,0.0,0.0,0.0
2,6,0.0,0.0,0.0
2,6,0.0,0.0,0.0
2,6,0.0,0.0,0.0
2,6,0.0,0.0,0.0
2,6,0.0,0.0,0.0
2,6,0.0,0.0,0.0
2,6,0.0,0.0,0.0
2,6,0.0,0.0,0.0
2,6,0.0,0.0,0.0
2,6,0.0,0.0,0.0
2,6,0.0,0.0,0.0
2,6,0.0,0.0,0.0
2,6,0.0,0.0,0.0
2,6,0.0,0.0,72.59999999999997
2,6,0.0,0.0,0.0
2,6,0.0,0.0,0.0
2,6,0.0,0.0,0.0
2,6,0.0,0.0,0.0
2,6,0.0,0.0,0.0
2,6,0.0,0.0,0.0
2,6,0.0,0.0,0.0
2,6,0.0,0.0,0.0
2,6,0.0,0.0,0.0
2,6,0.0,0.0,0.0
2,6,0.0,0.0,0.0
2,6,0.0,0.0,0.0
2,6,0.0,0.0,0.0
2,6,0.0,0.0,0.0
2,6,0.0,0.0,0.0
2,6,0.0,0.0,0.0
2,6,0.0,0.0,0.0
2,6,0.0,0.0,0.0
2,6,0.0,0.0,0.0
2,6,0.0,0.0,0.0
2,6,0.0,0.0,0.0
2,6,0.0,0.0,0.0
2,6,0.0,0.0,0.0
2,6,0.0,0.0,0.0
2,6,0.0,0.0,0.0
2,6,0.0,0.0,0.0
2,6,0.0,0.0,0.0
2,6,0.0,0.0,0.0
2,6,0.0,0.0,0.0
2,6,0.0,0.0,0.0
2,6,0.0,0.0,0.0
2,6,0.0,0.0,0.0
2,6,0.0,0.0,0.0
2,6,0.0,0.0,0.0
2,6,0.0,0.0,0.0
2,6,0.0,0.0,0.0
2,6,0.0,0.0,0.0
2,6,0.0,0.0,0.0
2,6,0.0,0.0,0.0
2,6,0.0,0.0,0.0
2,6,0.0,0.0,0.0
2,6,0.0,0.0,0.0
2,6,0.0,0.0,0.0
2,6,0.0,0.0,0.0
2,6,0.0,0.0,0.0
2,6,0.0,0.0,0.0
2,6,0.0,0.0,0.0
2,6,0.0,0.0,0.0
2,6,0.0,0.0,0.0
2,6,0.0,0.0,0.0
2,6,0.0,0.0,0.0
2,6,0.0,0.0,0.0
2,6,0.0,0.0,0.0
2,6,0.0,0.0,0.0
2,6,0.0,0.0,0.0
2,6,0.0,0.0,0.0
2,6,0.0,0.0,0.0
2,6,0.0,0.0,0.0
2,6,0.0,0.0,0.0
2,6,0.0,0.0,0.0
2,6,0.0,0.0,0.0
2,6,0.0,0.0,0.0
2,6,0.0,0.0,0.0
2,6,0.0,0.0,0.0
2,6,0.0,0.0,0.0
2,6,0.0,0.0,0.0
2,6,0.0,0.0,0.0
2,6,0.0,0.0,0.0
2,6,0.0,0.0,0.0
2,6,0.0,0.0,0.0
2,6,0.0,0.0,0.0
2,6,0.0,0.0,0.0
2,6,0.0,0.0,0.0
2,6,0.0,0.0,0.0
2,6,0.0,0.0,0.0
2,6,0.0,0.0,0.0
2,6,0.0,0.0,0.0
2,6,0.0,0.0,0.0
2,6,0.0,0.0,0.0
2,6,0.0,0.0,0.0
2,6,0.0,0.0,0.0
2,6,0.0,0.0,0.0
2,6,0.0,0.0,0.0
2,6,0.0,0.0,0.0
2,6,0.0,0.0,0.0
2,6,0.0,0.0,0.0
2,6,0.0,0.0,0.0
2,6,0.0,0.0,0.0
2,6,0.0,0.0,0.0
2,6,0.0,0.0,0.0
2,6,0.0,0.0,0.0
2,6,0.0,0.0,0.0
2,6,0.0,0.0,0.0
2,6,0.0,0.0,0.0
2,6,0.0,0.0,0.0
2,6,0.0,0.0,0.0
2,6,0.0,0.0,0.0
2,6,0.0,0.0,0.0
2,6,0.0,0.0,0.0
2,6,0.0,0.0,0.0
2,6,0.0,0.0,0.0
2,6,0.0,0.0,0.0
2,6,0.0,0.0,0.0
2,6,0.0,0.0,0.0
2,6,0.0,0.0,0.0
2,6,0.0,0.0,0.0
2,6,0.0,0.0,0.0
2,6,0.0,0.0,0.0
2,6,0.0,0.0,0.0
2,6,0.0,0.0,0.0
2,6,0.0,0.0,0.0
2,6,0.0,0.0,0.0
2,6,0.0,0.0,0.0
2,6,0.0,0.0,0.0
2,6,0.0,0.0,0.0
2,6,0.0,0.0,0.0
2,6,0.0,0.0,0.0
2,6,0.0,0.0,0.0
2,6,0.0,0.0,0.0
2,6,0.0,0.0,0.0
2,6,0.0,0.0,0.0
2,6,0.0,0.0,0.0
2,6,0.0,0.0,0.0
2,6,0.0,0.0,0.0
2,6,0.0,0.0,0.0
2,6,0.0,0.0,0.0
2,6,0.0,0.0,0.0
2,6,0.0,0.0,0.0
2,6,0.0,0.0,0.0
2,6,0.0,0.0,0.0
2,6,0.0,0.0,0.0
2,6,0.0,0.0,0.0
2,6,0.0,0.0,0.0
2,6,0.0,0.0,0.0
2,6,0.0,0.0,0.0
2,6,0.0,0.0,0.0
2,6,0.0,0.0,0.0
2,6,0.0,0.0,0.0
2,6,0.0,0.0,0.0
2,6,0.0,0.0,0.0
2,6,0.0,0.0,0.0
2,6,0.0,0.0,0.0
2,6,0.0,0.0,0.0
2,6,0.0,0.0,0.0
2,6,0.0,0.0,0.0
2,6,0.0,0.0,0.0
2,6,0.0,0.0,0.0
2,6,0.0,0.0,0.0
2,6,0.0,0.0,0.0
2,6,0.0,0.0,0.0
2,6,0.0,0.0,0.0
2,6,0.0,0.0,0.0
2,6,0.0,0.0,0.0
2,6,0.0,0.0,0.0
2,6,0.0,0.0,0.0
2,6,0.0,0.0,0.0
2,6,0.0,0.0,0.0
2,6,0.0,0.0,0.0
2,6,0.0,0.0,0.0
2,6,0.0,0.0,0.0
2,6,0.0,0.0,0.0
2,6,0.0,0.0,0.0
2,6,0.0,0.0,0.0
2,6,0.0,0.0,0.0
2,6,0.0,0.0,0.0
2,6,0.0,0.0,0.0
2,6,0.0,0.0,0.0
2,6,0.0,0.0,0.0
2,6,0.0,0.0,0.0
2,6,0.0,0.0,0.0
2,6,0.0,0.0,0.0
2,6,0.0,0.0,0.0
2,6,0.0,0.0,0.0
2,6,0.0,0.0,0.0
2,6,0.0,0.0,0.0
2,6,0.0,0.0,0.0
2,6,0.0,0.0,0.0
2,6,0.0,0.0,0.0
2,6,0.0,0.0,0.0
2,6,0.0,0.0,0.0
2,6,0.0,0.0,0.0
2,6,0.0,0.0,0.0
2,6,0.0,0.0,0.0
2,6,0.0,0.0,0.0
2,6,0.0,0.0,0.0
2,6,0.0,0.0,0.0
2,6,0.0,0.0,0.0
2,6,0.0,0.0,0.0
2,6,0.0,0.0,0.0
2,6,0.0,0.0,0.0
2,6,0.0,0.0,0.0
2,6,0.0,0.0,0.0
2,6,0.0,0.0,0.0
2,6,0.0,0.0,0.0
2,6,0.0,0.0,0.0
2,6,0.0,0.0,0.0
2,6,0.0,0.0,0.0
2,6,0.0,0.0,0.0
2,6,0.0,0.0,0.0
2,6,0.0,0.0,0.0
2,6,0.0,0.0,0.0
2,6,0.0,0.0,0.0
2,6,0.0,0.0,0.0
2,6,0.0,0.0,0.0
2,6,0.0,0.0,0.0
2,6,0.0,0.0,0.0
2,6,0.0,0.0,0.0
2,6,0.0,0.0,0.0
2,6,0.0,0.0,0.0
2,6,0.0,0.0,0.0
2,6,0.0,0.0,0.0
2,6,0.0,0.0,0.0
2,6,0.0,0.0,0.0
2,6,0.0,0.0,0.0
2,6,0.0,0.0,0.0
2,6,0.0,0.0,0.0
2,6,0.0,0.0,0.0
2,6,0.0,0.0,0.0
2,6,0.0,0.0,13.200000000000001
2,6,0.0,0.0,0.0
2,6,0.0,0.0,0.0
2,6,0.0,0.0,0.0
2,6,0.0,0.0,0.0
2,6,0.0,0.0,0.0
2,6,0.0,0.0,0.0
2,6,0.0,0.0,0.0
2,6,0.0,0.0,0.0
2,6,0.0,0.0,0.0
2,6,0.0,0.0,0.0
2,6,0.0,0.0,0.0
2,6,0.0,0.0,0.0
2,6,0.0,0.0,0.0
2,6,0.0,0.0,0.0
2,6,0.0,0.0,0.0
2,6,0.0,0.0,0.0
2,6,0.0,0.0,0.0
2,6,0.0,0.0,0.0
2,6,0.0,0.0,0.0
2,6,0.0,0.0,0.0
2,6,0.0,0.0,0.0
2,6,0.0,0.0,0.0
2,6,0.0,0.0,0.0
2,6,0.0,0.0,0.0
2,6,0.0,0.0,0.0
2,6,0.0,0.0,0.0
2,6,0.0,0.0,0.0
2,6,0.0,0.0,0.0
2,6,0.0,0.0,0.0
2,6,0.0,0.0,0.0
2,6,0.0,0.0,0.0
2,6,0.0,0.0,0.0
2,6,0.0,0.0,0.0
2,6,0.0,0.0,0.0
2,6,0.0,0.0,0.0
2,6,0.0,0.0,0.0
2,6,0.0,0.0,0.0
2,6,0.0,0.0,0.0
2,6,0.0,0.0,0.0
2,6,0.0,0.0,0.0
2,6,0.0,0.0,0.0
2,6,0.0,0.0,0.0
2,6,0.0,0.0,0.0
2,6,0.0,0.0,0.0
2,6,0.0,0.0,0.0
2,6,0.0,0.0,0.0
2,6,0.0,0.0,0.0
2,6,0.0,0.0,0.0
2,6,0.0,0.0,0.0
2,6,0.0,0.0,0.0
2,6,0.0,0.0,0.0
2,6,0.0,0.0,0.0
2,6,0.0,0.0,0.0
2,6,0.0,0.0,0.0
2,6,0.0,0.0,0.0
2,6,0.0,0.0,0.0
2,6,0.0,0.0,0.0
2,6,0.0,0.0,0.0
2,6,0.0,0.0,0.0
2,6,0.0,0.0,0.0
2,6,0.0,0.0,0.0
2,6,0.0,0.0,0.0
2,6,0.0,0.0,0.0
2,6,0.0,0.0,0.0
2,6,0.0,0.0,0.0
2,6,0.0,0.0,0.0
2,6,0.0,0.0,0.0
2,6,0.0,0.0,0.0
2,6,0.0,0.0,0.0
2,6,0.0,0.0,0.0
2,6,0.0,0.0,0.0
2,6,0.0,0.0,0.0
2,6,0.0,0.0,0.0
2,6,0.0,0.0,0.0
2,6,0.0,0.0,0.0
2,6,0.0,0.0,0.0
2,6,0.0,0.0,0.0
2,6,0.0,0.0,0.0
2,6,0.0,0.0,0.0
2,6,0.0,0.0,0.0
2,6,0.0,0.0,0.0
2,6,0.0,0.0,0.0
2,6,0.0,0.0,0.0
2,6,0.0,0.0,0.0
2,6,0.0,0.0,0.0
2,6,0.0,0.0,0.0
2,6,0.0,0.0,0.0
2,6,0.0,0.0,0.0
2,6,0.0,0.0,0.0
2,6,0.0,0.0,0.0
2,6,0.0,0.0,0.0
2,6,0.0,0.0,0.0
2,6,0.0,0.0,0.0
2,6,0.0,0.0,0.0
2,6,0.0,0.0,0.0
2,6,0.0,0.0,0.0
2,6,0.0,0.0,0.0
2,6,0.0,0.0,0.0
2,6,0.0,0.0,0.0
2,6,0.0,0.0,0.0
2,6,0.0,0.0,0.0
2,6,0.0,0.0,0.0
2,6,0.0,0.0,0.0
2,6,0.0,0.0,0.0
2,6,0.0,0.0,0.0
2,6,0.0,0.0,0.0
2,6,0.0,0.0,0.0
2,6,0.0,0.0,0.0
2,6,0.0,0.0,0.0
2,6,0.0,0.0,0.0
2,6,0.0,0.0,0.0
2,6,0.0,0.0,0.0
2,6,0.0,0.0,0.0
2,6,0.0,0.0,0.0
2,6,0.0,0.0,0.0
2,6,0.0,0.0,0.0
2,6,0.0,0.0,0.0
2,6,0.0,0.0,0.0
2,6,0.0,0.0,0.0
2,6,0.0,0.0,0.0
2,6,0.0,0.0,0.0
2,6,0.0,0.0,0.0
2,6,0.0,0.0,0.0
2,6,0.0,0.0,0.0
2,6,0.0,0.0,0.0
2,6,0.0,0.0,0.0
2,6,0.0,0.0,0.0
2,6,0.0,0.0,0.0
2,6,0.0,0.0,0.0
2,6,0.0,0.0,0.0
2,6,0.0,0.0,0.0
2,6,0.0,0.0,0.0
2,6,0.0,0.0,0.0
2,6,0.0,0.0,0.0
2,6,0.0,0.0,0.0
2,6,0.0,0.0,0.0
2,6,0.0,0.0,0.0
2,6,0.0,0.0,0.0
2,6,0.0,0.0,0.0
2,6,0.0,0.0,0.0
2,6,0.0,0.0,0.0
2,6,0.0,0.0,0.0
2,6,0.0,0.0,0.0
2,6,0.0,0.0,0.0
2,6,0.0,0.0,0.0
2,6,0.0,0.0,0.0
2,6,0.0,0.0,0.0
2,6,0.0,0.0,0.0
2,6,0.0,0.0,0.0
2,6,0.0,0.0,0.0
2,6,0.0,0.0,0.0
2,6,0.0,0.0,0.0
2,6,0.0,0.0,0.0
2,6,0.0,0.0,0.0
2,6,0.0,0.0,0.0
2,6,0.0,0.0,0.0
2,6,0.0,0.0,0.0
2,6,0.0,0.0,0.0
2,6,0.0,0.0,0.0
2,6,0.0,0.0,0.0
2,6,0.0,0.0,0.0
2,6,0.0,0.0,0.0
2,6,0.0,0.0,0.0
2,6,0.0,0.0,0.0
2,6,0.0,0.0,0.0
2,6,0.0,0.0,0.0
2,6,0.0,0.0,0.0
2,6,0.0,0.0,0.0
2,6,0.0,0.0,0.0
2,6,0.0,0.0,0.0
2,6,0.0,0.0,0.0
2,6,0.0,0.0,0.0
2,6,0.0,0.0,0.0
2,6,0.0,0.0,0.0
2,6,0.0,0.0,0.0
2,6,0.0,0.0,0.0
2,6,0.0,0.0,0.0
2,6,0.0,0.0,0.0
2,6,0.0,0.0,0.0
2,6,0.0,0.0,0.0
2,6,0.0,0.0,0.0
2,6,0.0,0.0,0.0
2,6,0.0,0.0,0.0
2,6,0.0,0.0,0.0
2,6,0.0,0.0,0.0
2,6,0.0,0.0,0.0
2,6,0.0,0.0,0.0
2,6,0.0,0.0,0.0
2,6,0.0,0.0,0.0
2,6,0.0,0.0,0.0
2,6,0.0,0.0,0.0
2,6,0.0,0.0,0.0
2,6,0.0,0.0,0.0
2,6,0.0,0.0,0.0
2,6,0.0,0.0,0.0
2,6,0.0,0.0,0.0
2,6,0.0,0.0,0.0
2,6,0.0,0.0,0.0
2,6,0.0,0.0,0.0
2,6,0.0,0.0,0.0
2,6,0.0,0.0,0.0
2,6,0.0,0.0,0.0
2,6,0.0,0.0,0.0
2,6,0.0,0.0,0.0
2,6,0.0,0.0,0.0
2,6,0.0,0.0,0.0
2,6,0.0,0.0,0.0
2,6,0.0,0.0,0.0
2,6,0.0,0.0,0.0
2,6,0.0,0.0,0.0
2,6,0.0,0.0,0.0
2,6,0.0,0.0,0.0
2,6,0.0,0.0,0.0
2,6,0.0,0.0,0.0
2,6,0.0,0.0,0.0
2,6,0.0,0.0,0.0
2,6,0.0,0.0,0.0
2,6,0.0,0.0,0.0
2,6,0.0,0.0,0.0
2,6,0.0,0.0,0.0
2,6,0.0,0.0,0.0
2,6,0.0,0.0,0.0
2,6,0.0,0.0,0.0
2,6,0.0,0.0,0.0
2,6,0.0,0.0,0.0
2,6,0.0,0.0,0.0
2,6,0.0,0.0,0.0
2,6,0.0,0.0,0.0
2,6,0.0,0.0,0.0
2,6,0.0,0.0,0.0
2,6,0.0,0.0,0.0
2,6,0.0,0.0,0.0
2,6,0.0,0.0,0.0
2,6,0.0,0.0,0.0
2,6,0.0,0.0,0.0
2,6,0.0,0.0,0.0
2,6,0.0,0.0,0.0
2,6,0.0,0.0,0.0
2,6,0.0,0.0,0.0
2,6,0.0,0.0,0.0
2,6,0.0,0.0,0.0
2,6,0.0,0.0,0.0
2,6,0.0,0.0,0.0
2,6,0.0,0.0,0.0
2,6,0.0,0.0,0.0
2,6,0.0,0.0,0.0
2,6,0.0,0.0,0.0
2,6,0.0,0.0,0.0
2,6,0.0,0.0,0.0
2,6,0.0,0.0,0.0
2,6,0.0,0.0,0.0
2,6,0.0,0.0,0.0
2,6,0.0,0.0,60.720000000000006
2,6,0.0,0.0,0.0
2,6,0.0,0.0,0.0
2,6,0.0,0.0,0.0
2,6,0.0,0.0,0.0
2,6,0.0,0.0,0.0
2,6,0.0,0.0,0.0
2,6,0.0,0.0,0.0
2,6,0.0,0.0,0.0
2,6,0.0,0.0,0.0
2,6,0.0,0.0,0.0
2,6,0.0,0.0,0.0
2,6,0.0,0.0,0.0
2,6,0.0,0.0,0.0
2,6,0.0,0.0,0.0
2,6,0.0,0.0,0.0
2,6,0.0,0.0,0.0
2,6,0.0,0.0,0.0
2,6,0.0,0.0,0.0
2,6,0.0,0.0,0.0
2,6,0.0,0.0,0.0
2,6,0.0,0.0,0.0
2,6,0.0,0.0,0.0
2,6,0.0,0.0,0.0
2,6,0.0,0.0,0.0
2,6,0.0,0.0,0.0
2,6,0.0,0.0,0.0
2,6,0.0,0.0,0.0
2,6,0.0,0.0,0.0
2,6,0.0,0.0,0.0
2,6,0.0,0.0,0.0
2,6,0.0,0.0,0.0
2,6,0.0,0.0,0.0
2,6,0.0,0.0,0.0
2,6,0.0,0.0,0.0
2,6,0.0,0.0,0.0
2,6,0.0,0.0,0.0
2,6,0.0,0.0,0.0
2,6,0.0,0.0,0.0
2,6,0.0,0.0,0.0
2,6,0.0,0.0,0.0
2,6,0.0,0.0,0.0
2,6,0.0,0.0,0.0
2,6,0.0,0.0,0.0
2,6,0.0,0.0,0.0
2,6,0.0,0.0,0.0
2,6,0.0,0.0,0.0
2,6,0.0,0.0,0.0
2,6,0.0,0.0,0.0
2,6,0.0,0.0,0.0
2,6,0.0,0.0,0.0
2,6,0.0,0.0,0.0
2,6,0.0,0.0,0.0
2,6,0.0,0.0,0.0
2,6,0.0,0.0,0.0
2,6,0.0,0.0,0.0
2,6,0.0,0.0,0.0
2,6,0.0,0.0,0.0
2,6,0.0,0.0,0.0
2,6,0.0,0.0,0.0
2,6,0.0,0.0,0.0
2,6,0.0,0.0,0.0
2,6,0.0,0.0,0.0
2,6,0.0,0.0,0.0
2,6,0.0,0.0,0.0
2,6,0.0,0.0,0.0
2,6,0.0,0.0,0.0
2,6,0.0,0.0,0.0
2,6,0.0,0.0,0.0
2,6,0.0,0.0,0.0
2,6,0.0,0.0,0.0
2,6,0.0,0.0,0.0
2,6,0.0,0.0,0.0
2,6,0.0,0.0,0.0
2,6,0.0,0.0,0.0
2,6,0.0,0.0,0.0
2,6,0.0,0.0,0.0
2,6,0.0,0.0,0.0
2,6,0.0,0.0,0.0
2,6,0.0,0.0,0.0
2,6,0.0,0.0,0.0
2,6,0.0,0.0,0.0
2,6,0.0,0.0,0.0
2,6,0.0,0.0,0.0
2,6,0.0,0.0,0.0
2,6,0.0,0.0,0.0
2,6,0.0,0.0,0.0
2,6,0.0,0.0,0.0
2,6,0.0,0.0,0.0
2,6,0.0,0.0,0.0
2,6,0.0,0.0,0.0
2,6,0.0,0.0,0.0
2,6,0.0,0.0,0.0
2,6,0.0,0.0,0.0
2,6,0.0,0.0,0.0
2,6,0.0,0.0,0.0
2,6,0.0,0.0,0.0
2,6,0.0,0.0,0.0
2,6,0.0,0.0,0.0
2,6,0.0,0.0,0.0
2,6,0.0,0.0,0.0
2,6,0.0,0.0,0.0
2,6,0.0,0.0,0.0
2,6,0.0,0.0,0.0
2,6,0.0,0.0,0.0
2,6,0.0,0.0,0.0
2,6,0.0,0.0,0.0
2,6,0.0,0.0,0.0
2,6,0.0,0.0,0.0
2,6,0.0,0.0,0.0
2,6,0.0,0.0,0.0
2,6,0.0,0.0,0.0
2,6,0.0,0.0,0.0
2,6,0.0,0.0,0.0
2,6,0.0,0.0,0.0
2,6,0.0,0.0,0.0
2,6,0.0,0.0,0.0
2,6,0.0,0.0,0.0
2,6,0.0,0.0,0.0
2,6,0.0,0.0,0.0
2,6,0.0,0.0,0.0
2,6,0.0,0.0,0.0
2,6,0.0,0.0,0.0
2,6,0.0,0.0,0.0
2,6,0.0,0.0,0.0
2,6,0.0,0.0,0.0
2,6,0.0,0.0,0.0
2,6,0.0,0.0,0.0
2,6,0.0,0.0,0.0
2,6,0.0,0.0,0.0
2,6,0.0,0.0,0.0
2,6,0.0,0.0,0.0
2,6,0.0,0.0,0.0
2,6,0.0,0.0,0.0
2,6,0.0,0.0,0.0
2,6,0.0,0.0,0.0
2,6,0.0,0.0,0.0
2,6,0.0,0.0,0.0
2,6,0.0,0.0,0.0
2,6,0.0,0.0,0.0
2,6,0.0,0.0,0.0
2,6,0.0,0.0,0.0
2,6,0.0,0.0,0.0
2,6,0.0,0.0,0.0
2,6,0.0,0.0,0.0
2,6,0.0,0.0,0.0
2,6,0.0,0.0,0.0
2,6,0.0,0.0,0.0
2,6,0.0,0.0,0.0
2,6,0.0,0.0,0.0
2,6,0.0,0.0,0.0
2,6,0.0,0.0,0.0
2,6,0.0,0.0,0.0
2,6,0.0,0.0,0.0
2,6,0.0,0.0,0.0
2,6,0.0,0.0,0.0
2,6,0.0,0.0,0.0
2,6,0.0,0.0,0.0
2,6,0.0,0.0,0.0
2,6,0.0,0.0,0.0
2,6,0.0,0.0,0.0
2,6,0.0,0.0,0.0
2,6,0.0,0.0,0.0
2,6,0.0,0.0,0.0
2,6,0.0,0.0,0.0
2,6,0.0,0.0,0.0
2,6,0.0,0.0,0.0
2,6,0.0,0.0,0.0
2,6,0.0,0.0,0.0
2,6,0.0,0.0,0.0
2,6,0.0,0.0,0.0
2,6,0.0,0.0,0.0
2,6,0.0,0.0,0.0
2,6,0.0,0.0,0.0
2,6,0.0,0.0,0.0
2,6,0.0,0.0,0.0
2,6,0.0,0.0,0.0
2,6,0.0,0.0,0.0
2,6,0.0,0.0,0.0
2,6,0.0,0.0,0.0
2,6,0.0,0.0,0.0
2,6,0.0,0.0,0.0
2,6,0.0,0.0,0.0
2,6,0.0,0.0,0.0
2,6,0.0,0.0,0.0
2,6,0.0,0.0,0.0
2,6,0.0,0.0,0.0
2,6,0.0,0.0,0.0
2,6,0.0,0.0,0.0
2,6,0.0,0.0,0.0
2,6,0.0,0.0,0.0
2,6,0.0,0.0,0.0
2,6,0.0,0.0,0.0
2,6,0.0,0.0,0.0
2,6,0.0,0.0,0.0
2,6,0.0,0.0,0.0
2,6,0.0,0.0,0.0
2,6,0.0,0.0,0.0
2,6,0.0,0.0,0.0
2,6,0.0,0.0,0.0
2,6,0.0,0.0,0.0
2,6,0.0,0.0,0.0
2,6,0.0,0.0,0.0
2,6,0.0,0.0,0.0
2,6,0.0,0.0,0.0
2,6,0.0,0.0,0.0
2,6,0.0,0.0,0.0
2,6,0.0,0.0,0.0
2,6,0.0,0.0,0.0
2,6,0.0,0.0,0.0
2,6,0.0,0.0,0.0
2,6,0.0,0.0,0.0
2,6,0.0,0.0,0.0
2,6,0.0,0.0,0.0
2,6,0.0,0.0,0.0
2,6,0.0,0.0,0.0
2,6,0.0,0.0,0.0
2,6,0.0,0.0,0.0
2,6,0.0,0.0,0.0
2,6,0.0,0.0,0.0
2,6,0.0,0.0,0.0
2,6,0.0,0.0,0.0
2,6,0.0,0.0,0.0
2,6,0.0,0.0,0.0
2,6,0.0,0.0,0.0
2,6,0.0,0.0,0.0
2,6,0.0,0.0,0.0
2,6,0.0,0.0,0.0
2,6,0.0,0.0,0.0
2,6,0.0,0.0,0.0
2,6,0.0,0.0,0.0
2,6,0.0,0.0,0.0
2,6,0.0,0.0,0.0
2,6,0.0,0.0,0.0
2,6,0.0,0.0,0.0
2,6,0.0,0.0,0.0
2,6,0.0,0.0,0.0
2,6,0.0,0.0,0.0
2,6,0.0,0.0,0.0
2,6,0.0,0.0,0.0
2,6,0.0,0.0,0.0
2,6,0.0,0.0,0.0
2,6,0.0,0.0,0.0
2,6,0.0,0.0,0.0
2,6,0.0,0.0,0.0
2,6,0.0,0.0,0.0
2,6,0.0,0.0,0.0
2,6,0.0,0.0,0.0
2,6,0.0,0.0,0.0
2,6,0.0,0.0,0.0
2,6,0.0,0.0,0.0
2,6,0.0,0.0,0.0
2,6,0.0,0.0,0.0
2,6,0.0,0.0,0.0
2,6,0.0,0.0,0.0
2,6,0.0,0.0,0.0
2,6,0.0,0.0,0.0
2,6,0.0,0.0,0.0
2,6,0.0,0.0,0.0
2,6,0.0,0.0,0.0
2,6,0.0,0.0,0.0
2,6,0.0,0.0,0.0
2,6,0.0,0.0,0.0
2,6,0.0,0.0,0.0
2,6,0.0,0.0,0.0
2,6,0.0,0.0,0.0
2,6,0.0,0.0,0.0
2,6,0.0,0.0,0.0
2,6,0.0,0.0,0.0
2,6,0.0,0.0,0.0
2,6,0.0,0.0,0.0
2,6,0.0,0.0,0.0
2,6,0.0,0.0,0.0
2,6,0.0,0.0,0.0
2,6,0.0,0.0,0.0
2,6,0.0,0.0,0.0
2,6,0.0,0.0,0.0
2,6,0.0,0.0,0.0
2,6,0.0,0.0,0.0
2,6,0.0,0.0,0.0
2,6,0.0,0.0,0.0
2,6,0.0,0.0,0.0
2,6,0.0,0.0,0.0
2,6,0.0,0.0,0.0
2,6,0.0,0.0,0.0
2,6,0.0,0.0,0.0
2,6,0.0,0.0,0.0
2,6,0.0,0.0,0.0
2,6,0.0,0.0,0.0
2,6,0.0,0.0,0.0
2,6,0.0,0.0,0.0
2,6,0.0,0.0,0.0
2,6,0.0,0.0,0.0
2,6,0.0,0.0,0.0
2,6,0.0,0.0,0.0
2,6,0.0,0.0,0.0
2,6,0.0,0.0,0.0
2,6,0.0,0.0,0.0
2,6,0.0,0.0,0.0
2,6,0.0,0.0,0.0
2,6,0.0,0.0,0.0
2,6,0.0,0.0,0.0
2,6,0.0,0.0,0.0
2,6,0.0,0.0,0.0
2,6,0.0,0.0,0.0
2,6,0.0,0.0,0.0
2,6,0.0,0.0,0.0
2,6,0.0,0.0,0.0
2,6,0.0,0.0,0.0
2,6,0.0,0.0,0.0
2,6,0.0,0.0,0.0
2,6,0.0,0.0,0.0
2,6,0.0,0.0,0.0
2,6,0.0,0.0,0.0
2,6,0.0,0.0,0.0
2,6,0.0,0.0,0.0
2,6,0.0,0.0,6.6000000000000005
2,6,0.0,0.0,0.0
2,6,0.0,0.0,0.0
2,6,0.0,0.0,0.0
2,6,0.0,0.0,0.0
2,6,0.0,0.0,0.0
2,6,0.0,0.0,0.0
2,6,0.0,0.0,0.0
2,6,0.0,0.0,0.0
2,6,0.0,0.0,0.0
2,6,0.0,0.0,0.0
2,6,0.0,0.0,0.0
2,6,0.0,0.0,0.0
2,6,0.0,0.0,0.0
2,6,0.0,0.0,0.0
2,6,0.0,0.0,0.0
2,6,0.0,0.0,0.0
2,6,0.0,0.0,0.0
2,6,0.0,0.0,0.0
2,6,0.0,0.0,0.0
2,6,0.0,0.0,0.0
2,6,0.0,0.0,0.0
2,6,0.0,0.0,0.0
2,6,0.0,0.0,0.0
2,6,0.0,0.0,0.0
2,6,0.0,0.0,0.0
2,6,0.0,0.0,0.0
2,6,0.0,0.0,0.0
2,6,0.0,0.0,0.0
2,6,0.0,0.0,0.0
2,6,0.0,0.0,0.0
2,6,0.0,0.0,0.0
2,6,0.0,0.0,0.0
2,6,0.0,0.0,0.0
2,6,0.0,0.0,0.0
2,6,0.0,0.0,0.0
2,6,0.0,0.0,0.0
2,6,0.0,0.0,0.0
2,6,0.0,0.0,0.0
2,6,0.0,0.0,0.0
2,6,0.0,0.0,0.0
2,6,0.0,0.0,0.0
2,6,0.0,0.0,0.0
2,6,0.0,0.0,0.0
2,6,0.0,0.0,0.0
2,6,0.0,0.0,0.0
2,6,0.0,0.0,0.0
2,6,0.0,0.0,0.0
2,6,0.0,0.0,0.0
2,6,0.0,0.0,0.0
2,6,0.0,0.0,0.0
2,6,0.0,0.0,0.0
2,6,0.0,0.0,0.0
2,6,0.0,0.0,0.0
2,6,0.0,0.0,0.0
2,6,0.0,0.0,0.0
2,6,0.0,0.0,0.0
2,6,0.0,0.0,0.0
2,6,0.0,0.0,0.0
2,6,0.0,0.0,0.0
2,6,0.0,0.0,0.0
2,6,0.0,0.0,0.0
2,6,0.0,0.0,0.0
2,6,0.0,0.0,0.0
2,6,0.0,0.0,0.0
2,6,0.0,0.0,0.0
2,6,0.0,0.0,0.0
2,6,0.0,0.0,0.0
2,6,0.0,0.0,0.0
2,6,0.0,0.0,0.0
2,6,0.0,0.0,0.0
2,6,0.0,0.0,0.0
2,6,0.0,0.0,0.0
2,6,0.0,0.0,0.0
2,6,0.0,0.0,0.0
2,6,0.0,0.0,0.0
2,6,0.0,0.0,0.0
2,6,0.0,0.0,0.0
2,6,0.0,0.0,0.0
2,6,0.0,0.0,0.0
2,6,0.0,0.0,0.0
2,6,0.0,0.0,0.0
2,6,0.0,0.0,0.0
2,6,0.0,0.0,0.0
2,6,0.0,0.0,0.0
2,6,0.0,0.0,0.0
2,6,0.0,0.0,0.0
2,6,0.0,0.0,0.0
2,6,0.0,0.0,0.0
2,6,0.0,0.0,0.0
2,6,0.0,0.0,0.0
2,6,0.0,0.0,0.0
2,6,0.0,0.0,0.0
2,6,0.0,0.0,0.0
2,6,0.0,0.0,0.0
2,6,0.0,0.0,0.0
2,6,0.0,0.0,0.0
2,6,0.0,0.0,0.0
2,6,0.0,0.0,0.0
2,6,0.0,0.0,0.0
2,6,0.0,0.0,0.0
2,6,0.0,0.0,0.0
2,6,0.0,0.0,0.0
2,6,0.0,0.0,0.0
2,6,0.0,0.0,0.0
2,6,0.0,0.0,0.0
2,6,0.0,0.0,0.0
2,6,0.0,0.0,0.0
2,6,0.0,0.0,0.0
2,6,0.0,0.0,0.0
2,6,0.0,0.0,0.0
2,6,0.0,0.0,0.0
2,6,0.0,0.0,0.0
2,6,0.0,0.0,0.0
2,6,0.0,0.0,0.0
2,6,0.0,0.0,0.0
2,6,0.0,0.0,0.0
2,6,0.0,0.0,0.0
2,6,0.0,0.0,0.0
2,6,0.0,0.0,0.0
2,6,0.0,0.0,0.0
2,6,0.0,0.0,0.0
2,6,0.0,0.0,0.0
2,6,0.0,0.0,0.0
2,6,0.0,0.0,0.0
2,6,0.0,0.0,0.0
2,6,0.0,0.0,0.0
2,6,0.0,0.0,0.0
2,6,0.0,0.0,0.0
2,6,0.0,0.0,0.0
2,6,0.0,0.0,0.0
2,6,0.0,0.0,0.0
2,6,0.0,0.0,0.0
2,6,0.0,0.0,0.0
2,6,0.0,0.0,0.0
2,6,0.0,0.0,0.0
2,6,0.0,0.0,0.0
2,6,0.0,0.0,0.0
2,6,0.0,0.0,0.0
2,6,0.0,0.0,0.0
2,6,0.0,0.0,0.0
2,6,0.0,0.0,0.0
2,6,0.0,0.0,0.0
2,6,0.0,0.0,0.0
2,6,0.0,0.0,0.0
2,6,0.0,0.0,0.0
2,6,0.0,0.0,0.0
2,6,0.0,0.0,0.0
2,6,0.0,0.0,0.0
2,6,0.0,0.0,0.0
2,6,0.0,0.0,0.0
2,6,0.0,0.0,0.0
2,6,0.0,0.0,0.0
2,6,0.0,0.0,0.0
2,6,0.0,0.0,0.0
2,6,0.0,0.0,0.0
2,6,0.0,0.0,0.0
2,6,0.0,0.0,0.0
2,6,0.0,0.0,0.0
2,6,0.0,0.0,0.0
2,6,0.037316727977261266,0.0,13.200000000000001
2,6,0.0,0.0,0.0
2,6,0.0,0.0,0.0
2,6,0.0,0.0,0.0
2,6,0.0,0.0,0.0
2,6,0.0,0.0,0.0
2,6,0.0,0.0,0.0
2,6,0.0,0.0,0.0
2,6,0.0,0.0,0.0
2,6,0.0,0.0,0.0
2,6,0.0,0.0,0.0
2,6,0.0,0.0,0.0
2,6,0.0,0.0,0.0
2,6,0.0,0.0,0.0
2,6,0.0,0.0,0.0
2,6,0.0,0.0,0.0
2,6,0.0,0.0,0.0
2,6,0.0,0.0,0.0
2,6,0.0,0.0,0.0
2,6,0.0,0.0,0.0
2,6,0.0,0.0,0.0
2,6,0.0,0.0,0.0
2,6,0.0,0.0,0.0
2,6,0.0,0.0,0.0
2,6,0.0,0.0,0.0
2,6,0.0,0.0,0.0
2,6,0.0,0.0,0.0
2,6,0.0,0.0,0.0
2,6,0.0,0.0,0.0
2,6,0.0,0.0,0.0
2,6,0.0,0.0,0.0
2,6,0.0,0.0,0.0
2,6,0.0,0.0,0.0
2,6,0.0,0.0,0.0
2,6,0.0,0.0,0.0
2,6,0.0,0.0,0.0
2,6,0.0,0.0,0.0
2,6,0.0,0.0,0.0
2,6,0.0,0.0,0.0
2,6,0.0,0.0,0.0
2,6,2.110494907238788,0.0,71.27999999999997
2,6,0.0,0.0,0.0
2,6,0.0,0.0,0.0
2,6,0.0,0.0,0.0
2,6,0.0,0.0,0.0
2,6,0.0,0.0,0.0
2,6,0.0,0.0,0.0
3,5,0.0,0.0,0.0
3,5,0.0,0.0,0.0
3,5,0.0,0.0,0.0
3,5,0.0,0.0,0.0
3,5,0.0,0.0,0.0
3,5,0.0,0.0,0.0
3,5,0.0,0.0,0.0
3,5,0.0,0.0,0.0
3,5,0.0,0.0,0.0
3,5,0.0,0.0,0.0
3,5,0.0,0.0,0.0
3,5,0.0,0.0,0.0
3,5,0.0,0.0,0.0
3,5,0.0,0.0,0.0
3,5,0.0,0.0,0.0
3,5,0.0,0.0,0.0
3,5,0.0,0.0,0.0
3,5,0.0,0.0,0.0
3,5,0.0,0.0,0.0
3,5,0.0,0.0,0.0
3,5,0.0,0.0,0.0
3,5,0.0,0.0,0.0
3,5,0.0,0.0,0.0
3,5,0.0,0.0,0.0
3,5,0.0,0.0,0.0
3,5,0.0,0.0,0.0
3,5,0.0,0.0,0.0
3,5,0.0,0.0,0.0
3,5,0.0,0.0,0.0
3,5,0.0,0.0,0.0
3,5,0.0,0.0,0.0
3,5,0.0,0.0,0.0
3,5,0.0,0.0,0.0
3,5,0.0,0.0,0.0
3,5,0.0,0.0,0.0
3,5,0.0,0.0,0.0
3,5,0.0,0.0,0.0
3,5,0.0,0.0,0.0
3,5,0.0,0.0,0.0
3,5,0.0,0.0,0.0
3,5,0.0,0.0,0.0
3,5,0.0,0.0,0.0
3,5,0.0,0.0,0.0
3,5,0.0,0.0,0.0
3,5,0.0,0.0,0.0
3,5,0.0,0.0,0.0
3,5,0.0,0.0,0.0
3,5,0.0,0.0,0.0
3,5,0.0,0.0,0.0
3,5,0.0,0.0,0.0
3,5,0.0,0.0,0.0
3,5,0.0,0.0,0.0
3,5,0.0,0.0,0.0
3,5,0.0,0.0,0.0
3,5,0.0,0.0,0.0
3,5,0.0,0.0,0.0
3,5,0.0,0.0,0.0
3,5,0.0,0.0,0.0
3,5,0.0,0.0,0.0
3,5,0.0,0.0,0.0
3,5,0.0,0.0,0.0
3,5,0.0,0.0,0.0
3,5,0.0,0.0,0.0
3,5,0.0,0.0,0.0
3,5,0.0,0.0,0.0
3,5,0.0,0.0,0.0
3,5,0.0,0.0,0.0
3,5,0.0,0.0,0.0
3,5,0.0,0.0,0.0
3,5,0.0,0.0,0.0
3,5,0.0,0.0,0.0
3,5,0.0,0.0,0.0
3,5,0.0,0.0,0.0
3,5,0.0,0.0,0.0
3,5,0.0,0.0,0.0
3,5,0.0,0.0,0.0
3,5,0.0,0.0,0.0
3,5,0.0,0.0,0.0
3,5,0.0,0.0,0.0
3,5,0.0,0.0,0.0
3,5,0.0,0.0,0.0
3,5,0.0,0.0,0.0
3,5,0.0,0.0,0.0
3,5,0.0,0.0,0.0
3,5,0.0,0.0,0.0
3,5,0.0,0.0,0.0
3,5,0.0,0.0,0.0
3,5,0.0,0.0,0.0
3,5,0.0,0.0,0.0
3,5,0.0,0.0,0.0
3,5,0.0,0.0,0.0
3,5,0.0,0.0,0.0
3,5,0.0,0.0,0.0
3,5,0.0,0.0,0.0
3,5,0.0,0.0,0.0
3,5,0.0,0.0,0.0
3,5,0.0,0.0,0.0
3,5,0.0,0.0,0.0
3,5,0.0,0.0,0.0
3,5,0.0,0.0,0.0
3,5,0.0,0.0,0.0
3,5,0.0,0.0,0.0
3,5,0.0,0.0,0.0
3,5,0.0,0.0,0.0
3,5,0.0,0.0,0.0
3,5,0.0,0.0,0.0
3,5,0.0,0.0,0.0
3,5,0.0,0.0,0.0
3,5,0.0,0.0,0.0
3,5,0.0,0.0,0.0
3,5,0.0,0.0,0.0
3,5,0.0,0.0,0.0
3,5,0.0,0.0,0.0
3,5,0.0,0.0,0.0
3,5,0.0,0.0,0.0
3,5,0.0,0.0,0.0
3,5,0.0,0.0,0.0
3,5,0.0,0.0,0.0
3,5,0.0,0.0,0.0
3,5,0.0,0.0,0.0
3,5,0.0,0.0,0.0
3,5,0.0,0.0,0.0
3,5,0.0,0.0,0.0
3,5,0.0,0.0,0.0
3,5,0.0,0.0,0.0
3,5,0.0,0.0,0.0
3,5,0.0,0.0,0.0
3,5,0.0,0.0,0.0
3,5,0.0,0.0,0.0
3,5,0.0,0.0,0.0
3,5,0.0,0.0,0.0
3,5,0.0,0.0,0.0
3,5,0.0,0.0,0.0
3,5,0.0,0.0,0.0
3,5,0.0,0.0,0.0
3,5,0.0,0.0,0.0
3,5,0.0,0.0,0.0
3,5,0.0,0.0,0.0
3,5,0.0,0.0,0.0
3,5,0.0,0.0,0.0
3,5,0.0,0.0,0.0
3,5,0.0,0.0,0.0
3,5,0.0,0.0,0.0
3,5,0.0,0.0,0.0
3,5,0.0,0.0,0.0
3,5,0.0,0.0,0.0
3,5,0.0,0.0,0.0
3,5,0.0,0.0,0.0
3,5,0.0,0.0,0.0
3,5,0.0,0.0,0.0
3,5,0.0,0.0,0.0
3,5,0.0,0.0,0.0
3,5,0.0,0.0,0.0
3,5,0.0,0.0,0.0
3,5,0.0,0.0,0.0
3,5,0.0,0.0,0.0
3,5,0.0,0.0,0.0
3,5,0.0,0.0,0.0
3,5,0.0,0.0,0.0
3,5,0.0,0.0,0.0
3,5,0.0,0.0,0.0
3,5,0.0,0.0,0.0
3,5,0.0,0.0,0.0
3,5,0.0,0.0,0.0
3,5,0.0,0.0,0.0
3,5,0.0,0.0,0.0
3,5,0.0,0.0,0.0
3,5,0.0,0.0,0.0
3,5,0.0,0.0,0.0
3,5,0.0,0.0,0.0
3,5,0.0,0.0,0.0
3,5,0.0,0.0,0.0
3,5,0.0,0.0,0.0
3,5,0.0,0.0,0.0
3,5,0.0,0.0,0.0
3,5,0.0,0.0,0.0
3,5,0.0,0.0,0.0
3,5,0.0,0.0,0.0
3,5,0.0,0.0,0.0
3,5,0.0,0.0,0.0
3,5,0.0,0.0,0.0
3,5,0.0,0.0,0.0
3,5,0.0,0.0,43.56
3,5,0.0,0.0,0.0
3,5,0.0,0.0,0.0
3,5,0.0,0.0,0.0
3,5,0.0,0.0,0.0
3,5,0.0,0.0,0.0
3,5,0.0,0.0,0.0
3,5,0.0,0.0,0.0
3,5,0.0,0.0,0.0
3,5,0.0,0.0,0.0
3,5,0.0,0.0,0.0
3,5,0.0,0.0,0.0
3,5,0.0,0.0,0.0
3,5,0.0,0.0,0.0
3,5,0.0,0.0,0.0
3,5,0.0,0.0,0.0
3,5,0.0,0.0,0.0
3,5,0.0,0.0,0.0
3,5,0.0,0.0,0.0
3,5,0.0,0.0,0.0
3,5,0.0,0.0,0.0
3,5,0.0,0.0,0.0
3,5,0.0,0.0,0.0
3,5,0.0,0.0,0.0
3,5,0.0,0.0,0.0
3,5,0.0,0.0,0.0
3,5,0.0,0.0,0.0
3,5,0.0,0.0,0.0
3,5,0.0,0.0,0.0
3,5,0.0,0.0,0.0
3,5,0.0,0.0,0.0
3,5,0.0,0.0,0.0
3,5,0.0,0.0,0.0
3,5,0.0,0.0,0.0
3,5,0.0,0.0,0.0
3,5,0.0,0.0,0.0
3,5,0.0,0.0,0.0
3,5,0.0,0.0,0.0
3,5,0.0,0.0,0.0
3,5,0.0,0.0,0.0
3,5,0.0,0.0,0.0
3,5,0.0,0.0,0.0
3,5,0.0,0.0,0.0
3,5,0.0,0.0,0.0
3,5,0.0,0.0,0.0
3,5,0.0,0.0,0.0
3,5,0.0,0.0,0.0
3,5,0.0,0.0,0.0
3,5,0.0,0.0,0.0
3,5,0.0,0.0,0.0
3,5,0.0,0.0,0.0
3,5,0.0,0.0,0.0
3,5,0.0,0.0,0.0
3,5,0.0,0.0,0.0
3,5,0.0,0.0,0.0
3,5,0.0,0.0,0.0
3,5,0.0,0.0,0.0
3,5,0.0,0.0,0.0
3,5,0.0,0.0,0.0
3,5,0.0,0.0,0.0
3,5,0.0,0.0,0.0
3,5,0.0,0.0,0.0
3,5,0.0,0.0,0.0
3,5,0.0,0.0,0.0
3,5,0.0,0.0,0.0
3,5,0.0,0.0,0.0
3,5,0.0,0.0,0.0
3,5,0.0,0.0,0.0
3,5,0.0,0.0,0.0
3,5,0.0,0.0,0.0
3,5,0.0,0.0,0.0
3,5,0.0,0.0,0.0
3,5,0.0,0.0,0.0
3,5,0.0,0.0,0.0
3,5,0.0,0.0,0.0
3,5,0.0,0.0,0.0
3,5,0.0,0.0,0.0
3,5,0.0,0.0,0.0
3,5,0.0,0.0,0.0
3,5,0.0,0.0,0.0
3,5,0.0,0.0,0.0
3,5,0.0,0.0,0.0
3,5,0.0,0.0,0.0
3,5,0.0,0.0,0.0
3,5,0.0,0.0,0.0
3,5,0.0,0.0,0.0
3,5,0.0,0.0,0.0
3,5,0.0,0.0,0.0
3,5,0.0,0.0,0.0
3,5,0.0,0.0,0.0
3,5,0.0,0.0,0.0
3,5,0.0,0.0,0.0
3,5,0.0,0.0,0.0
3,5,0.0,0.0,0.0
3,5,0.0,0.0,0.0
3,5,0.0,0.0,0.0
3,5,0.0,0.0,0.0
3,5,0.0,0.0,0.0
3,5,0.0,0.0,0.0
3,5,0.0,0.0,0.0
3,5,0.0,0.0,0.0
3,5,0.0,0.0,0.0
3,5,0.0,0.0,0.0
3,5,0.0,0.0,0.0
3,5,0.0,0.0,0.0
3,5,0.0,0.0,0.0
3,5,0.0,0.0,0.0
3,5,0.0,0.0,0.0
3,5,0.0,0.0,0.0
3,5,0.0,0.0,0.0
3,5,0.0,0.0,0.0
3,5,0.0,0.0,0.0
3,5,0.0,0.0,0.0
3,5,0.0,0.0,0.0
3,5,0.0,0.0,0.0
3,5,0.0,0.0,0.0
3,5,0.0,0.0,0.0
3,5,0.0,0.0,0.0
3,5,0.0,0.0,0.0
3,5,0.0,0.0,0.0
3,5,0.0,0.0,0.0
3,5,0.0,0.0,0.0
3,5,0.0,0.0,0.0
3,5,0.0,0.0,0.0
3,5,0.0,0.0,0.0
3,5,0.0,0.0,0.0
3,5,0.0,0.0,0.0
3,5,0.0,0.0,0.0
3,5,0.0,0.0,0.0
3,5,0.0,0.0,0.0
3,5,0.0,0.0,0.0
3,5,0.0,0.0,0.0
3,5,0.0,0.0,0.0
3,5,0.0,0.0,0.0
3,5,0.0,0.0,0.0
3,5,0.0,0.0,0.0
3,5,0.0,0.0,0.0
3,5,0.0,0.0,0.0
3,5,0.0,0.0,0.0
3,5,0.0,0.0,0.0
3,5,0.0,0.0,0.0
3,5,0.0,0.0,0.0
3,5,0.0,0.0,0.0
3,5,0.0,0.0,0.0
3,5,0.0,0.0,0.0
3,5,0.0,0.0,0.0
3,5,0.0,0.0,0.0
3,5,0.0,0.0,0.0
3,5,0.0,0.0,0.0
3,5,0.0,0.0,0.0
3,5,0.0,0.0,0.0
3,5,0.0,0.0,0.0
3,5,0.0,0.0,0.0
3,5,0.0,0.0,0.0
3,5,0.0,0.0,0.0
3,5,0.0,0.0,0.0
3,5,0.0,0.0,0.0
3,5,0.0,0.0,0.0
3,5,0.0,0.0,0.0
3,5,0.0,0.0,0.0
3,5,0.0,0.0,0.0
3,5,0.0,0.0,0.0
3,5,0.0,0.0,0.0
3,5,0.0,0.0,0.0
3,5,0.0,0.0,0.0
3,5,0.0,0.0,0.0
3,5,0.0,0.0,0.0
3,5,0.0,0.0,0.0
3,5,0.0,0.0,0.0
3,5,0.0,0.0,0.0
3,5,0.0,0.0,0.0
3,5,0.0,0.0,0.0
3,5,0.0,0.0,0.0
3,5,0.0,0.0,0.0
3,5,0.0,0.0,0.0
3,5,0.0,0.0,0.0
3,5,0.0,0.0,0.0
3,5,0.0,0.0,0.0
3,5,0.0,0.0,0.0
3,5,0.0,0.0,0.0
3,5,0.0,0.0,0.0
3,5,0.0,0.0,0.0
3,5,0.0,0.0,0.0
3,5,0.0,0.0,0.0
3,5,0.0,0.0,0.0
3,5,0.0,0.0,0.0
3,5,0.0,0.0,0.0
3,5,0.0,0.0,0.0
3,5,0.0,0.0,39.6
3,5,0.0,0.0,0.0
3,5,0.0,0.0,0.0
3,5,0.0,0.0,0.0
3,5,0.0,0.0,0.0
3,5,0.0,0.0,0.0
3,5,0.0,0.0,0.0
3,5,0.0,0.0,0.0
3,5,0.0,0.0,0.0
3,5,0.0,0.0,0.0
3,5,0.0,0.0,0.0
3,5,0.0,0.0,0.0
3,5,0.0,0.0,0.0
3,5,0.0,0.0,0.0
3,5,0.0,0.0,0.0
3,5,0.0,0.0,0.0
3,5,0.0,0.0,0.0
3,5,0.0,0.0,0.0
3,5,0.0,0.0,0.0
3,5,0.0,0.0,69.95999999999998
3,5,0.0,0.0,0.0
3,5,0.0,0.0,0.0
3,5,0.0,0.0,0.0
3,5,0.0,0.0,0.0
3,5,0.0,0.0,0.0
3,5,0.0,0.0,0.0
3,5,0.0,0.0,0.0
3,5,0.0,0.0,0.0
3,5,0.0,0.0,0.0
3,5,0.0,0.0,0.0
3,5,0.0,0.0,0.0
3,5,0.0,0.0,0.0
3,5,0.0,0.0,0.0
3,5,0.0,0.0,0.0
3,5,0.0,0.0,0.0
3,5,0.0,0.0,0.0
3,5,0.0,0.0,0.0
3,5,0.0,0.0,0.0
3,5,0.0,0.0,0.0
3,5,0.0,0.0,0.0
3,5,0.0,0.0,0.0
3,5,0.0,0.0,0.0
3,5,0.0,0.0,0.0
3,5,0.0,0.0,0.0
3,5,0.0,0.0,0.0
3,5,0.0,0.0,0.0
3,5,0.0,0.0,0.0
3,5,0.0,0.0,0.0
3,5,0.0,0.0,0.0
3,5,0.0,0.0,0.0
3,5,0.0,0.0,0.0
3,5,0.0,0.0,0.0
3,5,0.0,0.0,0.0
3,5,0.0,0.0,0.0
3,5,0.0,0.0,0.0
3,5,0.0,0.0,0.0
3,5,0.0,0.0,0.0
3,5,0.0,0.0,0.0
3,5,0.0,0.0,0.0
3,5,0.0,0.0,0.0
3,5,0.0,0.0,0.0
3,5,0.0,0.0,0.0
3,5,0.0,0.0,0.0
3,5,0.0,0.0,0.0
3,5,0.0,0.0,0.0
3,5,0.0,0.0,0.0
3,5,0.0,0.0,0.0
3,5,0.0,0.0,0.0
3,5,0.0,0.0,0.0
3,5,0.0,0.0,0.0
3,5,0.0,0.0,0.0
3,5,0.0,0.0,0.0
3,5,0.0,0.0,0.0
3,5,0.0,0.0,0.0
3,5,0.0,0.0,0.0
3,5,0.0,0.0,0.0
3,5,0.0,0.0,0.0
3,5,0.0,0.0,0.0
3,5,0.0,0.0,0.0
3,5,0.0,0.0,0.0
3,5,0.0,0.0,0.0
3,5,0.0,0.0,0.0
3,5,0.0,0.0,0.0
3,5,0.0,0.0,0.0
3,5,0.0,0.0,0.0
3,5,0.0,0.0,0.0
3,5,0.0,0.0,0.0
3,5,0.0,0.0,0.0
3,5,0.0,0.0,0.0
3,5,0.0,0.0,0.0
3,5,0.0,0.0,0.0
3,5,0.0,0.0,0.0
3,5,0.0,0.0,0.0
3,5,0.0,0.0,0.0
3,5,0.0,0.0,0.0
3,5,0.0,0.0,0.0
3,5,0.0,0.0,0.0
3,5,0.0,0.0,0.0
3,5,0.0,0.0,0.0
3,5,0.0,0.0,0.0
3,5,0.0,0.0,0.0
3,5,0.0,0.0,0.0
3,5,0.0,0.0,0.0
3,5,0.0,0.0,0.0
3,5,0.0,0.0,0.0
3,5,0.0,0.0,0.0
3,5,0.0,0.0,0.0
3,5,0.0,0.0,0.0
3,5,0.0,0.0,0.0
3,5,0.0,0.0,0.0
3,5,0.0,0.0,0.0
3,5,0.0,0.0,0.0
3,5,0.0,0.0,0.0
3,5,0.0,0.0,0.0
3,5,0.0,0.0,0.0
3,5,0.0,0.0,0.0
3,5,0.0,0.0,0.0
3,5,0.0,0.0,0.0
3,5,0.0,0.0,0.0
3,5,0.0,0.0,0.0
3,5,0.0,0.0,0.0
3,5,0.0,0.0,0.0
3,5,0.0,0.0,0.0
3,5,0.0,0.0,0.0
3,5,0.0,0.0,0.0
3,5,0.0,0.0,0.0
3,5,0.0,0.0,0.0
3,5,0.0,0.0,0.0
3,5,0.0,0.0,0.0
3,5,0.0,0.0,0.0
3,5,0.0,0.0,0.0
3,5,0.0,0.0,0.0
3,5,0.0,0.0,0.0
3,5,0.0,0.0,0.0
3,5,0.0,0.0,0.0
3,5,0.0,0.0,0.0
3,5,0.0,0.0,0.0
3,5,0.0,0.0,0.0
3,5,0.0,0.0,0.0
3,5,0.0,0.0,0.0
3,5,0.0,0.0,0.0
3,5,0.0,0.0,0.0
3,5,0.0,0.0,0.0
3,5,0.0,0.0,0.0
3,5,0.0,0.0,0.0
3,5,0.0,0.0,0.0
3,5,0.0,0.0,0.0
3,5,0.0,0.0,0.0
3,5,0.0,0.0,0.0
3,5,0.0,0.0,0.0
3,5,0.0,0.0,0.0
3,5,0.0,0.0,0.0
3,5,0.0,0.0,0.0
3,5,0.0,0.0,0.0
3,5,0.0,0.0,0.0
3,5,0.0,0.0,0.0
3,5,0.0,0.0,0.0
3,5,0.0,0.0,0.0
3,5,0.0,0.0,0.0
3,5,0.0,0.0,0.0
3,5,0.0,0.0,0.0
3,5,0.0,0.0,0.0
3,5,0.0,0.0,0.0
3,5,0.0,0.0,0.0
3,5,0.0,0.0,0.0
3,5,0.0,0.0,0.0
3,5,0.0,0.0,0.0
3,5,0.0,0.0,0.0
3,5,0.0,0.0,0.0
3,5,0.0,0.0,0.0
3,5,0.0,0.0,0.0
3,5,0.0,0.0,0.0
3,5,0.0,0.0,0.0
3,5,0.0,0.0,0.0
3,5,0.0,0.0,0.0
3,5,0.0,0.0,0.0
3,5,0.0,0.0,0.0
3,5,0.0,0.0,0.0
3,5,0.0,0.0,0.0
3,5,0.0,0.0,0.0
3,5,0.0,0.0,0.0
3,5,0.0,0.0,0.0
3,5,0.0,0.0,0.0
3,5,0.0,0.0,0.0
3,5,0.0,0.0,0.0
3,5,0.0,0.0,0.0
3,5,0.0,0.0,0.0
3,5,0.0,0.0,0.0
3,5,0.0,0.0,0.0
3,5,0.0,0.0,0.0
3,5,0.0,0.0,0.0
3,5,0.0,0.0,0.0
3,5,0.0,0.0,0.0
3,5,0.0,0.0,0.0
3,5,0.0,0.0,0.0
3,5,0.0,0.0,0.0
3,5,0.0,0.0,0.0
3,5,0.0,0.0,0.0
3,5,0.0,0.0,0.0
3,5,0.0,0.0,0.0
3,5,0.0,0.0,0.0
3,5,0.0,0.0,0.0
3,5,0.0,0.0,0.0
3,5,0.0,0.0,0.0
3,5,0.0,0.0,0.0
3,5,0.0,0.0,0.0
3,5,0.0,0.0,0.0
3,5,0.0,0.0,0.0
3,5,0.0,0.0,0.0
3,5,0.0,0.0,0.0
3,5,0.0,0.0,0.0
3,5,0.0,0.0,0.0
3,5,0.0,0.0,0.0
3,5,0.0,0.0,0.0
3,5,0.0,0.0,0.0
3,5,0.0,0.0,0.0
3,5,0.0,0.0,0.0
3,5,0.0,0.0,0.0
3,5,0.0,0.0,0.0
3,5,0.0,0.0,0.0
3,5,0.0,0.0,0.0
3,5,0.0,0.0,0.0
3,5,0.0,0.0,0.0
3,5,0.0,0.0,0.0
3,5,0.0,0.0,0.0
3,5,0.0,0.0,0.0
3,5,0.0,0.0,0.0
3,5,0.0,0.0,0.0
3,5,0.0,0.0,0.0
3,5,0.0,0.0,0.0
3,5,0.0,0.0,0.0
3,5,0.0,0.0,0.0
3,5,0.0,0.0,0.0
3,5,0.0,0.0,0.0
3,5,0.0,0.0,0.0
3,5,0.0,0.0,0.0
3,5,0.0,0.0,0.0
3,5,0.0,0.0,0.0
3,5,0.0,0.4225020053474644,30.360000000000003
3,5,0.0,0.0,0.0
3,5,0.0,0.0,0.0
3,5,0.0,0.0,0.0
3,5,0.0,0.0,0.0
3,5,0.0,0.0,0.0
3,5,0.0,0.0,0.0
3,5,0.0,0.0,0.0
3,5,0.0,0.0,0.0
3,5,0.0,0.0,0.0
3,5,0.0,0.0,0.0
3,5,0.0,0.0,0.0
3,5,0.0,0.0,0.0
3,5,0.0,0.0,0.0
3,5,0.0,0.0,0.0
3,5,0.0,0.0,0.0
3,5,0.0,0.0,0.0
3,5,0.0,0.0,0.0
3,5,0.0,0.0,0.0
3,5,0.0,0.0,0.0
3,5,0.0,0.0,0.0
3,5,0.0,0.0,0.0
3,5,0.0,0.0,0.0
3,5,0.0,0.0,0.0
3,5,0.0,0.0,0.0
3,5,0.0,0.0,0.0
3,5,0.0,0.0,0.0
3,5,0.0,0.0,0.0
3,5,0.0,0.0,0.0
3,5,0.0,0.0,0.0
3,5,0.0,0.0,0.0
3,5,0.0,0.0,0.0
3,5,0.0,0.0,0.0
3,5,0.0,0.0,0.0
3,5,0.0,0.0,0.0
3,5,0.0,0.0,0.0
3,5,0.0,0.0,0.0
3,5,0.0,0.0,0.0
3,5,0.0,0.0,0.0
3,5,0.0,0.0,0.0
3,5,0.0,0.0,0.0
3,5,0.0,0.0,0.0
3,5,0.0,0.0,0.0
3,5,0.0,0.0,0.0
3,5,0.0,0.0,0.0
3,5,0.0,0.0,0.0
3,5,0.0,0.0,0.0
3,5,0.0,0.0,0.0
3,5,0.0,0.0,0.0
3,5,0.0,0.0,0.0
3,5,0.0,0.0,0.0
3,5,0.0,0.0,0.0
3,5,0.0,0.0,0.0
3,5,0.0,0.0,0.0
3,5,0.0,0.0,0.0
3,5,0.0,0.0,0.0
3,5,0.0,0.0,0.0
3,5,0.0,0.0,0.0
3,5,0.0,0.0,0.0
3,5,0.0,0.0,0.0
3,5,0.0,0.0,0.0
3,5,0.0,0.0,0.0
3,5,0.0,0.0,0.0
3,5,0.0,0.0,0.0
3,5,0.0,0.0,0.0
3,5,0.0,0.0,0.0
3,5,0.0,0.0,0.0
3,5,0.0,0.0,0.0
3,5,0.0,0.0,0.0
3,5,0.0,0.0,0.0
3,5,0.0,0.0,0.0
3,5,0.0,0.0,0.0
3,5,0.0,0.0,0.0
3,5,0.0,0.0,0.0
3,5,0.0,0.0,0.0
3,5,0.0,0.0,0.0
3,5,0.0,0.0,0.0
3,5,0.0,0.0,0.0
3,5,0.0,0.0,0.0
3,5,0.0,0.0,0.0
3,5,0.0,0.0,0.0
3,5,0.0,0.0,0.0
3,5,0.0,0.0,0.0
3,5,0.0,0.0,0.0
3,5,0.0,0.0,0.0
3,5,0.0,0.0,0.0
3,5,0.0,0.0,0.0
3,5,0.0,0.0,0.0
3,5,0.0,0.0,0.0
3,5,0.0,0.0,0.0
3,5,0.0,0.0,0.0
3,5,0.0,0.0,0.0
3,5,0.0,0.0,0.0
3,5,0.0,0.0,0.0
3,5,0.0,0.0,0.0
3,5,0.0,0.0,0.0
3,5,0.0,0.0,0.0
3,5,0.0,0.0,0.0
3,5,0.0,0.0,0.0
3,5,0.0,0.0,0.0
3,5,0.0,0.0,0.0
3,5,0.0,0.0,0.0
3,5,0.0,0.0,0.0
3,5,0.0,0.0,0.0
3,5,0.0,0.0,0.0
3,5,0.0,0.0,0.0
3,5,0.0,0.0,0.0
3,5,0.0,0.0,0.0
3,5,0.0,0.0,0.0
3,5,0.0,0.0,0.0
3,5,0.0,0.0,0.0
3,5,0.0,0.0,0.0
3,5,0.0,0.0,0.0
3,5,0.0,0.0,0.0
3,5,0.0,0.0,0.0
3,5,0.0,0.0,0.0
3,5,0.0,0.0,0.0
3,5,0.0,0.0,0.0
3,5,0.0,0.0,0.0
3,5,0.0,0.0,0.0
3,5,0.0,0.0,0.0
3,5,0.0,0.0,0.0
3,5,0.0,0.0,0.0
3,5,0.0,0.0,0.0
3,5,0.0,0.0,0.0
3,5,0.0,0.0,0.0
3,5,0.0,0.0,0.0
3,5,0.0,0.0,0.0
3,5,0.0,0.0,0.0
3,5,0.0,0.0,0.0
3,5,0.0,0.0,0.0
3,5,0.0,0.0,0.0
3,5,0.0,0.0,0.0
3,5,0.0,0.0,0.0
3,5,0.0,0.0,0.0
3,5,0.0,0.0,0.0
3,5,0.0,0.0,0.0
3,5,0.0,0.0,0.0
3,5,0.0,0.0,0.0
3,5,0.0,0.0,0.0
3,5,0.0,0.0,0.0
3,5,0.0,0.0,0.0
3,5,0.0,0.0,0.0
3,5,0.0,0.0,0.0
3,5,0.0,0.0,0.0
3,5,0.0,0.0,0.0
3,5,0.0,0.0,0.0
3,5,0.0,0.0,0.0
3,5,0.0,0.0,0.0
3,5,0.0,0.0,0.0
3,5,0.0,0.0,0.0
3,5,0.0,0.0,0.0
3,5,0.0,0.0,0.0
3,5,0.0,0.0,0.0
3,5,0.0,0.0,0.0
3,5,0.0,0.0,0.0
3,5,0.0,0.0,0.0
3,5,0.0,0.0,0.0
3,5,0.0,0.0,0.0
3,5,0.0,0.0,0.0
3,5,0.0,0.0,0.0
3,5,0.0,0.0,0.0
3,5,0.0,0.0,0.0
3,5,0.0,0.0,0.0
3,5,0.0,0.0,0.0
3,5,0.0,0.0,0.0
3,5,0.0,0.0,0.0
3,5,0.0,0.0,0.0
3,5,0.0,0.0,0.0
3,5,0.0,0.0,0.0
3,5,0.0,0.0,0.0
3,5,0.0,0.0,0.0
3,5,0.0,0.0,0.0
3,5,0.0,0.0,0.0
3,5,0.0,0.0,0.0
3,5,0.0,0.0,0.0
3,5,0.0,0.0,0.0
3,5,0.0,0.0,0.0
3,5,0.0,0.0,0.0
3,5,0.0,0.0,0.0
3,5,0.0,0.0,0.0
3,5,0.0,0.0,0.0
3,5,0.0,0.0,0.0
3,5,0.0,0.0,0.0
3,5,0.0,0.0,0.0
3,5,0.0,0.0,0.0
3,5,0.0,0.0,0.0
3,5,0.0,0.0,0.0
3,5,0.0,0.0,0.0
3,5,0.0,0.0,0.0
3,5,0.0,0.0,0.0
3,5,0.0,0.0,0.0
3,5,0.0,0.0,0.0
3,5,0.0,0.0,0.0
3,5,0.0,0.0,0.0
3,5,0.0,0.0,0.0
3,5,0.0,0.0,0.0
3,5,0.0,0.0,0.0
3,5,0.0,0.0,0.0
3,5,0.0,0.0,0.0
3,5,0.0,0.0,0.0
3,5,0.0,0.0,0.0
3,5,0.0,0.0,0.0
3,5,0.0,0.0,0.0
3,5,0.0,0.0,0.0
3,5,0.0,0.0,0.0
3,5,0.0,0.0,0.0
3,5,0.0,0.0,0.0
3,5,0.0,0.0,0.0
3,5,0.0,0.0,0.0
3,5,0.0,0.0,0.0
3,5,0.0,0.0,0.0
3,5,0.0,0.0,0.0
3,5,0.0,0.0,0.0
3,5,0.0,0.0,0.0
3,5,0.0,0.0,0.0
3,5,0.0,0.0,0.0
3,5,0.0,0.0,0.0
3,5,0.0,0.0,0.0
3,5,0.0,0.0,0.0
3,5,0.0,0.0,0.0
3,5,0.0,0.0,0.0
3,5,0.0,0.0,0.0
3,5,0.0,0.0,0.0
3,5,0.0,0.0,0.0
3,5,0.0,0.0,0.0
3,5,0.0,0.0,0.0
3,5,0.0,0.0,0.0
3,5,0.0,0.0,0.0
3,5,0.0,0.0,0.0
3,5,0.0,0.0,0.0
3,5,0.0,0.0,0.0
3,5,0.0,0.0,0.0
3,5,0.0,0.0,0.0
3,5,0.0,0.0,0.0
3,5,0.0,0.0,0.0
3,5,0.0,0.0,0.0
3,5,0.0,0.0,0.0
3,5,0.0,0.0,0.0
3,5,0.0,0.0,0.0
3,5,0.0,0.0,0.0
3,5,0.0,0.0,0.0
3,5,0.0,0.0,0.0
3,5,0.0,0.0,0.0
3,5,0.0,0.0,0.0
3,5,0.0,0.0,0.0
3,5,0.0,0.0,0.0
3,5,0.0,0.0,0.0
3,5,0.0,0.0,0.0
3,5,0.0,0.0,0.0
3,5,0.0,0.0,0.0
3,5,0.0,0.0,0.0
3,5,0.0,0.0,0.0
3,5,0.0,0.0,0.0
3,5,0.0,0.0,0.0
3,5,0.0,0.0,0.0
3,5,0.0,0.0,0.0
3,5,0.0,0.0,0.0
3,5,0.0,0.0,0.0
3,5,0.0,0.0,0.0
3,5,0.0,0.0,0.0
3,5,0.0,0.0,0.0
3,5,0.0,0.0,0.0
3,5,0.0,0.0,0.0
3,5,0.0,0.0,0.0
3,5,0.0,0.0,0.0
3,5,0.0,0.0,0.0
3,5,0.0,0.0,0.0
3,5,0.0,0.0,0.0
3,5,0.0,0.0,0.0
3,5,0.0,0.0,0.0
3,5,0.0,0.0,0.0
3,5,0.0,0.0,0.0
3,5,0.0,0.0,0.0
3,5,0.0,0.0,0.0
3,5,0.0,0.0,0.0
3,5,0.0,0.0,0.0
3,5,0.0,0.0,0.0
3,5,0.0,0.0,0.0
3,5,0.0,0.0,0.0
3,5,0.0,0.0,0.0
3,5,0.0,0.0,0.0
3,5,0.0,0.0,0.0
3,5,0.0,0.0,0.0
3,5,0.0,0.0,0.0
3,5,0.0,0.0,0.0
3,5,0.0,0.0,0.0
3,5,0.0,0.0,0.0
3,5,0.0,0.0,0.0
3,5,0.0,0.0,0.0
3,5,0.0,0.0,0.0
3,5,0.0,0.0,0.0
3,5,0.0,0.0,0.0
3,5,0.0,0.0,0.0
3,5,0.0,0.0,0.0
3,5,0.0,0.0,0.0
3,5,0.0,0.0,0.0
3,5,0.0,0.0,0.0
3,5,0.0,0.0,0.0
3,5,0.0,0.0,0.0
3,5,0.0,0.0,0.0
3,5,0.0,0.0,0.0
3,5,0.0,0.0,0.0
3,5,0.0,0.0,0.0
3,5,0.0,0.0,0.0
3,5,0.0,0.0,0.0
3,5,0.0,0.0,0.0
3,5,0.0,0.0,0.0
3,5,0.0,0.0,0.0
3,5,0.0,0.0,0.0
3,5,0.0,0.0,0.0
3,5,0.0,0.0,0.0
3,5,0.0,0.0,0.0
3,5,0.0,0.0,0.0
3,5,0.0,0.0,0.0
3,5,0.0,0.0,0.0
3,5,0.0,0.0,0.0
3,5,0.0,0.0,0.0
3,5,0.0,0.0,0.0
3,5,0.0,0.0,0.0
3,5,0.0,0.0,0.0
3,5,0.0,0.0,0.0
3,5,0.0,0.0,0.0
3,5,0.0,0.0,0.0
3,5,0.0,0.0,0.0
3,5,0.0,0.0,0.0
3,5,0.0,0.0,0.0
3,5,0.0,0.0,0.0
3,5,0.0,0.0,0.0
3,5,0.0,0.0,0.0
3,5,0.0,0.0,0.0
3,5,0.0,0.0,0.0
3,5,0.0,0.0,0.0
3,5,0.0,0.0,0.0
3,5,0.0,0.0,0.0
3,5,0.0,0.0,0.0
3,5,0.0,0.0,0.0
3,5,0.0,0.0,0.0
3,5,0.0,0.0,0.0
3,5,0.0,0.0,0.0
3,5,0.0,0.0,0.0
3,5,0.0,0.0,0.0
3,5,0.0,0.0,0.0
3,5,0.0,0.0,0.0
3,5,0.0,0.0,0.0
3,5,0.0,0.0,0.0
3,5,0.0,0.0,0.0
3,5,0.0,0.0,0.0
3,5,0.0,0.0,0.0
3,5,0.0,0.0,0.0
3,5,0.0,0.0,0.0
3,5,0.0,0.0,0.0
3,5,0.0,0.0,0.0
3,5,0.0,0.0,0.0
3,5,0.0,0.0,0.0
3,5,0.0,0.0,0.0
3,5,0.0,0.0,0.0
3,5,0.0,0.0,0.0
3,5,0.0,0.0,0.0
3,5,0.0,0.0,0.0
3,5,0.0,0.0,0.0
3,5,0.0,0.0,0.0
3,5,0.0,0.0,0.0
3,5,0.0,0.0,0.0
3,5,0.0,0.0,0.0
3,5,0.0,0.0,0.0
3,5,0.0,0.0,0.0
3,5,0.0,0.0,0.0
3,5,0.0,0.0,0.0
3,5,0.0,0.0,0.0
3,5,0.0,0.0,0.0
3,5,0.0,0.0,0.0
3,5,0.0,0.0,0.0
3,5,0.0,0.0,0.0
3,5,0.0,0.0,0.0
3,5,0.0,0.0,0.0
3,5,0.0,0.0,14.520000000000001
3,5,0.0,0.0,0.0
3,5,0.0,0.0,0.0
3,5,0.0,0.0,0.0
3,5,0.0,0.0,0.0
3,5,0.0,0.0,0.0
3,5,0.0,0.0,0.0
3,5,0.0,0.0,0.0
3,5,0.0,0.0,0.0
3,5,0.0,0.0,0.0
3,5,0.0,0.0,0.0
3,5,0.0,0.0,0.0
3,5,0.0,0.0,0.0
3,5,0.0,0.0,0.0
3,5,0.0,0.0,0.0
3,5,0.0,0.0,0.0
3,5,0.0,0.0,0.0
3,5,0.0,0.0,0.0
3,5,0.0,0.0,0.0
3,5,0.0,0.0,0.0
3,5,0.0,0.0,0.0
3,5,0.0,0.0,0.0
3,5,0.0,0.0,0.0
3,5,0.0,0.0,0.0
3,5,0.0,0.0,0.0
3,5,0.0,0.0,0.0
3,5,0.0,0.0,0.0
3,5,0.0,0.0,0.0
3,5,0.0,0.0,0.0
3,5,0.0,0.0,0.0
3,5,0.0,0.0,0.0
3,5,0.0,0.0,0.0
3,5,0.0,0.0,0.0
3,5,0.0,0.0,0.0
3,5,0.0,0.0,0.0
3,5,0.0,0.0,0.0
3,5,0.0,0.0,0.0
3,5,0.0,0.0,0.0
3,5,0.0,0.0,0.0
3,5,0.0,0.0,0.0
3,5,0.0,0.0,0.0
3,5,0.0,0.0,0.0
3,5,0.0,0.0,0.0
3,5,0.0,0.0,0.0
3,5,0.0,0.0,0.0
3,5,0.0,0.0,0.0
3,5,0.0,0.0,0.0
3,5,0.0,0.0,0.0
3,5,0.0,0.0,0.0
3,5,0.0,0.0,0.0
3,5,0.0,0.0,0.0
3,5,0.0,0.0,0.0
3,5,0.0,0.0,0.0
3,5,0.0,0.0,0.0
3,5,0.0,0.0,0.0
3,5,0.0,0.0,0.0
3,5,0.0,0.0,0.0
3,5,0.0,0.0,0.0
3,5,0.0,0.0,0.0
3,5,0.0,0.0,0.0
3,5,0.0,0.0,0.0
3,5,0.0,0.0,0.0
3,5,0.0,0.0,0.0
3,5,0.0,0.0,0.0
3,5,0.0,0.0,0.0
3,5,0.0,0.0,0.0
3,5,0.0,0.0,0.0
3,5,0.0,0.0,0.0
3,5,0.0,0.0,0.0
3,5,0.0,0.0,0.0
3,5,0.0,0.0,0.0
3,5,0.0,0.0,0.0
3,5,0.0,0.0,0.0
3,5,0.0,0.0,0.0
3,5,0.0,0.0,0.0
3,5,0.0,0.0,0.0
3,5,0.0,0.0,0.0
3,5,0.0,0.0,0.0
3,5,0.0,0.0,0.0
3,5,0.0,0.0,0.0
3,5,0.0,0.0,0.0
3,5,0.0,0.0,0.0
3,5,0.0,0.0,0.0
3,5,0.0,0.0,0.0
3,5,0.0,0.0,0.0
3,5,0.0,0.0,0.0
3,5,0.0,0.0,0.0
3,5,0.0,0.0,0.0
3,5,0.0,0.0,0.0
3,5,0.0,0.0,0.0
3,5,0.0,0.0,0.0
3,5,0.0,0.0,0.0
3,5,0.0,0.0,0.0
3,5,0.0,0.0,0.0
3,5,0.0,0.0,0.0
3,5,0.0,0.0,0.0
3,5,0.0,0.0,0.0
3,5,0.0,0.0,0.0
3,5,0.0,0.0,0.0
3,5,0.0,0.0,0.0
3,5,0.0,0.0,0.0
3,5,0.0,0.0,0.0
3,5,0.0,0.0,0.0
3,5,0.0,0.0,0.0
3,5,0.0,0.0,0.0
3,5,0.0,0.0,0.0
3,5,0.0,0.0,72.59999999999997
3,5,0.0,0.0,0.0
3,5,0.0,0.0,0.0
3,5,0.0,0.0,0.0
3,5,0.0,0.0,0.0
3,5,0.0,0.0,0.0
3,5,0.0,0.0,0.0
3,5,0.0,0.0,0.0
3,5,0.0,0.0,0.0
3,5,0.0,0.0,0.0
3,5,0.0,0.0,0.0
3,5,0.0,0.0,0.0
3,5,0.0,0.0,0.0
3,5,0.0,0.0,0.0
3,5,0.0,0.0,0.0
3,5,0.0,0.0,0.0
3,5,0.0,0.0,0.0
3,5,0.0,0.0,0.0
3,5,0.0,0.0,0.0
3,5,0.0,0.0,0.0
3,5,0.0,0.0,0.0
3,5,0.0,0.0,0.0
3,5,0.0,0.0,0.0
3,5,0.0,0.0,0.0
3,5,0.0,0.0,0.0
3,5,0.0,0.0,0.0
3,5,0.0,0.0,0.0
3,5,0.0,0.0,0.0
3,5,0.0,0.0,0.0
3,5,0.0,0.0,0.0
3,5,0.0,0.0,0.0
3,5,0.0,0.0,0.0
3,5,0.0,0.0,0.0
3,5,0.0,0.0,0.0
3,5,0.0,0.0,0.0
3,5,0.0,0.0,0.0
3,5,0.0,0.0,0.0
3,5,0.0,0.0,0.0
3,5,0.0,0.0,0.0
3,5,0.0,0.0,0.0
3,5,0.0,0.0,0.0
3,5,0.0,0.0,0.0
3,5,0.0,0.0,0.0
3,5,0.0,0.0,47.52
3,5,0.0,0.0,0.0
3,5,0.0,0.0,0.0
3,5,0.0,0.0,0.0
3,5,0.0,0.0,0.0
3,5,0.0,0.0,0.0
3,5,0.0,0.0,0.0
3,5,0.0,0.0,0.0
3,5,0.0,0.0,0.0
3,5,0.0,0.0,0.0
3,5,0.0,0.0,0.0
3,5,0.0,0.0,0.0
3,5,0.0,0.0,0.0
3,5,0.0,0.0,0.0
3,5,0.0,0.0,0.0
3,5,0.0,0.0,0.0
3,5,0.0,0.0,0.0
3,5,0.0,0.0,0.0
3,5,0.0,0.0,0.0
3,5,0.0,0.0,0.0
3,5,0.0,0.0,0.0
3,5,0.0,0.0,0.0
3,5,0.0,0.0,0.0
3,5,0.0,0.0,0.0
3,5,0.0,0.0,0.0
3,5,0.0,0.0,0.0
3,5,0.0,0.0,0.0
3,5,0.0,0.0,0.0
3,5,0.0,0.0,0.0
3,5,0.0,0.0,0.0
3,5,0.0,0.0,0.0
3,5,0.0,0.0,0.0
3,5,0.0,0.0,0.0
3,5,0.0,0.0,0.0
3,5,0.0,0.0,0.0
3,5,0.0,0.0,0.0
3,5,0.0,0.0,0.0
3,5,0.0,0.0,0.0
3,5,0.0,0.0,0.0
3,5,0.0,0.0,0.0
3,5,0.0,0.0,0.0
3,5,0.0,0.0,0.0
3,5,0.0,0.0,0.0
3,5,0.0,0.0,0.0
3,5,0.0,0.0,0.0
3,5,0.0,0.0,0.0
3,5,0.0,0.0,0.0
3,5,0.0,0.0,0.0
3,5,0.0,0.0,0.0
3,5,0.0,0.0,0.0
3,5,0.0,0.0,0.0
3,5,0.0,0.0,0.0
3,5,0.0,0.0,0.0
3,5,0.0,0.0,0.0
3,5,0.0,0.0,0.0
3,5,0.0,0.0,0.0
3,5,0.0,0.0,0.0
3,5,0.0,0.0,0.0
3,5,0.0,0.0,0.0
3,5,0.0,0.0,0.0
3,5,0.0,0.0,0.0
3,5,0.0,0.0,0.0
3,5,0.0,0.0,0.0
3,5,0.0,0.0,0.0
3,5,0.0,0.0,0.0
3,5,0.0,0.0,0.0
3,5,0.0,0.0,0.0
3,5,0.0,0.0,0.0
3,5,0.0,0.0,0.0
3,5,0.0,0.0,0.0
3,5,0.0,0.0,0.0
3,5,0.0,0.0,0.0
3,5,0.0,0.0,0.0
3,5,0.0,0.0,0.0
3,5,0.0,0.0,0.0
3,5,0.0,0.0,0.0
3,5,0.0,0.0,0.0
3,5,0.0,0.0,0.0
3,5,0.0,0.0,0.0
3,5,0.0,0.0,0.0
3,5,0.0,0.0,0.0
3,5,0.0,0.0,0.0
3,5,0.0,0.0,0.0
3,5,0.0,0.0,0.0
3,5,0.0,0.0,0.0
3,5,0.0,0.0,0.0
3,5,0.0,0.0,0.0
3,5,0.0,0.0,0.0
3,5,0.0,0.0,0.0
3,5,0.0,0.0,0.0
3,5,0.0,0.0,0.0
3,5,0.0,0.0,0.0
3,5,0.0,0.0,0.0
3,5,0.0,0.0,0.0
3,5,0.0,0.0,0.0
3,5,0.0,0.0,0.0
3,5,0.0,0.0,0.0
3,5,0.0,0.0,0.0
3,5,0.0,0.0,0.0
3,5,0.0,0.0,0.0
3,5,0.0,0.0,0.0
3,5,0.0,0.0,0.0
3,5,0.0,0.0,0.0
3,5,0.0,0.0,0.0
3,5,0.0,0.0,0.0
3,5,0.0,0.0,0.0
3,5,0.0,0.0,0.0
3,5,0.0,0.0,0.0
3,5,0.0,0.0,0.0
3,5,0.0,0.0,0.0
3,5,0.0,0.0,0.0
3,5,0.0,0.0,0.0
3,5,0.0,0.0,0.0
3,5,0.0,0.0,0.0
3,5,0.0,0.0,0.0
3,5,0.0,0.0,0.0
3,5,0.0,0.0,0.0
3,5,0.0,0.0,0.0
3,5,0.0,0.0,0.0
3,5,0.0,0.0,0.0
3,5,0.0,0.0,0.0
3,5,0.0,0.0,0.0
3,5,0.0,0.0,0.0
3,5,0.0,0.0,0.0
3,5,0.0,0.0,0.0
3,5,0.0,0.0,0.0
3,5,0.0,0.0,0.0
3,5,0.0,0.0,0.0
3,5,0.0,0.0,0.0
3,5,0.0,0.0,0.0
3,5,0.0,0.0,0.0
3,5,0.0,0.0,0.0
3,5,0.0,0.0,0.0
3,5,0.0,0.0,0.0
3,5,0.0,0.0,0.0
3,5,0.0,0.0,0.0
3,5,0.0,0.0,0.0
3,5,0.0,0.0,0.0
3,5,0.0,0.0,0.0
3,5,0.0,0.0,0.0
3,5,0.0,0.0,0.0
3,5,0.0,0.0,0.0
3,5,0.0,0.0,0.0
3,5,0.0,0.0,0.0
3,5,0.0,0.0,0.0
3,5,0.0,0.0,0.0
3,5,0.0,0.0,0.0
3,5,0.0,0.0,0.0
3,5,0.0,0.0,0.0
3,5,0.0,0.0,0.0
3,5,0.0,0.0,0.0
3,5,0.0,0.0,0.0
3,5,0.0,0.0,0.0
3,5,0.0,0.0,0.0
3,5,0.0,0.0,0.0
3,5,0.0,0.0,0.0
3,5,0.0,0.0,0.0
3,5,0.0,0.0,0.0
3,5,0.0,0.0,0.0
3,5,0.0,0.0,0.0
3,5,0.0,0.0,0.0
3,5,0.0,0.0,0.0
3,5,0.0,0.0,0.0
3,5,0.0,0.0,0.0
3,5,0.0,0.0,0.0
3,5,0.0,0.0,0.0
3,5,0.0,0.0,0.0
3,5,0.0,0.0,0.0
3,5,0.0,0.0,0.0
3,5,0.0,0.0,0.0
3,5,0.0,0.0,0.0
3,5,0.0,0.0,0.0
3,5,0.0,0.0,0.0
3,5,0.0,0.0,0.0
3,5,0.0,0.0,0.0
3,5,0.0,0.0,0.0
3,5,0.0,0.0,0.0
3,5,0.0,0.0,0.0
3,5,0.0,0.0,0.0
3,5,0.0,0.0,0.0
3,5,0.0,0.0,0.0
3,5,0.0,0.0,0.0
3,5,0.0,0.0,0.0
3,5,0.0,0.0,0.0
3,5,0.0,0.0,0.0
3,5,0.0,0.0,0.0
3,5,0.0,0.0,0.0
3,5,0.0,0.0,0.0
3,5,0.0,0.0,0.0
3,5,0.0,0.0,0.0
3,5,0.0,0.0,0.0
3,5,0.0,0.0,0.0
3,5,0.0,0.0,0.0
3,5,0.0,0.0,0.0
3,5,0.0,0.0,0.0
3,5,0.0,0.0,0.0
3,5,0.0,0.0,0.0
3,5,0.0,0.0,0.0
3,5,0.0,0.0,0.0
3,5,0.0,0.0,0.0
3,5,0.0,0.0,0.0
3,5,0.0,0.0,0.0
3,5,0.0,0.0,0.0
3,5,0.0,0.0,0.0
3,5,0.0,0.0,0.0
3,5,0.0,0.0,0.0
3,5,0.0,0.0,0.0
3,5,0.0,0.0,0.0
3,5,0.0,0.0,0.0
3,5,0.0,0.0,0.0
3,5,0.0,0.0,0.0
3,5,0.0,0.0,0.0
3,5,0.00316318924690151,0.0,14.520000000000001
3,5,0.0,0.0,0.0
3,5,0.0,0.0,0.0
3,5,0.0,0.0,0.0
3,5,0.0,0.0,0.0
3,5,0.0,0.0,0.0
3,5,0.0,0.0,0.0
3,5,0.0,0.0,0.0
3,5,0.0,0.0,0.0
3,5,0.0,0.0,0.0
3,5,0.0,0.0,0.0
3,5,0.0,0.0,0.0
3,5,0.0,0.0,0.0
3,5,0.0,0.0,0.0
3,5,0.0,0.0,0.0
3,5,0.0,0.0,0.0
3,5,0.0,0.0,0.0
3,5,0.0,0.0,0.0
3,5,0.0,0.0,0.0
3,5,0.0,0.0,0.0
3,5,0.0,0.0,0.0
3,5,0.0,0.0,0.0
3,5,0.0,0.0,0.0
3,5,0.0,0.0,0.0
3,5,0.0,0.0,0.0
3,5,0.0,0.0,0.0
3,5,0.0,0.0,0.0
3,5,0.0,0.0,0.0
3,5,0.0,0.0,0.0
3,5,0.0,0.0,0.0
3,5,0.0,0.0,0.0
3,5,0.0,0.0,0.0
3,5,0.0,0.0,0.0
3,5,0.0,0.0,0.0
3,5,0.0,0.0,0.0
3,5,0.0,0.0,0.0
3,5,0.0,0.0,0.0
3,5,0.0,0.0,0.0
3,5,0.0,0.0,0.0
3,5,0.0,0.0,0.0
3,5,0.0,0.0,0.0
3,5,0.0,0.0,0.0
3,5,0.0,0.0,0.0
3,5,0.0,0.0,0.0
3,5,0.0,0.0,0.0
3,5,0.0,0.0,0.0
3,5,0.0,0.0,0.0
3,5,0.0,0.0,0.0
3,5,0.0,0.0,0.0
3,5,0.0,0.0,0.0
3,5,0.0,0.0,0.0
3,5,0.0,0.0,0.0
3,5,0.0,0.0,0.0
3,5,0.0,0.0,0.0
3,5,0.0,0.0,0.0
3,5,0.0,0.0,0.0
3,5,0.0,0.0,0.0
3,5,0.0,0.0,0.0
3,5,0.0,0.0,0.0
3,5,0.0,0.0,0.0
3,5,0.0,0.0,0.0
3,5,0.0,0.0,0.0
3,5,0.0,0.0,0.0
3,5,0.0,0.0,0.0
3,5,0.0,0.0,0.0
3,5,0.0,0.0,0.0
3,5,0.0,0.0,0.0
3,5,0.0,0.0,0.0
3,5,0.0,0.0,0.0
3,5,0.0,0.0,0.0
3,5,0.0,0.0,0.0
3,5,0.0,0.0,0.0
3,5,0.0,0.0,0.0
3,5,0.0,0.0,0.0
3,5,0.0,0.0,0.0
3,5,0.0,0.0,0.0
3,5,0.0,0.0,0.0
3,5,0.0,0.0,0.0
3,5,0.0,0.0,0.0
3,5,0.0,0.0,0.0
3,5,0.0,0.0,0.0
3,5,0.0,0.0,0.0
3,5,0.0,0.0,0.0
3,5,0.0,0.0,0.0
3,5,0.0,0.0,0.0
3,5,0.0,0.0,0.0
3,5,0.0,0.0,0.0
3,5,0.0,0.0,0.0
3,5,0.0,0.0,0.0
3,5,0.0,0.0,0.0
3,5,0.0,0.0,0.0
3,5,0.0,0.0,0.0
3,5,0.0,0.0,0.0
3,5,0.0,0.0,0.0
3,5,0.0,0.0,0.0
3,5,0.0,0.0,0.0
3,5,0.0,0.0,0.0
3,5,0.0,0.0,0.0
3,5,0.0,0.0,0.0
3,5,0.0,0.0,0.0
3,5,0.0,0.0,0.0
3,5,0.0,0.0,0.0
3,5,0.0,0.0,0.0
3,5,0.0,0.0,0.0
3,5,0.0,0.0,0.0
3,5,0.0,0.0,0.0
3,5,0.0,0.0,0.0
3,5,0.0,0.0,0.0
3,5,0.0,0.0,0.0
3,5,0.0,0.0,0.0
3,5,0.0,0.0,0.0
3,5,0.0,0.0,0.0
3,5,0.0,0.0,0.0
3,5,0.0,0.0,0.0
3,5,0.0,0.0,0.0
3,5,0.0,0.0,0.0
3,5,0.0,0.0,0.0
3,5,0.0,0.0,0.0
3,5,0.0,0.0,0.0
3,5,0.0,0.0,0.0
3,5,0.0,0.0,0.0
3,5,0.0,0.0,0.0
3,5,0.0,0.0,0.0
3,5,0.0,0.0,0.0
3,5,0.0,0.0,0.0
3,5,0.0,0.0,0.0
3,5,0.0,0.0,0.0
3,5,0.0,0.0,0.0
3,5,0.0,0.0,0.0
3,5,0.0,0.0,0.0
3,5,0.0,0.0,0.0
3,5,0.0,0.0,0.0
3,5,0.0,0.0,0.0
3,5,0.0,0.0,0.0
3,5,0.0,0.0,0.0
3,5,0.0,0.0,0.0
3,5,0.0,0.0,0.0
3,5,0.0,0.0,0.0
3,5,0.0,0.0,0.0
3,5,0.0,0.0,0.0
3,5,0.0,0.0,0.0
3,5,0.0,0.0,0.0
3,5,0.0,0.0,0.0
3,5,0.0,0.0,0.0
3,5,0.0,0.0,0.0
3,5,0.0,0.0,0.0
3,5,0.0,0.0,0.0
3,5,0.0,0.0,0.0
3,5,0.0,0.0,0.0
3,5,0.0,0.0,0.0
3,5,0.0,0.0,0.0
3,5,0.0,0.0,0.0
3,5,0.0,0.0,0.0
3,5,0.0,0.0,0.0
3,5,0.0,0.0,0.0
3,5,0.0,0.0,0.0
3,5,0.0,0.0,0.0
3,5,0.0,0.0,0.0
3,5,0.0,0.0,0.0
3,5,0.0,0.0,0.0
3,5,0.0,0.0,0.0
3,5,0.0,0.0,0.0
3,5,0.0,0.0,0.0
3,5,0.0,0.0,0.0
3,5,0.0,0.0,0.0
3,5,0.0,0.0,0.0
3,5,0.0,0.0,0.0
3,5,0.0,0.0,0.0
3,5,0.0,0.0,0.0
3,5,0.0,0.0,0.0
3,5,0.0,0.0,0.0
3,5,0.0,0.0,0.0
3,5,0.0,0.0,0.0
3,5,0.0,0.0,0.0
3,5,0.0,0.0,0.0
3,5,0.0,0.0,0.0
3,5,0.0,0.0,0.0
3,5,0.0,0.0,0.0
3,5,0.0,0.0,0.0
3,5,0.0,0.0,0.0
3,5,0.0,0.0,0.0
3,5,0.0,0.0,0.0
3,5,0.0,0.0,0.0
3,5,0.0,0.0,0.0
3,5,0.0,0.0,0.0
3,5,0.0,0.0,0.0
3,5,0.0,0.0,0.0
3,5,0.0,0.0,0.0
3,5,0.0,0.0,0.0
3,5,0.0,0.0,0.0
3,5,0.0,0.0,0.0
3,5,0.0,0.0,0.0
3,5,0.0,0.0,0.0
3,5,0.0,0.0,0.0
3,5,0.0,0.0,0.0
3,5,0.0,0.0,0.0
3,5,0.0,0.0,0.0
3,5,0.0,0.0,0.0
3,5,0.0,0.0,0.0
3,5,0.0,0.0,0.0
3,5,0.0,0.0,0.0
3,5,0.0,0.0,0.0
3,5,0.0,0.0,0.0
3,5,0.0,0.0,0.0
3,5,0.0,0.0,0.0
3,5,0.0,0.0,0.0
3,5,0.0,0.0,0.0
3,5,0.0,0.0,0.0
3,5,0.0,0.0,0.0
3,5,0.0,0.0,0.0
3,5,0.0,0.0,0.0
3,5,0.0,0.0,0.0
3,5,0.0,0.0,0.0
3,5,0.0,0.0,0.0
3,5,0.0,0.0,0.0
3,5,0.0,0.0,0.0
3,5,0.0,0.0,0.0
3,5,0.0,0.0,0.0
3,5,0.0,0.0,0.0
3,5,0.0,0.0,0.0
3,5,0.0,0.0,0.0
3,5,0.0,0.0,0.0
3,5,0.0,0.0,0.0
3,5,0.0,0.0,0.0
3,5,0.0,0.0,0.0
3,5,0.0,0.0,0.0
3,5,0.0,0.0,0.0
3,5,0.0,0.0,0.0
3,5,0.0,0.0,0.0
3,5,0.0,0.0,0.0
3,5,0.0,0.0,0.0
3,5,0.0,0.0,0.0
3,5,0.0,0.0,0.0
3,5,0.0,0.0,0.0
3,5,0.0,0.0,0.0
3,5,0.0,0.0,0.0
3,5,0.0,0.0,0.0
3,5,0.0,0.0,0.0
3,5,0.0,0.0,0.0
3,5,0.0,0.0,0.0
3,5,0.0,0.0,0.0
3,5,0.0,0.0,0.0
3,5,0.0,0.0,0.0
3,5,0.0,0.0,0.0
3,5,0.0,0.0,0.0
3,5,0.0,0.0,0.0
3,5,0.0,0.0,0.0
3,5,0.0,0.0,0.0
3,5,0.0,0.0,0.0
3,5,0.0,0.0,0.0
3,5,0.0,0.0,0.0
3,5,0.0,0.0,0.0
3,5,0.0,0.0,0.0
3,5,0.0,0.0,0.0
3,5,0.0,0.0,0.0
3,5,0.0,0.0,0.0
3,5,0.0,0.0,0.0
3,5,0.0,0.0,0.0
3,5,0.0,0.0,0.0
3,5,0.0,0.0,0.0
3,5,0.0,0.0,0.0
3,5,0.0,0.0,0.0
3,5,0.0,0.0,0.0
3,5,0.0,0.0,0.0
3,5,0.0,0.0,0.0
3,5,0.0,0.0,0.0
3,5,0.0,0.0,0.0
3,5,0.0,0.0,0.0
3,5,0.0,0.0,0.0
3,5,0.0,0.0,0.0
3,5,0.0,0.0,0.0
3,5,0.0,0.0,0.0
3,5,0.0,0.0,0.0
3,5,0.0,0.0,0.0
3,5,0.0,0.0,0.0
3,5,0.0,0.0,0.0
3,5,0.0,0.0,0.0
3,5,0.0,0.0,0.0
3,5,0.0,0.0,0.0
3,5,0.0,0.0,0.0
3,5,0.0,0.0,0.0
3,5,0.0,0.0,0.0
3,5,0.0,0.0,0.0
3,5,0.0,0.0,0.0
3,5,0.0,0.0,0.0
3,5,0.0,0.0,0.0
3,5,0.0,0.0,0.0
3,5,0.0,0.0,0.0
3,5,0.0,0.0,0.0
3,5,0.0,0.0,0.0
3,5,0.0,0.0,0.0
3,5,0.0,0.0,0.0
3,5,0.0,0.0,0.0
3,5,0.0,0.0,0.0
3,5,0.0,0.0,0.0
3,5,0.0,0.0,0.0
3,5,0.0,0.0,0.0
3,5,0.0,0.0,0.0
3,5,0.0,0.0,0.0
3,5,0.0,0.0,0.0
3,5,0.0,0.0,0.0
3,5,0.0,0.0,0.0
3,5,0.0,0.0,0.0
3,5,0.0,0.0,0.0
3,5,0.0,0.0,0.0
3,5,0.0,0.0,0.0
3,5,0.0,0.0,0.0
3,5,0.0,0.0,0.0
3,5,0.0,0.0,0.0
3,5,0.0,0.0,0.0
3,5,0.0,0.0,0.0
3,5,0.0,0.0,39.6
3,5,0.0,0.0,0.0
3,5,0.0,0.0,0.0
3,5,0.0,0.0,0.0
3,5,0.0,0.0,0.0
3,5,0.0,0.0,0.0
3,5,0.0,0.0,0.0
3,5,0.0,0.0,0.0
3,5,0.0,0.0,0.0
3,5,0.0,0.0,0.0
3,5,0.0,0.0,0.0
3,5,0.0,0.0,0.0
3,5,0.0,0.0,0.0
3,5,0.0,0.0,0.0
3,5,0.0,0.0,0.0
3,5,0.0,0.0,0.0
3,5,0.0,0.0,0.0
3,5,0.0,0.0,0.0
3,5,0.0,0.0,0.0
3,5,0.0,0.0,0.0
3,5,0.0,0.0,0.0
3,5,0.0,0.0,0.0
3,5,0.0,0.0,0.0
3,5,0.0,0.0,0.0
3,5,0.0,0.0,0.0
3,5,0.0,0.0,0.0
3,5,0.0,0.0,0.0
3,5,0.0,0.0,0.0
3,5,0.0,0.0,0.0
3,5,0.0,0.0,0.0
3,5,0.0,0.0,0.0
3,5,0.0,0.0,0.0
3,5,0.0,0.0,0.0
3,5,0.0,0.0,0.0
3,5,0.0,0.0,0.0
3,5,0.0,0.0,0.0
3,5,0.0,0.0,0.0
3,5,0.0,0.0,0.0
3,5,0.0,0.0,0.0
3,5,0.0,0.0,0.0
3,5,0.0,0.0,0.0
3,5,0.0,0.0,0.0
3,5,0.0,0.0,0.0
3,5,0.0,0.0,0.0
3,5,0.0,0.0,0.0
3,5,0.0,0.0,0.0
3,5,0.0,0.0,0.0
3,5,0.0,0.0,0.0
3,5,0.0,0.0,0.0
3,5,0.0,0.0,0.0
3,5,0.0,0.0,0.0
3,5,0.0,0.0,0.0
3,5,0.0,0.0,0.0
3,5,0.0,0.0,0.0
3,5,0.0,0.0,0.0
3,5,0.0,0.0,0.0
3,5,0.0,0.0,0.0
3,5,0.0,0.0,0.0
3,5,0.0,0.0,0.0
3,5,0.0,0.0,0.0
3,5,0.0,0.0,0.0
3,5,0.0,0.0,0.0
3,5,0.0,0.0,0.0
3,5,0.0,0.0,0.0
3,5,0.0,0.0,0.0
3,5,0.0,0.0,0.0
3,5,0.0,0.0,0.0
3,5,0.0,0.0,0.0
3,5,0.0,0.0,0.0
3,5,0.0,0.0,0.0
3,5,0.0,0.0,0.0
3,5,0.0,0.0,0.0
3,5,0.0,0.0,0.0
3,5,0.0,0.0,0.0
3,5,0.0,0.0,0.0
3,5,0.0,0.0,0.0
3,5,0.0,0.0,0.0
3,5,0.0,0.0,0.0
3,5,0.0,0.0,0.0
3,5,0.0,0.0,0.0
3,5,0.0,0.0,0.0
3,5,0.0,0.0,0.0
3,5,0.0,0.0,0.0
3,5,0.0,0.0,0.0
3,5,0.0,0.0,0.0
3,5,0.0,0.0,0.0
3,5,0.0,0.0,0.0
3,5,0.0,0.0,0.0
3,5,0.0,0.0,0.0
3,5,0.0,0.0,0.0
3,5,0.0,0.0,0.0
3,5,0.0,0.0,0.0
3,5,0.0,0.0,0.0
3,5,0.0,0.0,0.0
3,5,0.0,0.0,0.0
3,5,0.0,0.0,0.0
3,5,0.0,0.0,0.0
3,5,0.0,0.0,0.0
3,5,0.0,0.0,0.0
3,5,0.0,0.0,0.0
3,5,0.0,0.0,0.0
3,5,0.0,0.0,0.0
3,5,0.0,0.0,0.0
3,5,0.0,0.0,0.0
3,5,0.0,0.0,0.0
3,5,0.0,0.0,0.0
3,5,0.0,0.0,0.0
3,5,0.0,0.0,0.0
3,5,0.0,0.0,0.0
3,5,0.0,0.0,0.0
3,5,0.0,0.0,0.0
3,5,0.0,0.0,0.0
3,5,0.0,0.0,0.0
3,5,0.0,0.0,0.0
3,5,0.0,0.0,0.0
3,5,0.0,0.0,0.0
3,5,0.0,0.0,62.040000000000006
3,5,0.0,0.0,0.0
3,5,0.0,0.0,0.0
3,5,0.0,0.0,0.0
3,5,0.0,0.0,0.0
3,5,0.0,0.0,0.0
3,5,0.0,0.0,0.0
3,5,0.0,0.0,0.0
3,5,0.0,0.0,0.0
3,5,0.0,0.0,0.0
3,5,0.0,0.0,0.0
3,5,0.0,0.0,0.0
3,5,0.0,0.0,0.0
3,5,0.0,0.0,0.0
3,5,0.0,0.0,0.0
3,5,0.0,0.0,0.0
3,5,0.0,0.0,0.0
3,5,0.0,0.0,0.0
3,5,0.0,0.0,0.0
3,5,0.0,0.0,0.0
3,5,0.0,0.0,0.0
3,5,0.0,0.0,0.0
3,5,0.0,0.0,0.0
3,5,0.0,0.0,0.0
3,5,0.0,0.0,0.0
3,5,0.0,0.0,0.0
3,5,0.0,0.0,0.0
3,5,0.0,0.0,0.0
3,5,0.0,0.0,0.0
3,5,0.0,0.0,0.0
3,5,0.0,0.0,0.0
3,5,0.0,0.0,0.0
3,5,0.0,0.0,0.0
3,5,0.0,0.0,0.0
3,5,0.0,0.0,0.0
3,5,0.0,0.0,0.0
3,5,0.0,0.0,0.0
3,5,0.0,0.0,0.0
3,5,0.0,0.0,0.0
3,5,0.0,0.0,0.0
3,5,0.0,0.0,0.0
3,5,0.0,0.0,0.0
3,5,0.0,0.0,0.0
3,5,0.0,0.0,0.0
3,5,0.0,0.0,0.0
3,5,0.0,0.0,0.0
3,5,0.0,0.0,0.0
3,5,0.0,0.0,0.0
3,5,0.0,0.0,0.0
3,5,0.0,0.0,0.0
3,5,0.0,0.0,0.0
3,5,0.0,0.0,0.0
3,5,0.0,0.0,0.0
3,5,0.0,0.0,0.0
3,5,0.0,0.0,0.0
3,5,0.0,0.0,0.0
3,5,0.0,0.0,0.0
3,5,0.0,0.0,0.0
3,5,0.0,0.0,0.0
3,5,0.0,0.0,0.0
3,5,0.0,0.0,0.0
3,5,0.0,0.0,0.0
3,5,0.0,0.0,0.0
3,5,0.0,0.0,0.0
3,5,0.0,0.0,0.0
3,5,0.0,0.0,0.0
3,5,0.0,0.0,0.0
3,5,0.0,0.0,0.0
3,5,0.0,0.0,0.0
3,5,0.0,0.0,0.0
3,5,0.0,0.0,0.0
3,5,0.0,0.0,0.0
3,5,0.0,0.0,0.0
3,5,0.0,0.0,0.0
3,5,0.0,0.0,0.0
3,5,0.0,0.0,0.0
3,5,0.0,0.0,0.0
3,5,0.0,0.0,0.0
3,5,0.0,0.0,0.0
3,5,0.0,0.0,0.0
3,5,0.0,0.0,0.0
3,5,0.0,0.0,0.0
3,5,0.0,0.0,0.0
3,5,0.0,0.0,0.0
3,5,0.0,0.0,0.0
3,5,0.0,0.0,0.0
3,5,0.0,0.0,0.0
3,5,0.0,0.0,0.0
3,5,0.0,0.0,0.0
3,5,0.0,0.0,0.0
3,5,0.0,0.0,0.0
3,5,0.0,0.0,0.0
3,5,0.0,0.0,0.0
3,5,0.0,0.0,0.0
3,5,0.0,0.0,0.0
3,5,0.0,0.0,0.0
3,5,0.0,0.0,0.0
3,5,0.0,0.0,0.0
3,5,0.0,0.0,0.0
3,5,0.0,0.0,0.0
3,5,0.0,0.0,0.0
3,5,0.0,0.0,0.0
3,5,0.0,0.0,0.0
3,5,0.0,0.0,0.0
3,5,0.0,0.0,0.0
3,5,0.0,0.0,0.0
3,5,0.0,0.0,0.0
3,5,0.0,0.0,0.0
3,5,0.0,0.0,0.0
3,5,0.0,0.0,0.0
3,5,0.0,0.0,0.0
3,5,0.0,0.0,0.0
3,5,0.0,0.0,0.0
3,5,0.0,0.0,0.0
3,5,0.0,0.0,0.0
3,5,0.0,0.0,0.0
3,5,0.0,0.0,0.0
3,5,0.0,0.0,0.0
3,5,0.0,0.0,0.0
3,5,0.0,0.0,0.0
3,5,0.0,0.0,0.0
3,5,0.0,0.0,0.0
3,5,0.0,0.0,0.0
3,5,0.0,0.0,0.0
3,5,0.0,0.0,0.0
3,5,0.0,0.0,0.0
3,5,0.0,0.0,0.0
3,5,0.0,0.0,0.0
3,5,0.0,0.0,0.0
3,5,0.0,0.0,0.0
3,5,0.0,0.0,0.0
3,5,0.0,0.0,0.0
3,5,0.0,0.0,0.0
3,5,0.0,0.0,0.0
3,5,0.0,0.0,0.0
3,5,0.0,0.0,0.0
3,5,0.0,0.0,0.0
3,5,0.0,0.0,0.0
3,5,0.0,0.0,0.0
3,5,0.0,0.0,0.0
3,5,0.0,0.0,0.0
3,5,0.0,0.0,0.0
3,5,0.0,0.0,0.0
3,5,0.0,0.0,0.0
3,5,0.0,0.0,0.0
3,5,0.0,0.0,0.0
3,5,0.0,0.0,0.0
3,5,0.0,0.0,0.0
3,5,0.0,0.0,0.0
3,5,0.0,0.0,0.0
3,5,0.0,0.0,0.0
3,5,0.0,0.0,0.0
3,5,0.0,0.0,0.0
3,5,0.0,0.0,0.0
3,5,0.0,0.0,0.0
3,5,0.0,0.0,0.0
3,5,0.0,0.0,0.0
3,5,0.0,0.0,0.0
3,5,0.0,0.0,0.0
3,5,0.0,0.0,0.0
3,5,0.0,0.0,0.0
3,5,0.0,0.0,0.0
3,5,0.0,0.0,0.0
3,5,0.0,0.0,0.0
3,5,0.0,0.0,0.0
3,5,0.0,0.0,0.0
3,5,0.0,0.0,0.0
3,5,0.0,0.0,0.0
3,5,0.0,0.0,0.0
3,5,0.0,0.0,0.0
3,5,0.0,0.0,0.0
3,5,0.0,0.0,0.0
3,5,0.0,0.0,0.0
3,5,0.0,0.0,0.0
3,5,0.0,0.0,0.0
3,5,0.0,0.0,0.0
3,5,0.0,0.0,0.0
3,5,0.0,0.0,0.0
3,5,0.0,0.0,0.0
3,5,0.0,0.0,0.0
3,5,0.0,0.0,0.0
3,5,0.0,0.0,0.0
3,5,0.0,0.0,0.0
3,5,0.0,0.0,0.0
3,5,0.0,0.0,0.0
3,5,0.0,0.0,0.0
3,5,0.0,0.0,0.0
3,5,0.0,0.0,0.0
3,5,0.0,0.0,0.0
3,5,0.0,0.0,0.0
3,5,0.0,0.0,0.0
3,5,0.0,0.0,0.0
3,5,0.0,0.0,0.0
3,5,0.0,0.0,0.0
3,5,0.0,0.0,0.0
3,5,0.0,0.0,0.0
3,5,0.0,0.0,0.0
3,5,0.0,0.0,0.0
3,5,0.0,0.0,0.0
3,5,0.0,0.0,0.0
3,5,0.0,0.0,0.0
3,5,0.0,0.0,0.0
3,5,0.0,0.0,0.0
3,5,0.0,0.0,0.0
3,5,0.0,0.0,0.0
3,5,0.0,0.0,0.0
3,5,0.0,0.0,0.0
3,5,0.0,0.0,0.0
3,5,0.0,0.0,0.0
3,5,0.0,0.0,0.0
3,5,0.0,0.0,0.0
3,5,0.0,0.0,0.0
3,5,0.0,0.0,0.0
3,5,0.0,0.0,0.0
3,5,0.0,0.0,0.0
3,5,0.0,0.0,0.0
3,5,0.0,0.0,0.0
3,5,0.0,0.0,0.0
3,5,0.0,0.0,0.0
3,5,0.0,0.0,0.0
3,5,0.0,0.0,0.0
3,5,0.0,0.0,0.0
3,5,0.0,0.0,0.0
3,5,0.0,0.0,0.0
3,5,0.0,0.0,0.0
3,5,0.0,0.0,0.0
3,5,0.0,0.0,0.0
3,5,0.0,0.0,0.0
3,5,0.0,0.0,0.0
3,5,0.0,0.0,0.0
3,5,0.0,0.0,0.0
3,5,0.0,0.0,0.0
3,5,0.0,0.0,0.0
3,5,0.0,0.0,0.0
3,5,0.0,0.0,0.0
3,5,0.0,0.0,0.0
3,5,0.0,0.0,0.0
3,5,0.0,0.0,0.0
3,5,0.0,0.0,0.0
3,5,0.0,0.0,0.0
3,5,0.0,0.0,0.0
3,5,0.0,0.0,0.0
3,5,0.0,0.0,0.0
3,5,0.0,0.0,0.0
3,5,0.0,0.0,0.0
3,5,0.0,0.0,0.0
3,5,0.0,0.0,0.0
3,5,0.0,0.0,0.0
3,5,0.0,0.0,0.0
3,5,0.0,0.0,0.0
3,5,0.0,0.0,0.0
3,5,0.0,0.0,0.0
3,5,0.0,0.0,0.0
3,5,0.0,0.0,0.0
3,5,0.0,0.0,0.0
3,5,0.0,0.0,0.0
3,5,0.0,0.0,0.0
3,5,0.0,0.0,0.0
3,5,0.0,0.0,0.0
3,5,0.0,0.0,0.0
3,5,0.0,0.0,0.0
3,5,0.0,0.0,0.0
3,5,0.0,0.0,0.0
3,5,0.0,0.0,0.0
3,5,0.0,0.0,0.0
3,5,0.0,0.0,0.0
3,5,0.0,0.0,0.0
3,5,0.0,0.0,0.0
3,5,0.0,0.0,0.0
3,5,0.0,0.0,0.0
3,5,0.0,0.0,0.0
3,5,0.0,0.0,0.0
3,5,0.0,0.0,0.0
3,5,0.0,0.0,0.0
3,5,0.0,0.0,0.0
3,5,0.0,0.0,0.0
3,5,0.0,0.0,0.0
3,5,0.0,0.0,0.0
3,5,0.0,0.0,0.0
3,5,0.0,0.0,0.0
3,5,0.0,0.0,0.0
3,5,0.0,0.0,0.0
3,5,0.0,0.0,0.0
3,5,0.0,0.0,0.0
3,5,0.0,0.0,0.0
3,5,0.0,0.0,0.0
3,5,0.0,0.0,0.0
3,5,0.0,0.0,0.0
3,5,0.0,0.0,0.0
3,5,0.0,0.0,0.0
3,5,0.0,0.0,0.0
3,5,0.0,0.0,0.0
3,5,0.0,0.0,0.0
3,5,0.0,0.0,0.0
3,5,0.0,0.0,0.0
3,5,0.0,0.0,0.0
3,5,0.0,0.0,0.0
3,5,0.0,0.0,0.0
3,5,0.0,0.0,0.0
3,5,0.0,0.0,0.0
3,5,0.0,0.0,0.0
3,5,0.0,0.0,0.0
3,5,0.0,0.0,0.0
3,5,0.0,0.0,0.0
3,5,0.0,0.0,0.0
3,5,0.0,0.0,0.0
3,5,0.0,0.0,0.0
3,5,0.0,0.0,0.0
3,5,0.0,0.0,0.0
3,5,0.0,0.0,0.0
3,5,0.0,0.0,0.0
3,5,0.0,0.0,0.0
3,5,0.0,0.0,0.0
3,5,0.0,0.0,0.0
3,5,0.0,0.0,0.0
3,5,0.0,0.0,0.0
3,5,0.0,0.0,0.0
3,5,0.0,0.0,0.0
3,5,0.0,0.0,0.0
3,5,0.0,0.0,0.0
3,5,0.0,0.0,0.0
3,5,0.0,0.0,0.0
3,5,0.0,0.0,0.0
3,5,0.0,0.0,0.0
3,5,0.0,0.0,0.0
3,5,0.0,0.0,0.0
3,5,0.0,0.0,0.0
3,5,0.0,0.0,0.0
3,5,0.0,0.0,0.0
3,5,0.0,0.0,0.0
3,5,0.0,0.0,0.0
3,5,0.0,0.0,0.0
3,5,0.0,0.0,0.0
3,5,0.0,0.0,0.0
3,5,0.0,0.0,0.0
3,5,0.0,0.0,0.0
3,5,0.0,0.0,0.0
3,5,0.0,0.0,0.0
3,5,0.0,0.0,0.0
3,5,0.0,0.0,0.0
3,5,0.0,0.0,0.0
3,5,0.0,0.0,0.0
3,5,0.0,0.0,0.0
3,5,0.0,0.0,0.0
3,5,0.0,0.0,0.0
3,5,0.0,0.0,0.0
3,5,0.0,0.0,0.0
3,5,0.0,0.0,0.0
3,5,0.0,0.0,0.0
3,5,0.0,0.0,0.0
3,5,0.0,0.0,0.0
3,5,0.0,0.0,0.0
3,5,0.0,0.0,0.0
3,5,0.0,0.0,0.0
3,5,0.0,0.0,0.0
3,5,0.0,0.0,0.0
3,5,0.0,0.0,0.0
3,5,0.0,0.0,0.0
3,5,0.0,0.0,0.0
3,5,0.0,0.0,0.0
3,5,0.0,0.0,0.0
3,5,0.0,0.0,0.0
3,5,0.0,0.0,0.0
3,5,0.0,0.0,0.0
3,5,0.0,0.0,0.0
3,5,0.0,0.0,0.0
3,5,0.0,0.0,0.0
3,5,0.0,0.0,0.0
3,5,0.0,0.0,0.0
3,5,0.0,0.0,0.0
3,5,0.0,0.0,0.0
3,5,0.0,0.0,0.0
3,5,0.0,0.0,0.0
3,5,0.0,0.0,0.0
3,5,0.0,0.0,0.0
3,5,0.0,0.0,0.0
3,5,0.0,0.0,0.0
3,5,0.0,0.0,0.0
3,5,0.0,0.0,0.0
3,5,0.0,0.0,0.0
3,5,0.0,0.0,0.0
3,5,0.0,0.0,0.0
3,5,0.0,0.0,0.0
3,5,0.0,0.0,0.0
3,5,0.0,0.0,0.0
3,5,0.0,0.0,0.0
3,5,0.0,0.0,0.0
3,5,0.0,0.0,0.0
3,5,0.0,0.0,0.0
3,5,0.0,0.0,0.0
3,5,0.0,0.0,0.0
3,5,0.0,0.0,0.0
3,5,0.0,0.0,0.0
3,5,0.0,0.0,0.0
3,5,0.0,0.0,0.0
3,5,0.0,0.0,0.0
3,5,0.0,0.0,0.0
3,5,0.0,0.0,0.0
3,5,0.0,0.0,0.0
3,5,0.0,0.0,0.0
3,5,0.0,0.0,0.0
3,5,0.0,0.0,0.0
3,5,0.0,0.0,0.0
3,5,0.0,0.0,0.0
3,5,0.0,0.0,0.0
3,5,0.0,0.0,0.0
3,5,0.0,0.0,0.0
3,5,0.0,0.0,0.0
3,5,0.0,0.0,0.0
3,5,0.0,0.0,0.0
3,5,0.0,0.0,0.0
3,5,0.0,0.0,0.0
3,5,0.0,0.0,0.0
3,5,0.0,0.0,0.0
3,5,0.0,0.0,0.0
3,5,0.0,0.0,0.0
3,5,0.0,0.0,0.0
3,5,0.0,0.0,0.0
3,5,0.0,0.0,0.0
3,5,0.0,0.0,0.0
3,5,0.0,0.0,0.0
3,5,0.0,0.0,0.0
3,5,0.0,0.0,0.0
3,5,0.0,0.0,0.0
3,5,0.0,0.0,0.0
3,5,0.0,0.0,0.0
3,5,0.0,0.0,0.0
3,5,0.0,0.0,0.0
3,5,0.0,0.0,0.0
3,5,0.0,0.0,0.0
3,5,0.0,0.0,0.0
3,5,0.0,0.0,0.0
3,5,0.0,0.0,0.0
3,5,0.0,0.0,0.0
3,5,0.0,0.0,0.0
3,5,0.0,0.0,0.0
3,5,0.0,0.0,0.0
3,5,0.0,0.0,0.0
3,5,0.0,0.0,0.0
3,5,0.0,0.0,0.0
3,5,0.0,0.0,0.0
3,5,0.0,0.0,0.0
3,5,0.0,0.0,0.0
3,5,0.0,0.0,0.0
3,5,0.0,0.0,0.0
3,5,0.0,0.0,0.0
3,5,0.0,0.0,0.0
3,5,0.0,0.0,0.0
3,5,0.0,0.0,0.0
3,5,0.0,0.0,0.0
3,5,0.0,0.0,0.0
3,5,0.0,0.0,0.0
3,5,0.0,0.0,0.0
3,5,0.0,0.0,0.0
3,5,0.0,0.0,0.0
3,5,0.0,0.0,0.0
3,5,0.0,0.0,0.0
3,5,0.0,0.0,0.0
3,5,0.0,0.0,0.0
3,5,0.0,0.0,0.0
3,5,0.0,0.0,0.0
3,5,0.0,0.0,0.0
3,5,0.0,0.0,0.0
3,5,0.0,0.0,0.0
3,5,0.0,0.0,0.0
3,5,0.0,0.0,0.0
3,5,0.0,0.0,0.0
3,5,0.0,0.0,0.0
3,5,0.0,0.0,0.0
3,5,0.0,0.0,0.0
3,5,0.0,0.0,0.0
3,5,0.0,0.0,0.0
3,5,0.0,0.0,0.0
3,5,0.0,0.0,0.0
3,5,0.0,0.0,0.0
3,5,0.0,0.0,0.0
3,5,0.0,0.0,0.0
3,5,0.0,0.0,0.0
3,5,0.0,0.0,0.0
3,5,0.0,0.0,0.0
3,5,0.0,0.0,0.0
3,5,0.0,0.0,0.0
3,5,0.0,0.0,0.0
3,5,0.0,0.0,0.0
3,5,0.0,0.0,0.0
3,5,0.0,0.0,0.0
3,5,0.0,0.0,0.0
3,5,0.0,0.0,0.0
3,5,0.0,0.0,0.0
3,5,0.0,0.0,0.0
3,5,0.0,0.0,0.0
3,5,0.0,0.0,0.0
3,5,0.0,0.0,0.0
3,5,0.0,0.0,0.0
3,5,0.0,0.0,0.0
3,5,0.0,0.0,0.0
3,5,0.0,0.0,0.0
3,5,0.0,0.0,0.0
3,5,0.0,0.0,0.0
3,5,0.0,0.0,0.0
3,5,0.0,0.0,0.0
3,5,0.0,0.0,0.0
3,5,0.0,0.0,0.0
3,5,0.0,0.0,0.0
3,5,0.0,0.0,0.0
3,5,0.0,0.0,0.0
3,5,0.0,0.0,0.0
3,5,0.0,0.0,0.0
3,5,0.0,0.0,0.0
3,5,0.0,0.0,0.0
3,5,0.0,0.0,0.0
3,5,0.0,0.0,0.0
3,5,0.0,0.0,0.0
3,5,0.0,0.0,0.0
3,5,0.0,0.0,0.0
3,5,0.0,0.0,0.0
3,5,0.0,0.0,0.0
3,5,0.0,0.0,0.0
3,5,0.0,0.0,0.0
3,5,0.0,0.0,0.0
3,5,0.0,0.0,0.0
3,5,0.0,0.0,0.0
3,5,0.0,0.0,0.0
3,5,0.0,0.0,0.0
3,5,0.0,0.0,0.0
3,5,0.0,0.0,0.0
3,5,0.0,0.0,0.0
3,5,0.0,0.0,0.0
3,5,0.0,0.0,0.0
3,5,0.0,0.0,0.0
3,5,0.0,0.0,0.0
3,5,0.0,0.0,0.0
3,5,0.0,0.0,0.0
3,5,0.0,0.0,0.0
3,5,0.0,0.0,0.0
3,5,0.0,0.0,0.0
3,5,0.0,0.0,0.0
3,5,0.0,0.0,0.0
3,5,0.0,0.0,0.0
3,5,0.0,0.0,0.0
3,5,0.0,0.0,0.0
3,5,0.0,0.0,0.0
3,5,0.0,0.0,0.0
3,5,0.0,0.0,0.0
3,5,0.0,0.0,30.360000000000003
3,5,0.0,0.0,0.0
3,5,0.0,0.0,0.0
3,5,0.0,0.0,0.0
3,5,0.0,0.0,0.0
3,5,0.0,0.0,0.0
3,5,0.0,0.0,0.0
3,5,0.0,0.0,0.0
3,5,0.0,0.0,0.0
3,5,0.0,0.0,0.0
3,5,0.0,0.0,0.0
3,5,0.0,0.0,0.0
3,5,0.0,0.0,0.0
3,5,0.0,0.0,0.0
3,5,0.0,0.0,0.0
3,5,0.0,0.0,0.0
3,5,0.0,0.0,0.0
3,5,0.0,0.0,0.0
3,5,0.0,0.0,0.0
3,5,0.0,0.0,0.0
3,5,0.0,0.0,0.0
3,5,0.0,0.0,0.0
3,5,0.0,0.0,0.0
3,5,0.0,0.0,0.0
3,5,0.0,0.0,0.0
3,5,0.0,0.0,0.0
3,5,0.0,0.0,0.0
3,5,0.0,0.0,0.0
3,5,0.0,0.0,0.0
3,5,0.0,0.0,0.0
3,5,0.0,0.0,0.0
3,5,0.0,0.0,0.0
3,5,0.0,0.0,0.0
3,5,0.0,0.0,0.0
3,5,0.0,0.0,0.0
3,5,0.0,0.0,0.0
3,5,0.0,0.0,0.0
3,5,0.0,0.0,0.0
3,5,0.0,0.0,0.0
3,5,0.0,0.0,0.0
3,5,0.0,0.0,0.0
3,5,0.0,0.0,0.0
3,5,0.0,0.0,0.0
3,5,0.0,0.0,0.0
3,5,0.0,0.0,0.0
3,5,0.0,0.0,0.0
3,5,0.0,0.0,0.0
3,5,0.0,0.0,0.0
3,5,0.0,0.0,0.0
3,5,0.0,0.0,0.0
3,5,0.0,0.0,0.0
3,5,0.0,0.0,0.0
3,5,0.0,0.0,0.0
3,5,0.0,0.0,0.0
3,5,0.0,0.0,0.0
3,5,0.0,0.0,0.0
3,5,0.0,0.0,0.0
3,5,0.0,0.0,0.0
3,5,0.0,0.0,0.0
3,5,0.0,0.0,0.0
3,5,0.0,0.0,0.0
3,5,0.0,0.0,0.0
3,5,0.0,0.0,0.0
3,5,0.0,0.0,0.0
3,5,0.0,0.0,0.0
3,5,0.0,0.0,0.0
3,5,0.0,0.0,0.0
3,5,0.0,0.0,0.0
3,5,0.0,0.0,0.0
3,5,0.0,0.0,0.0
3,5,0.0,0.0,0.0
3,5,0.0,0.0,0.0
3,5,0.0,0.0,0.0
3,5,0.0,0.0,0.0
3,5,0.0,0.0,0.0
3,5,0.0,0.0,0.0
3,5,0.0,0.0,0.0
3,5,0.0,0.0,0.0
3,5,0.0,0.0,0.0
3,5,0.0,0.0,0.0
3,5,0.0,0.0,0.0
3,5,0.0,0.0,0.0
3,5,0.0,0.0,0.0
3,5,0.0,0.0,0.0
3,5,0.0,0.0,0.0
3,5,0.0,0.0,0.0
3,5,0.0,0.0,0.0
3,5,0.0,0.0,0.0
3,5,0.0,0.0,0.0
3,5,0.0,0.0,0.0
3,5,0.0,0.0,0.0
3,5,0.0,0.0,0.0
3,5,0.0,0.0,0.0
3,5,0.0,0.0,0.0
3,5,0.0,0.0,0.0
3,5,0.0,0.0,0.0
3,5,0.0,0.0,0.0
3,5,0.0,0.0,0.0
3,5,0.0,0.0,0.0
3,5,0.0,0.0,0.0
3,5,0.0,0.0,0.0
3,5,0.0,0.0,0.0
3,5,0.0,0.0,0.0
3,5,0.0,0.0,0.0
3,5,0.0,0.0,0.0
3,5,0.0,0.0,0.0
3,5,0.0,0.0,0.0
3,5,0.0,0.0,0.0
3,5,0.0,0.0,0.0
3,5,0.0,0.0,0.0
3,5,0.0,0.0,0.0
3,5,0.0,0.0,0.0
3,5,0.0,0.0,0.0
3,5,0.0,0.0,0.0
3,5,0.0,0.0,0.0
3,5,0.0,0.0,0.0
3,5,0.0,0.0,0.0
3,5,0.0,0.0,0.0
3,5,0.0,0.0,0.0
3,5,0.0,0.0,0.0
3,5,0.0,0.0,0.0
3,5,0.0,0.0,0.0
3,5,0.0,0.0,0.0
3,5,0.0,0.0,0.0
3,5,0.0,0.0,0.0
3,5,0.0,0.0,0.0
3,5,0.0,0.0,0.0
3,5,0.0,0.0,0.0
3,5,0.0,0.0,0.0
3,5,0.0,0.0,0.0
3,5,0.0,0.0,0.0
3,5,0.0,0.0,0.0
3,5,0.0,0.0,0.0
3,5,0.0,0.0,0.0
3,5,0.0,0.0,0.0
3,5,0.0,0.0,0.0
3,5,0.0,0.0,0.0
3,5,0.0,0.0,0.0
3,5,0.0,0.0,0.0
3,5,0.0,0.0,0.0
3,5,0.0,0.0,0.0
3,5,0.0,0.0,0.0
3,5,0.0,0.0,0.0
3,5,0.0,0.0,0.0
3,5,0.0,0.0,0.0
3,5,0.0,0.0,0.0
3,5,0.0,0.0,0.0
3,5,0.041491596038749634,0.0,22.44
3,5,0.0,0.0,0.0
3,5,0.0,0.0,0.0
3,5,0.0,0.0,0.0
3,5,0.0,0.0,0.0
3,5,0.0,0.0,0.0
3,5,0.0,0.0,0.0
3,5,0.0,0.0,0.0
3,5,0.0,0.0,0.0
3,5,0.0,0.0,0.0
3,5,0.0,0.0,0.0
3,5,0.0,0.0,0.0
3,5,0.0,0.0,0.0
3,5,0.0,0.0,0.0
3,5,0.0,0.0,0.0
3,5,0.0,0.0,0.0
3,5,0.0,0.0,0.0
3,5,0.0,0.0,0.0
3,5,0.0,0.0,0.0
3,5,0.0,0.0,0.0
3,5,0.0,0.0,0.0
3,5,0.0,0.0,0.0
3,5,0.0,0.0,0.0
3,5,0.0,0.0,0.0
3,5,0.0,0.0,0.0
3,5,0.0,0.0,0.0
3,5,0.0,0.0,0.0
3,5,0.0,0.0,0.0
3,5,0.0,0.0,0.0
3,5,0.0,0.0,0.0
3,5,0.0,0.0,0.0
3,5,0.0,0.0,0.0
3,5,0.0,0.0,0.0
3,5,0.0,0.0,0.0
3,5,0.0,0.0,0.0
3,5,0.0,0.0,0.0
3,5,0.0,0.0,0.0
3,5,0.0,0.0,0.0
3,5,0.0,0.0,0.0
3,5,0.0,0.0,0.0
3,5,0.0,0.0,0.0
3,5,0.0,0.0,0.0
3,5,0.0,0.0,0.0
3,5,0.0,0.0,0.0
3,5,0.0,0.0,0.0
3,5,0.0,0.0,0.0
3,5,0.0,0.0,0.0
3,5,0.0,0.0,0.0
3,5,0.0,0.0,0.0
3,5,0.0,0.0,0.0
3,5,0.0,0.0,0.0
3,5,0.0,0.0,0.0
3,5,0.0,0.0,0.0
3,5,0.0,0.0,0.0
3,5,0.0,0.0,0.0
3,5,0.0,0.0,0.0
3,5,0.0,0.0,0.0
3,5,0.0,0.0,0.0
3,5,0.0,0.0,0.0
3,5,0.0,0.0,0.0
3,5,0.0,0.0,0.0
3,5,0.0,0.0,0.0
3,5,0.0,0.0,0.0
3,5,0.0,0.0,0.0
3,5,0.0,0.0,0.0
3,5,0.0,0.0,0.0
3,5,0.0,0.0,0.0
3,5,0.0,0.0,0.0
3,5,0.0,0.0,0.0
3,5,0.0,0.0,0.0
3,5,0.0,0.0,0.0
3,5,0.0,0.0,0.0
3,5,0.0,0.0,0.0
3,5,0.0,0.0,0.0
3,5,0.0,0.0,0.0
3,5,0.0,0.0,0.0
3,5,0.0,0.0,0.0
3,5,0.0,0.0,0.0
3,5,0.0,0.0,0.0
3,5,0.0,0.0,0.0
3,5,0.0,0.0,0.0
3,5,0.0,0.0,0.0
3,5,0.0,0.0,0.0
3,5,0.0,0.0,0.0
3,5,0.0,0.0,0.0
3,5,0.0,0.0,0.0
3,5,0.0,0.0,0.0
3,5,0.0,0.0,0.0
3,5,0.0,0.0,0.0
3,5,0.0,0.0,0.0
3,5,0.0,0.0,0.0
3,5,0.0,0.0,0.0
3,5,0.0,0.0,0.0
3,5,0.0,0.0,0.0
3,5,0.0,0.0,0.0
3,5,0.0,0.0,0.0
3,5,0.0,0.0,0.0
3,5,0.0,0.0,0.0
3,5,0.0,0.0,0.0
3,5,0.0,0.0,0.0
3,5,0.0,0.0,0.0
3,5,0.0,0.0,0.0
3,5,0.0,0.0,0.0
3,5,0.0,0.0,0.0
3,5,0.0,0.0,0.0
3,5,0.0,0.0,0.0
3,5,0.0,0.0,0.0
3,5,0.0,0.0,0.0
3,5,0.0,0.0,0.0
3,5,0.0,0.0,0.0
3,5,0.0,0.0,0.0
3,5,0.0,0.0,0.0
3,5,0.0,0.0,0.0
3,5,0.0,0.0,0.0
3,5,0.0,0.0,0.0
3,5,0.0,0.0,0.0
3,5,0.0,0.0,0.0
3,5,0.0,0.0,0.0
3,5,0.0,0.0,0.0
3,5,0.0,0.0,0.0
3,5,0.0,0.0,0.0
3,5,0.0,0.0,0.0
3,5,0.0,0.0,0.0
3,5,0.0,0.0,0.0
3,5,0.0,0.0,0.0
3,5,0.0,0.0,0.0
3,5,0.0,0.0,0.0
3,5,0.0,0.0,0.0
3,5,0.0,0.0,0.0
3,5,0.0,0.0,0.0
3,5,0.0,0.0,0.0
3,5,0.0,0.0,0.0
3,5,0.0,0.0,0.0
3,5,0.0,0.0,0.0
3,5,0.0,0.0,0.0
3,5,0.0,0.0,0.0
3,5,0.0,0.0,0.0
3,5,0.0,0.0,0.0
3,5,0.0,0.0,0.0
3,5,0.0,0.0,0.0
3,5,0.0,0.0,0.0
3,5,0.0,0.0,0.0
3,5,0.0,0.0,0.0
3,5,0.0,0.0,0.0
3,5,0.0,0.0,0.0
3,5,0.0,0.0,0.0
3,5,0.0,0.0,0.0
3,5,0.0,0.0,0.0
3,5,0.0,0.0,0.0
3,5,0.0,0.0,0.0
3,5,0.0,0.0,0.0
3,5,0.0,0.0,0.0
3,5,0.0,0.0,0.0
3,5,0.0,0.0,0.0
3,5,0.0,0.0,0.0
3,5,0.0,0.0,0.0
3,5,0.0,0.0,0.0
3,5,0.0,0.0,0.0
3,5,0.0,0.0,0.0
3,5,0.0,0.0,0.0
3,5,0.0,0.0,0.0
3,5,0.0,0.0,0.0
3,5,0.0,0.0,0.0
3,5,0.0,0.0,0.0
3,5,0.0,0.0,0.0
3,5,0.0,0.0,0.0
3,5,0.0,0.0,0.0
3,5,0.0,0.0,0.0
3,5,0.0,0.0,0.0
3,5,0.0,0.0,0.0
3,5,0.0,0.0,0.0
3,5,0.0,0.0,0.0
3,5,0.0,0.0,0.0
3,5,0.0,0.0,0.0
3,5,0.0,0.0,0.0
3,5,0.0,0.0,0.0
3,5,0.0,0.0,0.0
3,5,0.0,0.0,0.0
3,5,0.0,0.0,0.0
3,5,0.0,0.0,0.0
3,5,0.0,0.0,0.0
3,5,0.0,0.0,0.0
3,5,0.0,0.0,0.0
3,5,0.0,0.0,0.0
3,5,0.0,0.0,0.0
3,5,0.0,0.0,0.0
3,5,0.0,0.0,0.0
3,5,0.0,0.0,0.0
3,5,0.0,0.0,0.0
3,5,0.0,0.0,0.0
3,5,0.0,0.0,0.0
3,5,0.0,0.0,0.0
3,5,0.0,0.0,0.0
3,5,0.0,0.0,0.0
3,5,0.0,0.0,0.0
3,5,0.0,0.0,0.0
3,5,0.0,0.0,0.0
3,5,0.0,0.0,0.0
3,5,0.0,0.0,0.0
3,5,0.0,0.0,0.0
3,5,0.0,0.0,0.0
3,5,0.0,0.0,0.0
3,5,0.0,0.0,0.0
3,5,0.0,0.0,0.0
3,5,0.0,0.0,0.0
3,5,0.0,0.0,0.0
3,5,0.0,0.0,0.0
3,5,0.0,0.0,0.0
3,5,0.0,0.0,0.0
3,5,0.0,0.0,0.0
3,5,0.0,0.0,0.0
3,5,0.0,0.0,0.0
3,5,0.0,0.0,0.0
3,5,0.0,0.0,0.0
3,5,0.0,0.0,0.0
3,5,0.0,0.0,0.0
3,5,0.0,0.0,0.0
3,5,0.0,0.0,0.0
3,5,0.0,0.0,0.0
3,5,0.0,0.0,0.0
3,5,0.0,0.0,0.0
3,5,0.0,0.0,0.0
3,5,0.0,0.0,0.0
3,5,0.0,0.0,0.0
3,5,0.0,0.0,0.0
3,5,0.0,0.0,0.0
3,5,0.0,0.0,0.0
3,5,0.0,0.0,0.0
3,5,0.0,0.0,0.0
3,5,0.0,0.0,0.0
3,5,0.0,0.0,0.0
3,5,0.0,0.0,0.0
3,5,0.0,0.0,0.0
3,5,0.0,0.0,0.0
3,5,0.0,0.0,0.0
3,5,0.0,0.0,0.0
3,5,0.0,0.0,0.0
3,5,0.0,0.0,0.0
3,5,0.0,0.0,0.0
3,5,0.0,0.0,0.0
3,5,0.0,0.0,0.0
3,5,0.0,0.0,0.0
3,5,0.0,0.0,0.0
3,5,0.0,0.0,0.0
3,5,0.0,0.0,0.0
3,5,0.0,0.0,0.0
3,5,0.0,0.0,0.0
3,5,0.0,0.0,0.0
3,5,0.0,0.0,0.0
3,5,0.0,0.0,0.0
3,5,0.0,0.0,0.0
3,5,0.0,0.0,0.0
3,5,0.0,0.0,0.0
3,5,0.0,0.0,0.0
3,5,0.0,0.0,0.0
3,5,0.0,0.0,0.0
3,5,0.0,0.0,0.0
3,5,0.0,0.0,0.0
3,5,0.0,0.0,0.0
3,5,0.0,0.0,0.0
3,5,0.0,0.0,0.0
3,5,0.0,0.0,0.0
3,5,0.0,0.0,0.0
3,5,0.0,0.0,0.0
3,5,0.0,0.0,0.0
3,5,0.0,0.0,0.0
3,5,0.0,0.0,0.0
3,5,0.0,0.0,0.0
3,5,0.0,0.0,0.0
3,5,0.0,0.0,0.0
3,5,0.0,0.0,0.0
3,5,0.0,0.0,0.0
3,5,0.0,0.0,0.0
3,5,0.0,0.0,0.0
3,5,0.0,0.0,0.0
3,5,0.0,0.0,0.0
3,5,0.0,0.0,0.0
3,5,0.0,0.0,0.0
3,5,0.0,0.0,0.0
3,5,0.0,0.0,0.0
3,5,0.0,0.0,0.0
3,5,0.0,0.0,0.0
3,5,0.0,0.0,0.0
3,5,0.0,0.0,0.0
3,5,0.0,0.0,0.0
3,5,0.0,0.0,0.0
3,5,0.0,0.0,0.0
3,5,0.0,0.0,0.0
3,5,0.0,0.0,0.0
3,5,0.0,0.0,0.0
3,5,0.0,0.0,0.0
3,5,0.0,0.0,0.0
3,5,0.0,0.0,0.0
3,5,0.0,0.0,0.0
3,5,0.0,0.0,0.0
3,5,0.0,0.0,0.0
3,5,0.0,0.0,0.0
3,5,0.0,0.0,0.0
3,5,0.0,0.0,0.0
3,5,0.0,0.0,0.0
3,5,0.0,0.0,0.0
3,5,0.0,0.0,0.0
3,5,0.0,0.0,0.0
3,5,0.0,0.0,0.0
3,5,0.0,0.0,0.0
3,5,0.0,0.0,0.0
3,5,0.0,0.0,0.0
3,5,0.0,0.0,0.0
3,5,0.0,0.0,0.0
3,5,0.0,0.0,0.0
3,5,0.0,0.0,0.0
3,5,0.0,0.0,0.0
3,5,0.0,0.0,0.0
3,5,0.0,0.0,0.0
3,5,0.0,0.0,0.0
3,5,0.0,0.0,0.0
3,5,0.0,0.14981448532570418,13.200000000000001
3,5,0.0,0.0,0.0
3,5,0.0,0.0,0.0
3,5,0.0,0.0,0.0
3,5,0.0,0.0,0.0
3,5,0.0,0.0,0.0
3,5,0.0,0.0,0.0
3,5,0.0,0.0,0.0
3,5,0.0,0.0,0.0
3,5,0.0,0.0,0.0
3,5,0.0,0.0,0.0
3,5,0.0,0.0,0.0
3,5,0.0,0.0,0.0
3,5,0.0,0.0,0.0
3,5,0.0,0.0,0.0
3,5,0.0,0.0,0.0
3,5,0.0,0.0,0.0
3,5,0.0,0.0,0.0
3,5,0.0,0.0,0.0
3,5,0.0,0.0,0.0
3,5,0.0,0.0,0.0
3,5,0.0,0.0,0.0
3,5,0.0,0.0,0.0
3,5,0.0,0.0,0.0
3,5,0.0,0.0,0.0
3,5,0.0,0.0,0.0
3,5,0.0,0.0,0.0
3,5,0.0,0.0,0.0
3,5,0.0,0.0,0.0
3,5,0.0,0.0,0.0
3,5,0.0,0.0,0.0
3,5,0.0,0.0,0.0
3,5,0.0,0.0,0.0
3,5,0.0,0.0,0.0
3,5,0.0,0.0,0.0
3,5,0.0,0.0,0.0
3,5,0.0,0.0,0.0
3,5,0.0,0.0,0.0
3,5,0.0,0.0,0.0
3,5,0.0,0.0,0.0
3,5,0.0,0.0,0.0
3,5,0.0,0.0,0.0
3,5,0.0,0.0,0.0
3,5,0.0,0.0,0.0
3,5,0.0,0.0,0.0
3,5,0.0,0.0,0.0
3,5,0.0,0.0,0.0
3,5,0.0,0.0,0.0
3,5,0.0,0.0,0.0
3,5,0.0,0.0,0.0
3,5,0.0,0.0,0.0
3,5,0.0,0.0,0.0
3,5,0.0,0.0,0.0
3,5,0.0,0.0,0.0
3,5,0.0,0.0,0.0
3,5,0.0,0.0,0.0
3,5,0.0,0.0,0.0
3,5,0.0,0.0,0.0
3,5,0.0,0.0,0.0
3,5,0.0,0.0,0.0
3,5,0.0,0.0,0.0
3,5,0.0,0.0,0.0
3,5,0.0,0.0,0.0
3,5,0.0,0.0,0.0
3,5,0.0,0.0,0.0
3,5,0.0,0.0,0.0
3,5,0.0,0.0,0.0
3,5,0.0,0.0,0.0
3,5,0.0,0.0,0.0
3,5,0.0,0.0,0.0
3,5,0.0,0.0,0.0
3,5,0.0,0.0,0.0
3,5,0.0,0.0,0.0
3,5,0.0,0.0,0.0
3,5,0.0,0.0,0.0
3,5,0.0,0.0,0.0
3,5,0.0,0.0,0.0
3,5,0.0,0.0,0.0
3,5,0.0,0.0,0.0
3,5,0.0,0.0,0.0
3,5,0.0,0.0,0.0
3,5,0.0,0.0,0.0
3,5,0.0,0.0,0.0
3,5,0.0,0.0,0.0
3,5,0.0,0.0,0.0
3,5,0.0,0.0,0.0
3,5,0.0,0.0,0.0
3,5,0.0,0.0,0.0
3,5,0.0,0.0,0.0
3,5,0.0,0.0,0.0
3,5,0.0,0.0,0.0
3,5,0.0,0.0,0.0
3,5,0.0,0.0,0.0
3,5,0.0,0.0,0.0
3,5,0.0,0.0,0.0
3,5,0.0,0.0,0.0
3,5,0.0,0.0,0.0
3,5,0.0,0.0,0.0
3,5,0.0,0.0,0.0
3,5,0.0,0.0,0.0
3,5,0.0,0.0,0.0
3,5,0.0,0.0,0.0
3,5,0.0,0.0,0.0
3,5,0.0,0.0,0.0
3,5,0.0,0.0,0.0
3,5,0.0,0.0,0.0
3,5,0.0,0.0,0.0
3,5,0.0,0.0,0.0
3,5,0.0,0.0,0.0
3,5,0.0,0.0,0.0
3,5,0.0,0.0,0.0
3,5,0.0,0.0,0.0
3,5,0.0,0.0,0.0
3,5,0.0,0.0,0.0
3,5,0.0,0.0,0.0
3,5,0.0,0.0,0.0
3,5,0.0,0.0,0.0
3,5,0.0,0.0,0.0
3,5,0.0,0.0,0.0
3,5,0.0,0.0,0.0
3,5,0.0,0.0,0.0
3,5,0.0,0.0,0.0
3,5,0.0,0.0,0.0
3,5,0.0,0.0,0.0
3,5,0.0,0.0,0.0
3,5,0.0,0.0,0.0
3,5,0.0,0.0,0.0
3,5,0.0,0.0,0.0
3,5,0.0,0.0,0.0
3,5,0.0,0.0,0.0
3,5,0.0,0.0,0.0
3,5,0.0,0.0,0.0
3,5,0.0,0.0,0.0
3,5,0.0,0.0,0.0
3,5,0.0,0.0,0.0
3,5,0.0,0.0,0.0
3,5,0.0,0.0,0.0
3,5,0.0,0.0,0.0
3,5,0.0,0.0,0.0
3,5,0.0,0.0,0.0
3,5,0.0,0.0,0.0
3,5,0.0,0.0,0.0
3,5,0.0,0.0,0.0
3,5,0.0,0.0,0.0
3,5,0.0,0.0,0.0
3,5,0.0,0.0,0.0
3,5,0.0,0.0,0.0
3,5,0.0,0.0,0.0
3,5,0.0,0.0,0.0
3,5,0.0,0.0,0.0
3,5,0.0,0.0,0.0
3,5,0.0,0.0,0.0
3,5,0.0,0.0,0.0
3,5,0.0,0.0,0.0
3,5,0.0,0.0,0.0
3,5,0.0,0.0,0.0
3,5,0.0,0.0,0.0
3,5,0.0,0.0,0.0
3,5,0.0,0.0,0.0
3,5,0.0,0.0,0.0
3,5,0.0,0.0,0.0
3,5,0.0,0.0,0.0
3,5,0.0,0.0,0.0
3,5,0.0,0.0,0.0
3,5,0.0,0.0,0.0
3,5,0.0,0.0,0.0
3,5,0.0,0.0,0.0
3,5,0.0,0.0,0.0
3,5,0.0,0.0,0.0
3,5,0.0,0.0,0.0
3,5,0.0,0.0,0.0
3,5,0.0,0.0,0.0
3,5,0.0,0.0,0.0
3,5,0.0,0.0,0.0
3,5,0.0,0.0,0.0
3,5,0.0,0.0,0.0
3,5,0.3311499166747467,0.0,47.52
3,5,0.0,0.0,0.0
3,5,0.0,0.0,0.0
3,5,0.0,0.0,0.0
3,5,0.0,0.0,0.0
3,5,0.0,0.0,0.0
3,5,0.0,0.0,0.0
3,5,0.0,0.0,0.0
3,5,0.0,0.0,0.0
3,5,0.0,0.0,0.0
3,5,0.0,0.0,0.0
3,5,0.0,0.0,0.0
3,5,0.0,0.0,0.0
3,5,0.0,0.0,0.0
3,5,0.0,0.0,0.0
3,5,0.0,0.0,0.0
3,5,0.0,0.0,0.0
3,5,0.0,0.0,0.0
3,5,0.0,0.0,0.0
3,5,0.0,0.0,0.0
3,5,0.0,0.0,0.0
3,5,0.0,0.0,0.0
3,5,0.0,0.0,0.0
3,5,0.0,0.0,0.0
3,5,0.0,0.0,0.0
3,5,0.0,0.0,0.0
3,5,0.0,0.0,0.0
3,5,0.0,0.0,0.0
3,5,0.0,0.0,0.0
3,5,0.0,0.0,0.0
3,5,0.0,0.0,0.0
3,5,0.0,0.0,0.0
3,5,0.0,0.0,0.0
3,5,0.0,0.0,0.0
3,5,0.0,0.0,0.0
3,5,0.0,0.0,0.0
3,5,0.0,0.0,0.0
3,5,0.0,0.0,0.0
3,5,0.0,0.0,0.0
3,5,0.0,0.0,0.0
3,5,0.0,0.0,0.0
3,5,0.0,0.0,0.0
3,5,0.0,0.0,0.0
3,5,0.0,0.0,0.0
3,5,0.0,0.0,0.0
3,5,0.0,0.0,0.0
3,5,0.0,0.0,0.0
3,5,0.0,0.0,0.0
3,5,0.0,0.0,0.0
3,5,0.0,0.0,0.0
3,5,0.0,0.0,0.0
3,5,0.0,0.0,0.0
3,5,0.0,0.0,0.0
3,5,0.0,0.0,0.0
3,5,0.0,0.0,0.0
3,5,0.0,0.0,0.0
3,5,0.0,0.0,0.0
3,5,0.0,0.0,0.0
3,5,0.0,0.0,0.0
3,5,0.0,0.0,0.0
3,5,0.0,0.0,0.0
3,5,0.0,0.0,0.0
3,5,0.0,0.0,0.0
3,5,0.0,0.0,0.0
3,5,0.0,0.0,0.0
3,5,0.0,0.0,0.0
3,5,0.0,0.0,0.0
3,5,0.0,0.0,0.0
3,5,0.0,0.0,0.0
3,5,0.0,0.0,0.0
3,5,0.0,0.0,0.0
3,5,0.0,0.0,0.0
3,5,0.0,0.0,0.0
3,5,0.0,0.0,0.0
3,5,0.0,0.0,0.0
3,5,0.0,0.0,0.0
3,5,0.0,0.0,0.0
3,5,0.0,0.0,0.0
3,5,0.0,0.0,0.0
3,5,0.0,0.0,0.0
3,5,0.0,0.0,0.0
3,5,0.0,0.0,0.0
3,5,0.0,0.0,0.0
3,5,0.0,0.0,0.0
3,5,0.0,0.0,0.0
3,5,0.0,0.0,0.0
3,5,0.0,0.0,0.0
3,5,0.0,0.0,0.0
3,5,0.0,0.0,0.0
3,5,0.0,0.0,0.0
3,5,0.0,0.0,0.0
3,5,0.0,0.0,0.0
3,5,0.0,0.0,0.0
3,5,0.0,0.0,0.0
3,5,0.0,0.0,0.0
3,5,0.0,0.0,0.0
3,5,0.0,0.0,0.0
3,5,0.0,0.0,0.0
3,5,0.0,0.0,0.0
3,5,0.0,0.0,0.0
3,5,0.0,0.0,0.0
3,5,0.0,0.0,0.0
3,5,0.0,0.0,0.0
3,5,0.0,0.0,0.0
3,5,0.0,0.0,0.0
3,5,0.0,0.0,0.0
3,5,0.0,0.0,0.0
3,5,0.0,0.0,0.0
3,5,0.0,0.0,0.0
3,5,0.0,0.0,0.0
3,5,0.0,0.0,0.0
3,5,0.0,0.0,0.0
3,5,0.0,0.0,0.0
3,5,0.0,0.0,0.0
3,5,0.0,0.0,0.0
3,5,0.0,0.0,0.0
3,5,0.0,0.0,0.0
3,5,0.0,0.0,0.0
3,5,0.0,0.0,0.0
3,5,0.0,0.0,0.0
3,5,0.0,0.0,0.0
3,5,0.0,0.0,0.0
3,5,0.0,0.0,0.0
3,5,0.0,0.0,0.0
3,5,0.0,0.0,0.0
3,5,0.0,0.0,0.0
3,5,0.0,0.0,0.0
3,5,0.0,0.0,0.0
3,5,0.0,0.0,0.0
3,5,0.0,0.0,0.0
3,5,0.0,0.0,0.0
3,5,0.0,0.0,0.0
3,5,0.0,0.0,0.0
3,5,0.0,0.0,0.0
3,5,0.0,0.0,0.0
3,5,0.0,0.0,0.0
3,5,0.0,0.0,0.0
3,5,0.0,0.0,0.0
3,5,0.0,0.0,0.0
3,5,0.0,0.0,0.0
3,5,0.0,0.0,0.0
3,5,0.0,0.0,0.0
3,5,0.0,0.0,0.0
3,5,0.0,0.0,0.0
3,5,0.0,0.0,0.0
3,5,0.0,0.0,0.0
3,5,0.0,0.0,0.0
3,5,0.0,0.0,0.0
3,5,0.0,0.0,0.0
3,5,0.0,0.0,0.0
3,5,0.0,0.0,0.0
3,5,0.0,0.0,0.0
3,5,0.0,0.0,0.0
3,5,0.0,0.0,0.0
3,5,0.0,0.0,0.0
3,5,0.0,0.0,0.0
3,5,0.0,0.0,0.0
3,5,0.0,0.0,0.0
3,5,0.0,0.0,0.0
3,5,0.0,0.0,0.0
3,5,0.0,0.0,0.0
3,5,0.0,0.0,0.0
3,5,0.0,0.0,0.0
3,5,0.0,0.0,0.0
3,5,0.0,0.0,0.0
3,5,0.0,0.0,0.0
3,5,0.0,0.0,0.0
3,5,0.0,0.0,0.0
3,5,0.0,0.0,0.0
3,5,0.0,0.0,0.0
3,5,0.0,0.0,0.0
3,5,0.0,0.0,0.0
3,5,0.0,0.0,0.0
3,5,0.0,0.0,0.0
3,5,0.0,0.0,0.0
3,5,0.0,0.0,0.0
3,5,0.0,0.0,0.0
3,5,0.0,0.0,0.0
3,5,0.0,0.0,0.0
3,5,0.0,0.0,0.0
3,5,0.0,0.0,0.0
3,5,0.0,0.0,0.0
3,5,0.0,0.0,0.0
3,5,0.0,0.0,0.0
3,5,0.0,0.0,0.0
3,5,0.0,0.0,0.0
3,5,0.0,0.0,0.0
3,5,0.0,0.0,0.0
3,5,0.0,0.0,0.0
3,5,0.0,0.0,0.0
3,5,0.0,0.0,0.0
3,5,0.0,0.0,0.0
3,5,0.0,0.0,0.0
3,5,0.0,0.0,0.0
3,5,0.0,0.0,0.0
3,5,0.0,0.0,0.0
3,5,0.0,0.0,0.0
3,5,0.0,0.0,0.0
3,5,0.0,0.0,0.0
3,5,0.0,0.0,0.0
3,5,0.0,0.0,0.0
3,5,0.0,0.0,0.0
3,5,0.0,0.0,0.0
3,5,0.0,0.0,0.0
3,5,0.0,0.0,0.0
3,5,0.0,0.0,0.0
3,5,0.0,0.0,0.0
3,5,0.0,0.0,0.0
3,5,0.0,0.0,0.0
3,5,0.0,0.0,0.0
3,5,0.0,0.0,0.0
3,5,0.0,0.0,0.0
3,5,0.0,0.0,0.0
3,5,0.0,0.0,0.0
3,5,0.0,0.0,0.0
3,5,0.0,0.0,0.0
3,5,0.0,0.0,0.0
3,5,0.0,0.0,0.0
3,5,0.0,0.0,0.0
3,5,0.0,0.0,0.0
3,5,0.0,0.0,0.0
3,5,0.0,0.0,0.0
3,5,0.0,0.0,0.0
3,5,0.0,0.0,0.0
3,5,0.0,0.0,0.0
3,5,0.0,0.0,0.0
3,5,0.0,0.0,0.0
3,5,0.0,0.0,0.0
3,5,0.0,0.0,0.0
3,5,0.0,0.0,0.0
3,5,0.0,0.0,0.0
3,5,0.0,0.0,0.0
3,5,0.0,0.0,0.0
3,5,0.0,0.0,0.0
3,5,0.0,0.0,0.0
3,5,0.0,0.0,0.0
3,5,0.0,0.0,0.0
3,5,0.0,0.0,0.0
3,5,0.0,0.0,0.0
3,5,0.0,0.0,0.0
3,5,0.0,0.0,0.0
3,5,0.0,0.0,0.0
3,5,0.0,0.0,0.0
3,5,0.0,0.0,0.0
3,5,0.0,0.0,0.0
3,5,0.0,0.0,0.0
3,5,0.0,0.0,0.0
3,5,0.0,0.0,0.0
3,5,0.0,0.0,0.0
3,5,0.0,0.0,0.0
3,5,0.0,0.0,0.0
3,5,0.0,0.0,0.0
3,5,0.0,0.0,0.0
3,5,0.0,0.0,0.0
3,5,0.0,0.0,0.0
3,5,0.0,0.0,0.0
3,5,0.0,0.0,0.0
3,5,0.0,0.0,0.0
3,5,0.0,0.0,0.0
3,5,0.0,0.0,0.0
3,5,0.0,0.0,0.0
3,5,0.0,0.0,0.0
3,5,0.0,0.0,0.0
3,5,0.0,0.0,0.0
3,5,0.0,0.0,0.0
3,5,0.0,0.0,0.0
3,5,0.0,0.0,0.0
3,5,0.0,0.0,0.0
3,5,0.0,0.0,0.0
3,5,0.0,0.0,0.0
3,5,0.0,0.0,0.0
3,5,0.0,0.0,0.0
3,5,0.0,0.0,0.0
3,5,0.0,0.0,0.0
3,5,0.0,0.0,0.0
3,5,0.0,0.0,0.0
3,5,0.0,0.0,0.0
3,5,0.0,0.0,0.0
3,5,0.0,0.0,0.0
3,5,0.0,0.0,0.0
3,5,0.0,0.0,0.0
3,5,0.0,0.0,0.0
3,5,0.0,0.0,0.0
3,5,0.0,0.0,0.0
3,5,0.0,0.0,0.0
3,5,0.0,0.0,0.0
3,5,0.0,0.0,0.0
3,5,0.0,0.0,0.0
3,5,0.0,0.0,0.0
3,5,0.0,0.0,0.0
3,5,0.0,0.0,0.0
3,5,0.0,0.0,0.0
3,5,0.0,0.0,0.0
3,5,0.0,0.0,0.0
3,5,0.0,0.0,0.0
3,5,0.0,0.0,0.0
3,5,0.0,0.0,0.0
3,5,0.0,0.0,0.0
3,5,0.0,0.0,0.0
3,5,0.0,0.0,0.0
3,5,0.0,0.0,0.0
3,5,0.0,0.0,0.0
3,5,0.0,0.0,0.0
3,5,0.0,0.0,0.0
3,5,0.0,0.0,0.0
3,5,0.0,0.0,0.0
3,5,0.0,0.0,0.0
3,5,0.0,0.0,0.0
3,5,0.0,0.0,0.0
3,5,0.0,0.0,0.0
3,5,0.0,0.0,0.0
3,5,0.0,0.0,0.0
3,5,0.0,0.0,0.0
3,5,0.0,0.0,0.0
3,5,0.0,0.0,0.0
3,5,0.0,0.0,0.0
3,5,0.0,0.0,0.0
3,5,0.0,0.0,0.0
3,5,0.0,0.0,0.0
3,5,0.0,0.0,0.0
3,5,0.0,0.0,0.0
3,5,0.0,0.0,0.0
3,5,0.0,0.0,0.0
3,5,0.0,0.0,0.0
3,5,0.0,0.0,0.0
3,5,0.0,0.0,0.0
3,5,0.0,0.0,0.0
3,5,0.0,0.0,0.0
3,5,0.0,0.0,0.0
3,5,0.0,0.0,0.0
3,5,0.0,0.0,0.0
3,5,0.0,0.0,0.0
3,5,0.0,0.0,0.0
3,5,0.0,0.0,0.0
3,5,0.0,0.0,0.0
3,5,0.0,0.0,0.0
3,5,0.0,0.0,0.0
3,5,0.0,0.0,0.0
3,5,0.0,0.0,0.0
3,5,0.0,0.0,0.0
3,5,0.0,0.0,0.0
3,5,0.0,0.0,0.0
3,5,0.0,0.0,0.0
3,5,0.0,0.0,0.0
3,5,0.0,0.0,0.0
3,5,0.0,0.0,0.0
3,5,0.0,0.0,0.0
3,5,0.0,0.0,0.0
3,5,0.0,0.0,0.0
3,5,0.0,0.0,0.0
3,5,0.0,0.0,0.0
3,5,0.0,0.0,0.0
3,5,0.0,0.0,0.0
3,5,0.0,0.0,0.0
3,5,0.0,0.0,0.0
3,5,0.0,0.0,0.0
3,5,0.0,0.0,0.0
3,5,0.0,0.0,0.0
3,5,0.0,0.0,0.0
3,5,0.0,0.0,0.0
3,5,0.0,0.0,0.0
3,5,0.0,0.0,0.0
3,5,0.0,0.0,0.0
3,5,0.0,0.0,0.0
3,5,0.0,0.0,0.0
3,5,0.0,0.0,0.0
3,5,0.0,0.0,0.0
3,5,0.0,0.0,0.0
3,5,0.0,0.0,0.0
3,5,0.0,0.0,0.0
3,5,0.0,0.0,0.0
3,5,0.0,0.0,0.0
3,5,0.0,0.0,0.0
3,5,0.0,0.0,0.0
3,5,0.0,0.0,0.0
3,5,0.0,0.0,0.0
3,5,0.0,0.0,0.0
3,5,0.0,0.0,0.0
3,5,0.0,0.0,0.0
3,5,0.0,0.0,0.0
3,5,0.0,0.0,0.0
3,5,0.0,0.0,0.0
3,5,0.0,0.0,0.0
3,5,0.0,0.0,0.0
3,5,0.0,0.0,0.0
3,5,0.0,0.0,0.0
3,5,0.0,0.0,0.0
3,5,0.0,0.0,0.0
3,5,0.0,0.0,0.0
3,5,0.0,0.0,0.0
3,5,0.0,0.0,0.0
3,5,0.0,0.0,0.0
3,5,0.0,0.0,0.0
3,5,0.0,0.0,6.6000000000000005
3,5,0.0,0.0,0.0
3,5,0.0,0.0,0.0
3,5,0.0,0.0,0.0
3,5,0.0,0.0,0.0
3,5,0.0,0.0,0.0
3,5,0.0,0.0,0.0
3,5,0.0,0.0,0.0
3,5,0.0,0.0,0.0
3,5,0.0,0.0,0.0
3,5,0.0,0.0,0.0
3,5,0.0,0.0,0.0
3,5,0.0,0.0,0.0
3,5,0.0,0.0,0.0
3,5,0.0,0.0,0.0
3,5,0.0,0.0,0.0
3,5,0.0,0.0,0.0
3,5,0.0,0.0,0.0
3,5,0.0,0.0,0.0
3,5,0.0,0.0,0.0
3,5,0.0,0.0,0.0
3,5,0.0,0.0,0.0
3,5,0.0,0.0,0.0
3,5,0.0,0.0,0.0
3,5,0.0,0.0,0.0
3,5,0.0,0.0,0.0
3,5,0.0,0.0,0.0
3,5,0.0,0.0,0.0
3,5,0.0,0.0,0.0
3,5,0.0,0.0,0.0
3,5,0.0,0.0,0.0
3,5,0.0,0.0,0.0
3,5,0.0,0.0,0.0
3,5,0.0,0.0,0.0
3,5,0.0,0.0,0.0
3,5,0.0,0.0,0.0
3,5,0.0,0.0,0.0
3,5,0.0,0.0,0.0
3,5,0.0,0.0,0.0
3,5,0.0,0.0,0.0
3,5,0.0,0.0,0.0
3,5,0.0,0.0,0.0
3,5,0.0,0.0,0.0
3,5,0.0,0.0,0.0
3,5,0.0,0.0,0.0
3,5,0.0,0.0,0.0
3,5,0.0,0.0,0.0
3,5,0.0,0.0,0.0
3,5,0.0,0.0,0.0
3,5,0.0,0.0,0.0
3,5,0.0,0.0,0.0
3,5,0.0,0.0,0.0
3,5,0.0,0.0,0.0
3,5,0.0,0.0,0.0
3,5,0.0,0.0,0.0
3,5,0.0,0.0,0.0
3,5,0.0,0.0,0.0
3,5,0.0,0.0,0.0
3,5,0.0,0.0,0.0
3,5,0.0,0.0,0.0
3,5,0.0,0.0,0.0
3,5,0.0,0.0,0.0
3,5,0.0,0.0,0.0
3,5,0.0,0.0,0.0
3,5,0.0,0.0,0.0
3,5,0.0,0.0,0.0
3,5,0.0,0.0,0.0
3,5,0.0,0.0,0.0
3,5,0.0,0.0,0.0
3,5,0.0,0.0,0.0
3,5,0.0,0.0,0.0
3,5,0.0,0.0,0.0
3,5,0.0,0.0,0.0
3,5,0.0,0.0,0.0
3,5,0.0,0.0,0.0
3,5,0.0,0.0,0.0
3,5,0.0,0.0,0.0
3,5,0.0,0.0,0.0
3,5,0.0,0.0,0.0
3,5,0.0,0.0,0.0
3,5,0.0,0.0,0.0
3,5,0.0,0.0,0.0
3,5,0.0,0.0,0.0
3,5,0.0,0.0,0.0
3,5,0.0,0.0,0.0
3,5,0.0,0.0,0.0
3,5,0.0,0.0,0.0
3,5,0.0,0.0,0.0
3,5,0.0,0.0,0.0
3,5,0.0,0.0,0.0
3,5,0.0,0.0,0.0
3,5,0.0,0.0,0.0
3,5,0.0,0.0,0.0
3,5,0.0,0.0,0.0
3,5,0.0,0.0,0.0
3,5,0.0,0.0,0.0
3,5,0.0,0.0,0.0
3,5,0.0,0.0,0.0
3,5,0.0,0.0,0.0
3,5,0.0,0.0,0.0
3,5,0.0,0.0,0.0
3,5,0.0,0.0,0.0
3,5,0.0,0.0,0.0
3,5,0.0,0.0,0.0
3,5,0.0,0.0,0.0
3,5,0.0,0.0,0.0
3,5,0.0,0.0,0.0
3,5,0.0,0.0,0.0
3,5,0.0,0.0,0.0
3,5,0.0,0.0,0.0
3,5,0.0,0.0,0.0
3,5,0.0,0.0,0.0
3,5,0.0,0.0,0.0
3,5,0.0,0.0,0.0
3,5,0.0,0.0,0.0
3,5,0.0,0.0,0.0
3,5,0.0,0.0,0.0
3,5,0.0,0.0,0.0
3,5,0.0,0.0,0.0
3,5,0.0,0.0,0.0
3,5,0.0,0.0,0.0
3,5,0.0,0.0,0.0
3,5,0.0,0.0,0.0
3,5,0.0,0.0,0.0
3,5,0.0,0.0,0.0
3,5,0.0,0.0,0.0
3,5,0.0,0.0,0.0
3,5,0.0,0.0,0.0
3,5,0.0,0.0,0.0
3,5,0.0,0.0,0.0
3,5,0.0,0.0,0.0
3,5,0.0,0.0,0.0
3,5,0.0,0.0,0.0
3,5,0.0,0.0,0.0
3,5,0.0,0.0,0.0
3,5,0.0,0.0,0.0
3,5,0.0,0.0,0.0
3,5,0.0,0.0,0.0
3,5,0.0,0.0,0.0
3,5,0.0,0.0,0.0
3,5,0.0,0.0,0.0
3,5,0.0,0.0,0.0
3,5,0.0,0.0,0.0
3,5,0.0,0.0,0.0
3,5,0.0,0.0,0.0
3,5,0.0,0.0,0.0
3,5,0.0,0.0,0.0
3,5,0.0,0.0,0.0
3,5,0.0,0.0,0.0
3,5,0.0,0.0,0.0
3,5,0.0,0.0,0.0
3,5,0.0,0.0,0.0
3,5,0.0,0.0,0.0
3,5,0.0,0.0,0.0
3,5,0.0,0.0,0.0
3,5,0.0,0.0,0.0
3,5,0.0,0.0,0.0
3,5,0.0,0.0,0.0
3,5,0.0,0.0,0.0
3,5,0.0,0.0,0.0
3,5,0.0,0.0,0.0
3,5,0.0,0.0,0.0
3,5,0.0,0.0,0.0
3,5,0.0,0.0,0.0
3,5,0.0,0.0,0.0
3,5,0.0,0.0,0.0
3,5,0.0,0.0,0.0
3,5,0.0,0.0,0.0
3,5,0.0,0.0,0.0
3,5,0.0,0.0,0.0
3,5,0.0,0.0,0.0
3,5,0.0,0.0,0.0
3,5,0.0,0.0,0.0
3,5,0.0,0.0,0.0
3,5,0.0,0.0,0.0
3,5,0.0,0.0,0.0
3,5,0.0,0.0,0.0
3,5,0.0,0.0,0.0
3,5,0.0,0.0,0.0
3,5,0.0,0.0,0.0
3,5,0.0,0.0,0.0
3,5,0.0,0.0,0.0
3,5,0.0,0.0,0.0
3,5,0.0,0.0,0.0
3,5,0.0,0.0,0.0
3,5,0.0,0.0,0.0
3,5,0.0,0.0,0.0
3,5,0.0,0.0,0.0
3,5,0.0,0.0,0.0
3,5,0.0,0.0,0.0
3,5,0.0,0.0,0.0
3,5,0.0,0.0,0.0
3,5,0.0,0.0,0.0
3,5,0.0,0.0,0.0
3,5,0.0,0.0,0.0
3,5,0.0,0.0,0.0
3,5,0.0,0.0,0.0
3,5,0.0,0.0,0.0
3,5,0.0,0.0,0.0
3,5,0.0,0.0,0.0
3,5,0.0,0.0,0.0
3,5,0.0,0.0,0.0
3,5,0.0,0.0,0.0
3,5,0.0,0.0,0.0
3,5,0.0,0.0,0.0
3,5,0.0,0.0,0.0
3,5,0.0,0.0,0.0
3,5,0.0,0.0,0.0
3,5,0.0,0.0,0.0
3,5,0.0,0.0,0.0
3,5,0.0,0.0,0.0
3,5,0.0,0.0,0.0
3,5,0.0,0.0,0.0
3,5,0.0,0.0,0.0
3,5,0.0,0.0,0.0
3,5,0.0,0.0,0.0
3,5,0.0,0.0,0.0
3,5,0.0,0.0,0.0
3,5,0.0,0.0,0.0
3,5,0.0,0.0,0.0
3,5,0.0,0.0,0.0
3,5,0.0,0.0,0.0
3,5,0.0,0.0,0.0
3,5,0.0,0.0,0.0
3,5,0.0,0.0,0.0
3,5,0.0,0.0,0.0
3,5,0.0,0.0,0.0
3,5,0.0,0.0,0.0
3,5,0.0,0.0,0.0
3,5,0.0,0.0,0.0
3,5,0.0,0.0,0.0
3,5,0.0,0.0,0.0
3,5,0.0,0.0,0.0
3,5,0.0,0.0,0.0
3,5,0.0,0.0,0.0
3,5,0.0,0.0,0.0
3,5,0.0,0.0,0.0
3,5,0.0,0.0,0.0
3,5,0.0,0.0,0.0
3,5,0.0,0.0,0.0
3,5,0.0,0.0,0.0
3,5,0.0,0.0,0.0
3,5,0.0,0.0,0.0
3,5,0.0,0.0,0.0
3,5,0.0,0.0,0.0
3,5,0.0,0.0,0.0
3,5,0.0,0.0,0.0
3,5,0.0,0.0,0.0
3,5,0.0,0.0,0.0
3,5,0.0,0.0,0.0
3,5,0.0,0.0,0.0
3,5,0.0,0.0,0.0
3,5,0.0,0.0,0.0
3,5,0.0,0.0,0.0
3,5,0.0,0.0,0.0
3,5,0.0,0.0,0.0
3,5,0.0,0.0,0.0
3,5,0.0,0.0,0.0
3,5,0.0,0.0,0.0
3,5,0.0,0.0,0.0
3,5,0.0,0.0,0.0
3,5,0.0,0.0,0.0
3,5,0.0,0.0,0.0
3,5,0.0,0.0,0.0
3,5,0.0,0.0,0.0
3,5,0.0,0.0,0.0
3,5,0.0,0.0,0.0
3,5,0.0,0.0,0.0
3,5,0.0,0.0,0.0
3,5,0.0,0.0,0.0
3,5,0.0,0.0,0.0
3,5,0.0,0.0,0.0
3,5,0.0,0.0,0.0
3,5,0.0,0.0,0.0
3,5,0.0,0.0,0.0
3,5,0.0,0.0,0.0
3,5,0.0,0.0,0.0
3,5,0.0,0.0,0.0
3,5,0.0,0.0,0.0
3,5,0.0,0.0,0.0
3,5,0.0,0.0,0.0
3,5,0.0,0.0,0.0
3,5,0.0,0.0,0.0
3,5,0.0,0.0,0.0
3,5,0.0,0.0,0.0
3,5,0.0,0.0,0.0
3,5,0.0,0.0,0.0
3,5,0.0,0.0,0.0
3,5,0.0,0.0,0.0
3,5,0.0,0.0,0.0
3,5,0.0,0.0,0.0
3,5,0.0,0.0,0.0
3,5,0.0,0.0,0.0
3,5,0.0,0.0,0.0
3,5,0.0,0.0,0.0
3,5,0.0,0.0,0.0
3,5,0.0,0.0,0.0
3,5,0.0,0.0,0.0
3,5,0.0,0.0,0.0
3,5,0.0,0.0,0.0
3,5,0.0,0.0,0.0
3,5,0.0,0.0,0.0
3,5,0.0,0.0,0.0
3,5,0.0,0.0,0.0
3,5,0.0,0.0,0.0
3,5,0.0,0.0,0.0
3,5,0.0,0.0,0.0
3,5,0.0,0.0,0.0
3,5,0.0,0.0,0.0
3,5,0.0,0.0,0.0
3,5,0.0,0.0,0.0
3,5,0.0,0.0,0.0
3,5,0.0,0.0,0.0
3,5,0.0,0.0,0.0
3,5,0.0,0.0,0.0
3,5,0.0,0.0,0.0
3,5,0.0,0.0,0.0
3,5,0.0,0.0,0.0
3,5,0.0,0.0,0.0
3,5,0.0,0.0,0.0
3,5,0.0,0.0,0.0
3,5,0.0,0.0,0.0
3,5,0.0,0.0,0.0
3,5,0.0,0.0,0.0
3,5,0.0,0.0,0.0
3,5,0.0,0.0,0.0
3,5,0.0,0.0,0.0
3,5,0.0,0.0,0.0
3,5,0.0,0.0,0.0
3,5,0.0,0.0,0.0
3,5,0.0,0.0,0.0
3,5,0.0,0.0,0.0
3,5,0.0,0.0,0.0
3,5,0.0,0.0,0.0
3,5,0.0,0.0,0.0
3,5,0.0,0.0,0.0
3,5,0.0,0.0,0.0
3,5,0.0,0.0,0.0
3,5,0.0,0.0,0.0
3,5,0.0,0.0,0.0
3,5,0.0,0.0,0.0
3,5,0.0,0.0,0.0
3,5,0.0,0.0,0.0
3,5,0.0,0.0,0.0
3,5,0.0,0.0,0.0
3,5,0.0,0.0,0.0
3,5,0.0,0.0,0.0
3,5,0.0,0.0,0.0
3,5,0.0,0.0,0.0
3,5,0.0,0.0,0.0
3,5,0.0,0.0,0.0
3,5,0.0,0.0,0.0
3,5,0.0,0.0,0.0
3,5,0.0,0.0,0.0
3,5,0.0,0.0,0.0
3,5,0.0,0.0,0.0
3,5,0.0,0.0,0.0
3,5,0.0,0.0,0.0
3,5,0.0,0.0,0.0
3,5,0.0,0.0,0.0
3,5,0.0,0.0,0.0
3,5,0.0,0.0,0.0
3,5,0.0,0.0,0.0
3,5,0.0,0.0,0.0
3,5,0.0,0.0,0.0
3,5,0.0,0.0,0.0
3,5,0.0,0.0,0.0
3,5,0.0,0.0,0.0
3,5,0.0,0.0,0.0
3,5,0.0,0.0,0.0
3,5,0.0,0.0,0.0
3,5,0.0,0.0,0.0
3,5,0.0,0.0,0.0
3,5,0.0,0.0,0.0
3,5,0.0,0.0,0.0
3,5,0.0,0.0,0.0
3,5,0.0,0.0,0.0
3,5,0.0,0.0,0.0
3,5,0.0,0.0,0.0
3,5,0.0,0.0,0.0
3,5,0.0,0.0,0.0
3,5,0.0,0.0,0.0
3,5,0.0,0.0,0.0
3,5,0.0,0.0,0.0
3,5,0.0,0.0,0.0
3,5,0.0,0.0,0.0
3,5,0.0,0.0,0.0
3,5,0.0,0.0,0.0
3,5,0.0,0.0,0.0
3,5,0.0,0.0,0.0
3,5,0.0,0.0,0.0
3,5,0.0,0.0,0.0
3,5,0.0,0.0,0.0
3,5,0.0,0.0,0.0
3,5,0.0,0.0,0.0
3,5,0.0,0.0,0.0
3,5,0.0,0.0,0.0
3,5,0.0,0.0,0.0
3,5,0.0,0.0,0.0
3,5,0.0,0.0,0.0
3,5,0.0,0.0,0.0
3,5,0.0,0.0,0.0
3,5,0.0,0.0,0.0
3,5,0.0,0.0,0.0
3,5,0.0,0.0,0.0
3,5,0.0,0.0,0.0
3,5,0.0,0.0,0.0
3,5,0.0,0.0,0.0
3,5,0.0,0.0,69.95999999999998
3,5,0.0,0.0,0.0
3,5,0.0,0.0,0.0
3,5,0.0,0.0,0.0
3,5,0.0,0.0,0.0
3,5,0.0,0.0,0.0
3,5,0.0,0.0,0.0
3,5,0.0,0.0,0.0
3,5,0.0,0.0,0.0
3,5,0.0,0.0,0.0
3,5,0.0,0.0,0.0
3,5,0.0,0.0,0.0
3,5,0.0,0.0,0.0
3,5,0.0,0.0,0.0
3,5,0.0,0.0,0.0
3,5,0.0,0.0,0.0
3,5,0.0,0.0,0.0
3,5,0.0,0.0,0.0
3,5,0.0,0.0,0.0
3,5,0.0,0.0,0.0
3,5,0.0,0.0,0.0
3,5,0.0,0.0,0.0
3,5,0.0,0.0,21.12
3,5,0.0,0.0,0.0
3,5,0.0,0.0,0.0
3,5,0.0,0.0,0.0
3,5,0.0,0.0,0.0
3,5,0.0,0.0,0.0
3,5,0.0,0.0,0.0
3,5,0.0,0.0,0.0
3,5,0.0,0.0,0.0
3,5,0.0,0.0,0.0
3,5,0.0,0.0,0.0
3,5,0.0,0.0,0.0
3,5,0.0,0.0,0.0
3,5,0.0,0.0,0.0
3,5,0.0,0.0,0.0
3,5,0.0,0.0,0.0
3,5,0.0,0.0,0.0
3,5,0.0,0.0,0.0
3,5,0.0,0.0,0.0
3,5,0.0,0.0,0.0
3,5,0.0,0.0,0.0
3,5,0.0,0.0,0.0
3,5,0.0,0.0,0.0
3,5,0.0,0.0,0.0
3,5,0.0,0.0,0.0
3,5,0.0,0.0,0.0
3,5,0.0,0.0,0.0
3,5,0.0,0.0,0.0
3,5,0.0,0.0,0.0
3,5,0.0,0.0,0.0
3,5,0.0,0.0,0.0
3,5,0.0,0.0,0.0
3,5,0.0,0.0,0.0
3,5,0.0,0.0,0.0
3,5,0.0,0.0,0.0
3,5,0.0,0.0,0.0
3,5,0.0,0.0,0.0
3,5,0.0,0.0,0.0
3,5,0.0,0.0,0.0
3,5,0.0,0.0,0.0
3,5,0.0,0.0,0.0
3,5,0.0,0.0,0.0
3,5,0.0,0.0,0.0
3,5,0.0,0.0,0.0
3,5,0.0,0.0,0.0
3,5,0.0,0.0,0.0
3,5,0.0,0.0,0.0
3,5,0.0,0.0,0.0
3,5,0.0,0.0,0.0
3,5,0.0,0.0,0.0
3,5,0.0,0.0,0.0
3,5,0.0,0.0,0.0
3,5,0.0,0.0,0.0
3,5,0.0,0.0,0.0
3,5,0.0,0.0,0.0
3,5,0.0,0.0,0.0
3,5,0.0,0.0,0.0
3,5,0.0,0.0,0.0
3,5,0.0,0.0,0.0
3,5,0.0,0.0,0.0
3,5,0.0,0.0,0.0
3,5,0.0,0.0,0.0
3,5,0.0,0.0,0.0
3,5,0.0,0.0,0.0
3,5,0.0,0.0,0.0
3,5,0.0,0.0,0.0
3,5,0.0,0.0,0.0
3,5,0.0,0.0,0.0
3,5,0.0,0.0,0.0
3,5,0.0,0.0,0.0
3,5,0.0,0.0,0.0
3,5,0.0,0.0,0.0
3,5,0.0,0.0,0.0
3,5,0.0,0.0,0.0
3,5,0.0,0.0,0.0
3,5,0.0,0.0,0.0
3,5,0.0,0.0,0.0
3,5,0.0,0.0,0.0
3,5,0.0,0.0,0.0
3,5,0.0,0.0,0.0
3,5,0.0,0.0,0.0
3,5,0.0,0.0,0.0
3,5,0.0,0.0,0.0
3,5,0.0,0.0,0.0
3,5,0.0,0.0,0.0
3,5,0.0,0.0,0.0
3,5,0.0,0.0,0.0
3,5,0.0,0.0,0.0
3,5,0.0,0.0,0.0
3,5,0.0,0.0,0.0
3,5,0.0,0.0,0.0
3,5,0.0,0.0,0.0
3,5,0.0,0.0,0.0
3,5,0.0,0.0,0.0
3,5,0.0,0.0,0.0
3,5,0.0,0.0,0.0
3,5,0.0,0.0,0.0
3,5,0.0,0.0,0.0
3,5,0.0,0.0,0.0
3,5,0.0,0.0,0.0
3,5,0.0,0.0,0.0
3,5,0.0,0.0,0.0
3,5,0.0,0.0,0.0
3,5,0.0,0.0,0.0
3,5,0.0,0.0,0.0
3,5,0.0,0.0,0.0
3,5,0.0,0.0,0.0
3,5,0.0,0.0,0.0
3,5,0.0,0.0,0.0
3,5,0.0,0.0,0.0
3,5,0.0,0.0,0.0
3,5,0.0,0.0,0.0
3,5,0.0,0.0,0.0
3,5,0.0,0.0,0.0
3,5,0.0,0.0,0.0
3,5,0.0,0.0,0.0
3,5,0.0,0.0,0.0
3,5,0.0,0.0,0.0
3,5,0.0,0.0,0.0
3,5,0.0,0.0,0.0
3,5,0.0,0.0,0.0
3,5,0.0,0.0,0.0
3,5,0.0,0.0,0.0
3,5,0.0,0.0,0.0
3,5,0.0,0.0,0.0
3,5,0.0,0.0,0.0
3,5,0.0,0.0,0.0
3,5,0.0,0.0,0.0
3,5,0.0,0.0,0.0
3,5,0.0,0.0,0.0
3,5,0.0,0.0,0.0
3,5,0.0,0.0,0.0
3,5,0.0,0.0,0.0
3,5,0.0,0.0,0.0
3,5,0.0,0.0,0.0
3,5,0.0,0.0,0.0
3,5,0.0,0.0,0.0
3,5,0.0,0.0,0.0
3,5,0.0,0.0,0.0
3,5,0.0,0.0,0.0
3,5,0.0,0.0,0.0
3,5,0.0,0.0,0.0
3,5,0.0,0.0,0.0
3,5,0.0,0.0,0.0
3,5,0.0,0.0,0.0
3,5,0.0,0.0,0.0
3,5,0.0,0.0,0.0
3,5,0.0,0.0,0.0
3,5,0.0,0.0,0.0
3,5,0.0,0.0,0.0
3,5,0.0,0.0,0.0
3,5,0.0,0.0,0.0
3,5,0.0,0.0,0.0
3,5,0.0,0.0,0.0
3,5,0.0,0.0,0.0
3,5,0.0,0.0,0.0
3,5,0.0,0.0,0.0
3,5,0.0,0.0,0.0
3,5,0.0,0.0,0.0
3,5,0.0,0.0,0.0
3,5,0.0,0.0,0.0
3,5,0.0,0.0,0.0
3,5,0.0,0.0,0.0
3,5,0.0,0.0,0.0
3,5,0.0,0.0,0.0
3,5,0.0,0.0,0.0
3,5,0.0,0.0,0.0
3,5,0.0,0.0,0.0
3,5,0.0,0.0,0.0
3,5,0.0,0.0,0.0
3,5,0.0,0.0,0.0
3,5,0.0,0.0,0.0
3,5,0.0,0.0,0.0
3,5,0.0,0.0,0.0
3,5,0.0,0.0,0.0
3,5,0.0,0.0,0.0
3,5,0.0,0.0,0.0
3,5,0.0,0.0,0.0
3,5,0.0,0.0,0.0
3,5,0.0,0.0,0.0
3,5,0.0,0.0,0.0
3,5,0.0,0.0,0.0
3,5,0.0,0.0,0.0
3,5,0.0,0.0,0.0
3,5,0.0,0.0,0.0
3,5,0.0,0.0,0.0
3,5,0.0,0.0,0.0
3,5,0.0,0.0,0.0
3,5,0.0,0.0,0.0
3,5,0.0,0.0,0.0
3,5,0.0,0.0,0.0
3,5,0.0,0.0,0.0
3,5,0.0,0.0,0.0
3,5,0.0,0.0,0.0
3,5,0.0,0.0,0.0
3,5,0.0,0.0,0.0
3,5,0.0,0.0,0.0
3,5,0.0,0.0,0.0
3,5,0.0,0.0,0.0
3,5,0.0,0.0,0.0
3,5,0.0,0.0,0.0
3,5,0.0,0.0,0.0
3,5,0.0,0.0,0.0
3,5,0.0,0.0,0.0
3,5,0.0,0.0,0.0
3,5,0.0,0.0,0.0
3,5,0.0,0.0,0.0
3,5,0.0,0.0,0.0
3,5,0.0,0.0,0.0
3,5,0.0,0.0,0.0
3,5,0.0,0.0,0.0
3,5,0.0,0.0,0.0
3,5,0.0,0.0,0.0
3,5,0.0,0.0,0.0
3,5,0.0,0.0,0.0
3,5,0.0,0.0,0.0
3,5,0.0,0.0,0.0
3,5,0.0,0.0,0.0
3,5,0.0,0.0,0.0
3,5,0.0,0.0,0.0
3,5,0.0,0.0,0.0
3,5,0.0,0.0,0.0
3,5,0.0,0.0,0.0
3,5,0.0,0.0,0.0
3,5,0.0,0.0,0.0
3,5,0.0,0.0,0.0
3,5,0.0,0.0,0.0
3,5,0.0,0.0,0.0
3,5,0.0,0.0,0.0
3,5,0.0,0.0,0.0
3,5,0.0,0.0,0.0
3,5,0.0,0.0,0.0
3,5,0.0,0.0,0.0
3,5,0.0,0.0,0.0
3,5,0.0,0.0,0.0
3,5,0.0,0.0,0.0
3,5,0.0,0.0,0.0
3,5,0.0,0.0,0.0
3,5,0.0,0.0,0.0
3,5,0.0,0.0,0.0
3,5,0.0,0.0,0.0
3,5,0.0,0.0,0.0
3,5,0.0,0.0,0.0
3,5,0.0,0.0,0.0
3,5,0.0,0.0,0.0
3,5,0.0,0.0,0.0
3,5,0.0,0.0,0.0
3,5,0.0,0.0,0.0
3,5,0.0,0.0,0.0
3,5,0.0,0.0,0.0
3,5,0.0,0.0,0.0
3,5,0.0,0.0,0.0
3,5,0.0,0.0,0.0
3,5,0.0,0.0,0.0
3,5,0.0,0.0,0.0
3,5,0.0,0.0,0.0
3,5,0.0,0.0,0.0
3,5,0.0,0.0,0.0
3,5,0.0,0.0,0.0
3,5,0.0,0.0,0.0
3,5,0.0,0.0,0.0
3,5,0.0,0.0,0.0
3,5,0.0,0.0,0.0
3,5,0.0,0.0,0.0
3,5,0.2414757162387744,0.0,36.96
3,5,0.0,0.0,0.0
3,5,0.0,0.0,0.0
3,5,0.0,0.0,0.0
3,5,0.0,0.0,0.0
3,5,0.0,0.0,0.0
3,5,0.0,0.0,0.0
3,5,0.0,0.0,0.0
3,5,0.0,0.0,0.0
3,5,0.0,0.0,0.0
3,5,0.0,0.0,0.0
3,5,0.0,0.0,0.0
3,5,0.0,0.0,0.0
3,5,0.0,0.0,0.0
3,5,0.0,0.0,0.0
3,5,0.0,0.0,0.0
3,5,0.0,0.0,0.0
3,5,0.0,0.0,0.0
3,5,0.0,0.0,0.0
3,5,0.0,0.0,0.0
3,5,0.0,0.0,0.0
3,5,0.0,0.0,0.0
3,5,0.0,0.0,0.0
3,5,0.0,0.0,0.0
3,5,0.0,0.0,0.0
3,5,0.0,0.0,0.0
3,5,0.0,0.0,0.0
3,5,0.0,0.0,0.0
3,5,0.0,0.0,0.0
3,5,0.0,0.0,0.0
3,5,0.0,0.0,0.0
3,5,0.0,0.0,0.0
3,5,0.0,0.0,0.0
3,5,0.0,0.0,0.0
3,5,0.0,0.0,0.0
3,5,0.0,0.0,0.0
3,5,0.0,0.0,0.0
3,5,0.0,0.0,0.0
3,5,0.0,0.0,0.0
3,5,0.0,0.0,0.0
3,5,0.0,0.0,0.0
3,5,0.0,0.0,0.0
3,5,0.0,0.0,0.0
3,5,0.0,0.0,0.0
3,5,0.0,0.0,0.0
3,5,0.0,0.0,0.0
3,5,0.0,0.0,0.0
3,5,0.0,0.0,0.0
3,5,0.0,0.0,0.0
3,5,0.0,0.0,0.0
3,5,0.0,0.0,0.0
3,5,0.0,0.0,0.0
3,5,0.0,0.0,0.0
3,5,0.0,0.0,0.0
3,5,0.0,0.0,0.0
3,5,0.0,0.0,0.0
3,5,0.0,0.0,0.0
3,5,0.0,0.0,0.0
3,5,0.0,0.0,0.0
3,5,0.0,0.0,0.0
3,5,0.0,0.0,0.0
3,5,0.0,0.0,0.0
3,5,0.0,0.0,0.0
3,5,0.0,0.0,0.0
3,5,0.0,0.0,0.0
3,5,0.0,0.0,0.0
3,5,0.0,0.0,0.0
3,5,0.0,0.0,0.0
3,5,0.0,0.0,0.0
3,5,0.0,0.0,0.0
3,5,0.0,0.0,0.0
3,5,0.0,0.0,0.0
3,5,0.0,0.0,0.0
3,5,0.0,0.0,0.0
3,5,0.0,0.0,0.0
3,5,0.0,0.0,0.0
3,5,0.0,0.0,0.0
3,5,0.0,0.0,0.0
3,5,0.0,0.0,0.0
3,5,0.0,0.0,0.0
3,5,0.0,0.0,0.0
3,5,0.0,0.0,0.0
3,5,0.0,0.0,0.0
3,5,0.0,0.0,0.0
3,5,0.0,0.0,0.0
3,5,0.0,0.0,0.0
3,5,0.0,0.0,0.0
3,5,0.0,0.0,0.0
3,5,0.0,0.0,0.0
3,5,0.0,0.0,0.0
3,5,0.0,0.0,0.0
3,5,0.0,0.0,0.0
3,5,0.0,0.0,0.0
3,5,0.0,0.0,0.0
3,5,0.0,0.0,0.0
3,5,0.0,0.0,0.0
3,5,0.0,0.0,0.0
3,5,0.0,0.0,0.0
3,5,0.0,0.0,0.0
3,5,0.0,0.0,0.0
3,5,0.0,0.0,0.0
3,5,0.0,0.0,0.0
3,5,0.0,0.0,0.0
3,5,0.0,0.0,0.0
3,5,0.0,0.0,0.0
3,5,0.0,0.0,0.0
3,5,0.0,0.0,0.0
3,5,0.0,0.0,0.0
3,5,0.0,0.0,0.0
3,5,0.0,0.0,0.0
3,5,0.0,0.0,0.0
3,5,0.0,0.0,0.0
3,5,0.0,0.0,0.0
3,5,0.0,0.0,0.0
3,5,0.0,0.0,0.0
3,5,0.0,0.0,0.0
3,5,0.0,0.0,0.0
3,5,0.0,0.0,0.0
3,5,0.0,0.0,0.0
3,5,0.0,0.0,0.0
3,5,0.0,0.0,0.0
3,5,0.0,0.0,0.0
3,5,0.0,0.0,0.0
3,5,0.0,0.0,0.0
3,5,0.0,0.0,0.0
3,5,0.0,0.0,0.0
3,5,0.0,0.0,0.0
3,5,0.0,0.0,0.0
3,5,0.0,0.0,0.0
3,5,0.0,0.0,0.0
3,5,0.0,0.0,0.0
3,5,0.0,0.0,0.0
3,5,0.0,0.0,0.0
3,5,0.0,0.0,0.0
3,5,0.0,0.0,0.0
3,5,0.0,0.0,0.0
3,5,0.0,0.0,0.0
3,5,0.0,0.0,0.0
3,5,0.0,0.0,0.0
3,5,0.0,0.0,0.0
3,5,0.0,0.0,0.0
3,5,0.0,0.0,0.0
3,5,0.0,0.0,0.0
3,5,0.0,0.0,0.0
3,5,0.0,0.0,0.0
3,5,0.0,0.0,0.0
3,5,0.0,0.0,0.0
3,5,0.0,0.0,0.0
3,5,0.0,0.0,0.0
3,5,0.0,0.0,0.0
3,5,0.0,0.0,0.0
3,5,0.0,0.0,0.0
3,5,0.0,0.0,0.0
3,5,0.0,0.0,0.0
3,5,0.0,0.0,0.0
3,5,0.0,0.0,0.0
3,5,0.0,0.0,0.0
3,5,0.0,0.0,0.0
3,5,0.0,0.0,0.0
3,5,0.0,0.0,0.0
3,5,0.0,0.0,40.92
3,5,0.0,0.0,0.0
3,5,0.0,0.0,0.0
3,5,0.0,0.0,0.0
3,5,0.0,0.0,0.0
3,5,0.0,0.0,0.0
3,5,0.0,0.0,0.0
3,5,0.0,0.0,0.0
3,5,0.0,0.0,0.0
3,5,0.0,0.0,0.0
3,5,0.0,0.0,0.0
3,5,0.0,0.0,0.0
3,5,0.0,0.0,0.0
3,5,0.0,0.0,0.0
3,5,0.0,0.0,0.0
3,5,0.0,0.0,0.0
3,5,0.0,0.0,0.0
3,5,0.0,0.0,0.0
3,5,0.0,0.0,0.0
3,5,0.0,0.0,0.0
3,5,0.0,0.0,0.0
3,5,0.0,0.0,0.0
3,5,0.0,0.0,0.0
3,5,0.0,0.0,0.0
3,5,0.0,0.0,0.0
3,5,0.0,0.0,0.0
3,5,0.0,0.0,0.0
3,5,0.0,0.0,0.0
3,5,0.0,0.0,0.0
3,5,0.0,0.0,0.0
3,5,0.0,0.0,0.0
3,5,0.0,0.0,0.0
3,5,0.0,0.0,0.0
3,5,0.0,0.0,0.0
3,5,0.0,0.0,0.0
3,5,0.0,0.0,0.0
3,5,0.0,0.0,0.0
3,5,0.0,0.0,0.0
3,5,0.0,0.0,0.0
3,5,0.0,0.0,0.0
3,5,0.0,0.0,0.0
3,5,0.0,0.0,0.0
3,5,0.0,0.0,0.0
3,5,0.0,0.0,0.0
3,5,0.0,0.0,0.0
3,5,0.0,0.0,0.0
3,5,0.0,0.0,0.0
3,5,0.0,0.0,0.0
3,5,0.0,0.0,0.0
3,5,0.0,0.0,0.0
3,5,0.0,0.0,0.0
3,5,0.0,0.0,0.0
3,5,0.0,0.0,0.0
3,5,0.0,0.0,0.0
3,5,0.0,0.0,0.0
3,5,0.0,0.0,0.0
3,5,0.0,0.0,0.0
3,5,0.0,0.0,0.0
3,5,0.0,0.0,0.0
3,5,0.0,0.0,0.0
3,5,0.0,0.0,0.0
3,5,0.0,0.0,0.0
3,5,0.0,0.0,0.0
3,5,0.0,0.0,0.0
3,5,0.0,0.0,0.0
3,5,0.0,0.0,0.0
3,5,0.0,0.0,0.0
3,5,0.0,0.0,0.0
3,5,0.0,0.0,0.0
3,5,0.0,0.0,0.0
3,5,0.0,0.0,0.0
3,5,0.0,0.0,0.0
3,5,0.0,0.0,0.0
3,5,0.0,0.0,0.0
3,5,0.0,0.0,0.0
3,5,0.0,0.0,0.0
3,5,0.0,0.0,0.0
3,5,0.0,0.0,0.0
3,5,0.0,0.0,0.0
3,5,0.0,0.0,0.0
3,5,0.0,0.0,0.0
3,5,0.0,0.0,0.0
3,5,0.0,0.0,0.0
3,5,0.0,0.0,0.0
3,5,0.0,0.0,0.0
3,5,0.0,0.0,0.0
3,5,0.0,0.0,0.0
3,5,0.0,0.0,0.0
3,5,0.0,0.0,0.0
3,5,0.0,0.0,0.0
3,5,0.0,0.0,0.0
3,5,0.0,0.0,0.0
3,5,0.0,0.0,0.0
3,5,0.0,0.0,0.0
3,5,0.0,0.0,0.0
3,5,0.0,0.0,0.0
3,5,0.0,0.0,0.0
3,5,0.0,0.0,0.0
3,5,0.0,0.0,0.0
3,5,0.0,0.0,0.0
3,5,0.0,0.0,0.0
3,5,0.0,0.0,0.0
3,5,0.0,0.0,0.0
3,5,0.0,0.0,0.0
3,5,0.0,0.0,0.0
3,5,0.0,0.0,0.0
3,5,0.0,0.0,0.0
3,5,0.0,0.0,0.0
3,5,0.0,0.0,0.0
3,5,0.0,0.0,0.0
3,5,0.0,0.0,0.0
3,5,0.0,0.0,0.0
3,5,0.0,0.0,0.0
3,5,0.0,0.0,0.0
3,5,0.0,0.0,0.0
3,5,0.0,0.0,0.0
3,5,0.0,0.0,0.0
3,5,0.0,0.0,0.0
3,5,0.0,0.0,0.0
3,5,0.0,0.0,0.0
3,5,0.0,0.0,0.0
3,5,0.0,0.0,0.0
3,5,0.0,0.0,0.0
3,5,0.0,0.0,0.0
3,5,0.0,0.0,0.0
3,5,0.0,0.0,0.0
3,5,0.0,0.0,0.0
3,5,0.0,0.0,0.0
3,5,0.0,0.0,0.0
3,5,0.0,0.0,0.0
3,5,0.0,0.0,0.0
3,5,0.0,0.0,0.0
3,5,0.0,0.0,0.0
3,5,0.0,0.0,0.0
3,5,0.0,0.0,0.0
3,5,0.0,0.0,0.0
3,5,0.0,0.0,0.0
3,5,0.0,0.0,0.0
3,5,0.0,0.0,0.0
3,5,0.0,0.0,0.0
3,5,0.0,0.0,0.0
3,5,0.0,0.0,0.0
3,5,0.0,0.0,0.0
3,5,0.0,0.0,0.0
3,5,0.0,0.0,0.0
3,5,0.0,0.0,0.0
3,5,0.0,0.0,0.0
3,5,0.0,0.0,0.0
3,5,0.0,0.0,0.0
3,5,0.0,0.0,0.0
3,5,0.0,0.0,0.0
3,5,0.0,0.0,0.0
3,5,0.0,0.0,0.0
3,5,0.0,0.0,0.0
3,5,0.0,0.0,0.0
3,5,0.0,0.0,0.0
3,5,0.0,0.0,0.0
3,5,0.0,0.0,0.0
3,5,0.0,0.0,0.0
3,5,0.0,0.0,0.0
3,5,0.0,0.0,0.0
3,5,0.0,0.0,0.0
3,5,0.0,0.0,0.0
3,5,0.0,0.0,0.0
3,5,0.0,0.0,0.0
3,5,0.0,0.0,0.0
3,5,0.0,0.0,0.0
3,5,0.0,0.0,0.0
3,5,0.0,0.0,0.0
3,5,0.0,0.0,0.0
3,5,0.0,0.0,0.0
3,5,0.0,0.0,0.0
3,5,0.0,0.0,0.0
3,5,0.0,0.0,0.0
3,5,0.0,0.0,0.0
3,5,0.0,0.0,0.0
3,5,0.0,0.0,0.0
3,5,0.0,0.0,0.0
3,5,0.0,0.0,0.0
3,5,0.0,0.0,0.0
3,5,0.0,0.0,0.0
3,5,0.0,0.0,0.0
3,5,0.0,0.0,0.0
3,5,0.0,0.0,0.0
3,5,0.0,0.0,0.0
3,5,0.0,0.0,0.0
3,5,0.0,0.0,0.0
3,5,0.0,0.0,0.0
3,5,0.0,0.0,0.0
3,5,0.0,0.0,0.0
3,5,0.0,0.0,0.0
3,5,0.0,0.0,0.0
3,5,0.0,0.0,0.0
3,5,0.0,0.0,0.0
3,5,0.0,0.0,0.0
3,5,0.0,0.0,0.0
3,5,0.0,0.0,0.0
3,5,0.0,0.0,0.0
3,5,0.0,0.0,0.0
3,5,0.0,0.0,0.0
3,5,0.0,0.0,7.920000000000001
3,5,0.0,0.0,0.0
3,5,0.0,0.0,0.0
3,5,0.0,0.0,0.0
3,5,0.0,0.0,0.0
3,5,0.0,0.0,0.0
3,5,0.0,0.0,0.0
3,5,0.0,0.0,0.0
3,5,0.0,0.0,0.0
3,5,0.0,0.0,0.0
3,5,0.0,0.0,0.0
3,5,0.0,0.0,0.0
3,5,0.0,0.0,0.0
3,5,0.0,0.0,0.0
3,5,0.0,0.0,0.0
3,5,0.0,0.0,0.0
3,5,0.0,0.0,0.0
3,5,0.0,0.0,0.0
3,5,0.0,0.0,0.0
3,5,0.0,0.0,0.0
3,5,0.0,0.0,0.0
3,5,0.0,0.0,0.0
3,5,0.0,0.0,0.0
3,5,0.0,0.0,0.0
3,5,0.0,0.0,0.0
3,5,0.0,0.0,0.0
3,5,0.0,0.0,0.0
3,5,0.0,0.0,0.0
3,5,0.0,0.0,0.0
3,5,0.0,0.0,0.0
3,5,0.0,0.0,0.0
3,5,0.0,0.0,0.0
3,5,0.0,0.0,0.0
3,5,0.0,0.0,0.0
3,5,0.0,0.0,0.0
3,5,0.0,0.0,0.0
3,5,0.0,0.0,0.0
3,5,0.0,0.0,0.0
3,5,0.0,0.0,0.0
3,5,0.0,0.0,0.0
3,5,0.0,0.0,0.0
3,5,0.0,0.0,0.0
3,5,0.0,0.0,0.0
3,5,0.0,0.0,0.0
3,5,0.0,0.0,0.0
3,5,0.0,0.0,0.0
3,5,0.0,0.0,0.0
3,5,0.0,0.0,0.0
3,5,0.0,0.0,0.0
3,5,0.0,0.0,0.0
3,5,0.0,0.0,0.0
3,5,0.0,0.0,0.0
3,5,0.0,0.0,0.0
3,5,0.0,0.0,0.0
3,5,0.0,0.0,0.0
3,5,0.0,0.0,0.0
3,5,0.0,0.0,0.0
3,5,0.0,0.0,0.0
3,5,0.0,0.0,0.0
3,5,0.0,0.0,0.0
3,5,0.0,0.0,0.0
3,5,0.0,0.0,0.0
3,5,0.0,0.0,0.0
3,5,0.0,0.0,0.0
3,5,0.0,0.0,0.0
3,5,0.0,0.0,0.0
3,5,0.0,0.0,0.0
3,5,0.0,0.0,0.0
3,5,0.0,0.0,0.0
3,5,0.0,0.0,0.0
3,5,0.0,0.0,0.0
3,5,0.0,0.0,0.0
3,5,0.0,0.0,0.0
3,5,0.0,0.0,0.0
3,5,0.0,0.0,0.0
3,5,0.0,0.0,0.0
3,5,0.0,0.0,0.0
3,5,0.0,0.0,0.0
3,5,0.0,0.0,0.0
3,5,0.0,0.0,0.0
3,5,0.0,0.0,0.0
3,5,0.0,0.0,0.0
3,5,0.0,0.0,0.0
3,5,0.0,0.0,0.0
3,5,0.0,0.0,0.0
3,5,0.0,0.0,0.0
3,5,0.0,0.0,0.0
3,5,0.0,0.0,0.0
3,5,0.0,0.0,0.0
3,5,0.0,0.0,0.0
3,5,0.0,0.0,0.0
3,5,0.0,0.0,0.0
3,5,0.0,0.0,0.0
3,5,0.0,0.0,0.0
3,5,0.0,0.0,0.0
3,5,0.0,0.0,0.0
3,5,0.0,0.0,0.0
3,5,0.0,0.0,0.0
3,5,0.0,0.0,0.0
3,5,0.0,0.0,0.0
3,5,0.0,0.0,0.0
3,5,0.0,0.0,0.0
3,5,0.0,0.0,0.0
3,5,0.0,0.0,0.0
3,5,0.0,0.0,0.0
3,5,0.0,0.0,0.0
3,5,0.0,0.0,0.0
3,5,0.0,0.0,0.0
3,5,0.0,0.0,0.0
3,5,0.0,0.0,0.0
3,5,0.0,0.0,0.0
3,5,0.0,0.0,0.0
3,5,0.0,0.0,0.0
3,5,0.0,0.0,0.0
3,5,0.0,0.0,0.0
3,5,0.0,0.0,0.0
3,5,0.0,0.0,0.0
3,5,0.0,0.0,0.0
3,5,0.0,0.0,0.0
3,5,0.0,0.0,0.0
3,5,0.0,0.0,0.0
3,5,0.0,0.0,0.0
3,5,0.0,0.0,0.0
3,5,0.0,0.0,0.0
3,5,0.0,0.0,0.0
3,5,0.0,0.0,0.0
3,5,0.0,0.0,0.0
3,5,0.0,0.0,0.0
3,5,0.0,0.0,0.0
3,5,0.0,0.0,0.0
3,5,0.0,0.0,0.0
3,5,0.0,0.0,0.0
3,5,0.0,0.0,0.0
3,5,0.0,0.0,0.0
3,5,0.0,0.0,0.0
3,5,0.0,0.0,0.0
3,5,0.0,0.0,0.0
3,5,0.0,0.0,0.0
3,5,0.0,0.0,0.0
3,5,0.0,0.0,0.0
3,5,0.0,0.0,0.0
3,5,0.0,0.0,0.0
3,5,0.0,0.0,0.0
3,5,0.0,0.0,0.0
3,5,0.0,0.0,0.0
3,5,0.0,0.0,0.0
3,5,0.0,0.0,0.0
3,5,0.0,0.0,0.0
3,5,0.0,0.0,0.0
3,5,0.0,0.0,0.0
3,5,0.0,0.0,0.0
3,5,0.0,0.0,0.0
3,5,0.0,0.0,0.0
3,5,0.0,0.0,0.0
3,5,0.0,0.0,0.0
3,5,0.0,0.0,0.0
3,5,0.0,0.0,0.0
3,5,0.0,0.0,0.0
3,5,0.0,0.0,0.0
3,5,0.0,0.0,0.0
3,5,0.0,0.0,0.0
3,5,0.0,0.0,0.0
3,5,0.0,0.0,0.0
3,5,0.0,0.0,0.0
3,5,0.0,0.0,0.0
3,5,0.0,0.0,0.0
3,5,0.0,0.0,0.0
3,5,0.0,0.0,0.0
3,5,0.0,0.0,0.0
3,5,0.0,0.0,0.0
3,5,0.0,0.0,0.0
3,5,0.0,0.0,0.0
3,5,0.0,0.0,0.0
3,5,0.0,0.0,0.0
3,5,0.0,0.0,0.0
3,5,0.0,0.0,0.0
3,5,0.0,0.0,0.0
3,5,0.0,0.0,0.0
3,5,0.0,0.0,0.0
3,5,0.0,0.0,0.0
3,5,0.0,0.0,0.0
3,5,0.0,0.0,0.0
3,5,0.0,0.0,0.0
3,5,0.0,0.0,0.0
3,5,0.0,0.0,0.0
3,5,0.0,0.0,0.0
3,5,0.0,0.0,0.0
3,5,0.0,0.0,0.0
3,5,0.0,0.0,0.0
3,5,0.0,0.0,0.0
3,5,0.0,0.0,0.0
3,5,0.0,0.0,0.0
3,5,0.0,0.0,0.0
3,5,0.0,0.0,0.0
3,5,0.0,0.0,0.0
3,5,0.0,0.0,0.0
3,5,0.0,0.0,0.0
3,5,0.0,0.0,0.0
3,5,0.0,0.0,0.0
3,5,0.0,0.0,0.0
3,5,0.0,0.0,0.0
3,5,0.0,0.0,0.0
3,5,0.0,0.0,0.0
3,5,0.0,0.0,0.0
3,5,0.0,0.0,0.0
3,5,0.0,0.0,0.0
3,5,0.0,0.0,0.0
3,5,0.0,0.0,0.0
3,5,0.0,0.0,0.0
3,5,0.0,0.0,0.0
3,5,0.0,0.0,0.0
3,5,0.0,0.0,0.0
3,5,0.0,0.0,0.0
3,5,0.0,0.0,0.0
3,5,0.0,0.0,0.0
3,5,0.0,0.0,0.0
3,5,0.0,0.0,0.0
3,5,0.0,0.0,0.0
3,5,0.0,0.0,0.0
3,5,0.0,0.0,0.0
3,5,0.0,0.0,0.0
3,5,0.0,0.0,0.0
3,5,0.0,0.0,0.0
3,5,0.0,0.0,0.0
3,5,0.0,0.0,0.0
3,5,0.0,0.0,0.0
3,5,0.0,0.0,0.0
3,5,0.0,0.0,0.0
3,5,0.0,0.0,0.0
3,5,0.0,0.0,0.0
3,5,0.0,0.0,0.0
3,5,0.0,0.0,0.0
3,5,0.0,0.0,0.0
3,5,0.0,0.0,0.0
3,5,0.0,0.0,0.0
3,5,0.0,0.0,0.0
3,5,0.0,0.0,0.0
3,5,0.0,0.0,0.0
3,5,0.0,0.0,0.0
3,5,0.0,0.0,0.0
3,5,0.0,0.0,0.0
3,5,0.0,0.0,0.0
3,5,0.0,0.0,0.0
3,5,0.0,0.0,0.0
3,5,0.0,0.0,0.0
3,5,0.0,0.0,0.0
3,5,0.0,0.0,0.0
3,5,0.0,0.0,0.0
3,5,0.0,0.0,0.0
3,5,0.0,0.0,0.0
3,5,0.0,0.0,0.0
3,5,0.0,0.0,0.0
3,5,0.0,0.0,0.0
3,5,0.0,0.0,0.0
3,5,0.0,0.0,0.0
3,5,0.0,0.0,0.0
3,5,0.0,0.0,0.0
3,5,0.0,0.0,0.0
3,5,0.0,0.0,0.0
3,5,0.0,0.0,0.0
3,5,0.0,0.0,0.0
3,5,0.0,0.0,0.0
3,5,0.0,0.0,0.0
3,5,0.0,0.0,0.0
3,5,0.0,0.0,0.0
3,5,0.0,0.0,0.0
3,5,0.0,0.0,0.0
3,5,0.0,0.0,7.920000000000001
3,5,0.0,0.0,0.0
3,5,0.0,0.0,0.0
3,5,0.0,0.0,0.0
3,5,0.0,0.0,0.0
3,5,0.0,0.0,0.0
3,5,0.0,0.0,0.0
3,5,0.0,0.0,0.0
3,5,0.0,0.0,0.0
3,5,0.0,0.0,0.0
3,5,0.0,0.0,0.0
3,5,0.0,0.0,0.0
3,5,0.0,0.0,0.0
3,5,0.0,0.0,0.0
3,5,0.0,0.0,0.0
3,5,0.0,0.0,0.0
3,5,0.0,0.0,0.0
3,5,0.0,0.0,0.0
3,5,0.0,0.0,0.0
3,5,0.0,0.0,0.0
3,5,0.0,0.0,0.0
3,5,0.0,0.0,0.0
3,5,0.0,0.0,0.0
3,5,0.0,0.0,0.0
3,5,0.0,0.0,0.0
3,5,0.0,0.0,0.0
3,5,0.0,0.0,0.0
3,5,0.0,0.0,0.0
3,5,0.0,0.0,0.0
3,5,0.0,0.0,0.0
3,5,0.0,0.0,0.0
3,5,0.0,0.0,0.0
3,5,0.0,0.0,0.0
3,5,0.0,0.0,0.0
3,5,0.0,0.0,0.0
3,5,0.0,0.0,0.0
3,5,0.0,0.0,0.0
3,5,0.0,0.0,0.0
3,5,0.0,0.0,0.0
3,5,0.0,0.0,0.0
4,4,0.0,0.0,0.0
4,4,0.0,0.0,0.0
4,4,0.0,0.0,0.0
4,4,0.0,0.0,0.0
4,4,0.0,0.0,0.0
4,4,0.0,0.0,0.0
4,4,0.0,0.0,0.0
4,4,0.0,0.0,0.0
4,4,0.0,0.0,0.0
4,4,0.0,0.0,0.0
4,4,0.0,0.0,0.0
4,4,0.0,0.0,0.0
4,4,0.0,0.0,0.0
4,4,0.0,0.0,0.0
4,4,0.0,0.0,0.0
4,4,0.0,0.0,0.0
4,4,0.0,0.0,0.0
4,4,0.0,0.0,0.0
4,4,0.0,0.0,0.0
4,4,0.0,0.0,0.0
4,4,0.0,0.0,0.0
4,4,0.0,0.0,0.0
4,4,0.0,0.0,0.0
4,4,0.0,0.0,0.0
4,4,0.0,0.0,0.0
4,4,0.0,0.0,0.0
4,4,0.0,0.0,0.0
4,4,0.0,0.0,0.0
4,4,0.0,0.0,0.0
4,4,0.0,0.0,0.0
4,4,0.0,0.0,0.0
4,4,0.0,0.0,0.0
4,4,0.0,0.0,0.0
4,4,0.0,0.0,0.0
4,4,0.0,0.0,0.0
4,4,0.0,0.0,0.0
4,4,0.0,0.0,0.0
4,4,0.0,0.0,0.0
4,4,0.0,0.0,0.0
4,4,0.0,0.0,0.0
4,4,0.0,0.0,0.0
4,4,0.0,0.0,0.0
4,4,0.0,0.0,0.0
4,4,0.0,0.0,0.0
4,4,0.0,0.0,0.0
4,4,0.0,0.0,0.0
4,4,0.0,0.0,0.0
4,4,0.0,0.0,0.0
4,4,0.0,0.0,0.0
4,4,0.0,0.0,0.0
4,4,0.0,0.0,0.0
4,4,0.0,0.0,0.0
4,4,0.0,0.0,0.0
4,4,0.0,0.0,0.0
4,4,0.0,0.0,0.0
4,4,0.0,0.0,0.0
4,4,0.0,0.0,0.0
4,4,0.0,0.0,0.0
4,4,0.0,0.0,0.0
4,4,0.0,0.0,0.0
4,4,0.0,0.0,0.0
4,4,0.0,0.0,0.0
4,4,0.0,0.0,0.0
4,4,0.0,0.0,0.0
4,4,0.0,0.0,0.0
4,4,0.0,0.0,0.0
4,4,0.0,0.0,0.0
4,4,0.0,0.0,0.0
4,4,0.0,0.0,0.0
4,4,0.0,0.0,0.0
4,4,0.0,0.0,0.0
4,4,0.0,0.0,0.0
4,4,0.0,0.0,0.0
4,4,0.0,0.0,0.0
4,4,0.0,0.0,0.0
4,4,0.0,0.0,0.0
4,4,0.0,0.0,0.0
4,4,0.0,0.0,0.0
4,4,0.0,0.0,0.0
4,4,0.0,0.0,0.0
4,4,0.0,0.0,0.0
4,4,0.0,0.0,0.0
4,4,0.0,0.0,0.0
4,4,0.0,0.0,0.0
4,4,0.0,0.0,0.0
4,4,0.0,0.0,0.0
4,4,0.0,0.0,0.0
4,4,0.0,0.0,0.0
4,4,0.0,0.0,0.0
4,4,0.0,0.0,0.0
4,4,0.0,0.0,0.0
4,4,0.0,0.0,0.0
4,4,0.0,0.0,0.0
4,4,0.0,0.0,0.0
4,4,0.0,0.0,0.0
4,4,0.0,0.0,0.0
4,4,0.0,0.0,0.0
4,4,0.0,0.0,0.0
4,4,0.0,0.0,0.0
4,4,0.0,0.0,0.0
4,4,0.0,0.0,0.0
4,4,0.0,0.0,30.360000000000003
4,4,0.0,0.0,0.0
4,4,0.0,0.0,0.0
4,4,0.0,0.0,0.0
4,4,0.0,0.0,0.0
4,4,0.0,0.0,0.0
4,4,0.0,0.0,0.0
4,4,0.0,0.0,0.0
4,4,0.0,0.0,0.0
4,4,0.0,0.0,0.0
4,4,0.0,0.0,0.0
4,4,0.0,0.0,0.0
4,4,0.0,0.0,0.0
4,4,0.0,0.0,0.0
4,4,0.0,0.0,0.0
4,4,0.0,0.0,0.0
4,4,0.0,0.0,0.0
4,4,0.0,0.0,0.0
4,4,0.0,0.0,0.0
4,4,0.0,0.0,0.0
4,4,0.0,0.0,0.0
4,4,0.0,0.0,0.0
4,4,0.0,0.0,0.0
4,4,0.0,0.0,0.0
4,4,0.0,0.0,0.0
4,4,0.0,0.0,0.0
4,4,0.0,0.0,0.0
4,4,0.0,0.0,0.0
4,4,0.0,0.0,0.0
4,4,0.0,0.0,0.0
4,4,0.0,0.0,0.0
4,4,0.0,0.0,0.0
4,4,0.0,0.0,0.0
4,4,0.0,0.0,0.0
4,4,0.0,0.0,0.0
4,4,0.0,0.0,0.0
4,4,0.0,0.0,0.0
4,4,0.0,0.0,0.0
4,4,0.0,0.0,0.0
4,4,0.0,0.0,0.0
4,4,0.0,0.0,0.0
4,4,0.0,0.0,0.0
4,4,0.0,0.0,0.0
4,4,0.0,0.0,0.0
4,4,0.0,0.0,0.0
4,4,0.0,0.0,0.0
4,4,0.0,0.0,0.0
4,4,0.0,0.0,0.0
4,4,0.0,0.0,0.0
4,4,0.0,0.0,0.0
4,4,0.0,0.0,0.0
4,4,0.0,0.0,0.0
4,4,0.0,0.0,0.0
4,4,0.0,0.0,0.0
4,4,0.0,0.0,0.0
4,4,0.0,0.0,0.0
4,4,0.0,0.0,0.0
4,4,0.0,0.0,0.0
4,4,0.0,0.0,0.0
4,4,0.0,0.0,0.0
4,4,0.0,0.0,0.0
4,4,0.0,0.0,0.0
4,4,0.0,0.0,0.0
4,4,0.0,0.0,0.0
4,4,0.0,0.0,0.0
4,4,0.0,0.0,0.0
4,4,0.0,0.0,0.0
4,4,0.0,0.0,0.0
4,4,0.0,0.0,0.0
4,4,0.0,0.0,0.0
4,4,0.0,0.0,0.0
4,4,0.0,0.0,0.0
4,4,0.0,0.0,0.0
4,4,0.0,0.0,0.0
4,4,0.0,0.0,0.0
4,4,0.0,0.0,0.0
4,4,0.0,0.0,0.0
4,4,0.0,0.0,0.0
4,4,0.0,0.0,0.0
4,4,0.0,0.0,0.0
4,4,0.0,0.0,0.0
4,4,0.0,0.0,0.0
4,4,0.0,0.0,0.0
4,4,0.0,0.0,0.0
4,4,0.0,0.0,0.0
4,4,0.0,0.0,0.0
4,4,0.0,0.0,0.0
4,4,0.0,0.0,0.0
4,4,0.0,0.0,0.0
4,4,0.0,0.0,0.0
4,4,0.0,0.0,0.0
4,4,0.0,0.0,0.0
4,4,0.0,0.0,0.0
4,4,0.0,0.0,0.0
4,4,0.0,0.0,0.0
4,4,0.0,0.0,0.0
4,4,0.0,0.0,0.0
4,4,0.0,0.0,0.0
4,4,0.0,0.0,0.0
4,4,0.0,0.0,0.0
4,4,0.0,0.0,0.0
4,4,0.0,0.0,0.0
4,4,0.0,0.0,0.0
4,4,0.0,0.0,0.0
4,4,0.0,0.0,0.0
4,4,0.0,0.0,0.0
4,4,0.0,0.0,0.0
4,4,0.0,0.0,0.0
4,4,0.0,0.0,0.0
4,4,0.0,0.0,0.0
4,4,0.0,0.0,0.0
4,4,0.0,0.0,0.0
4,4,0.0,0.0,0.0
4,4,0.0,0.0,0.0
4,4,0.0,0.0,0.0
4,4,0.0,0.0,0.0
4,4,0.0,0.0,0.0
4,4,0.0,0.0,0.0
4,4,0.0,0.0,0.0
4,4,0.0,0.0,0.0
4,4,0.0,0.0,0.0
4,4,0.0,0.0,0.0
4,4,0.0,0.0,0.0
4,4,0.0,0.0,0.0
4,4,0.0,0.0,0.0
4,4,0.0,0.0,0.0
4,4,0.0,0.0,0.0
4,4,0.0,0.0,0.0
4,4,0.0,0.0,0.0
4,4,0.0,0.0,0.0
4,4,0.0,0.0,0.0
4,4,0.0,0.0,0.0
4,4,0.0,0.0,0.0
4,4,0.0,0.0,0.0
4,4,0.0,0.0,0.0
4,4,0.0,0.0,0.0
4,4,0.0,0.0,0.0
4,4,0.0,0.0,0.0
4,4,0.0,0.0,0.0
4,4,0.0,0.0,0.0
4,4,0.0,0.0,0.0
4,4,0.0,0.0,0.0
4,4,0.0,0.0,0.0
4,4,0.0,0.0,0.0
4,4,0.0,0.0,0.0
4,4,0.0,0.0,0.0
4,4,0.0,0.0,0.0
4,4,0.0,0.0,0.0
4,4,0.0,0.0,0.0
4,4,0.0,0.0,0.0
4,4,0.0,0.0,0.0
4,4,0.0,0.0,0.0
4,4,0.0,0.0,0.0
4,4,0.0,0.0,0.0
4,4,0.0,0.0,0.0
4,4,0.0,0.0,0.0
4,4,0.0,0.0,0.0
4,4,0.0,0.0,0.0
4,4,0.0,0.0,0.0
4,4,0.0,0.0,0.0
4,4,0.0,0.0,0.0
4,4,0.0,0.0,0.0
4,4,0.0,0.0,0.0
4,4,0.0,0.0,0.0
4,4,0.0,0.0,0.0
4,4,0.0,0.0,0.0
4,4,0.0,0.0,0.0
4,4,0.0,0.0,0.0
4,4,0.0,0.0,0.0
4,4,0.0,0.0,0.0
4,4,0.0,0.0,0.0
4,4,0.0,0.0,0.0
4,4,0.0,0.0,0.0
4,4,0.0,0.0,0.0
4,4,0.0,0.0,0.0
4,4,0.0,0.0,72.59999999999997
4,4,0.0,0.0,0.0
4,4,0.0,0.0,0.0
4,4,0.0,0.0,0.0
4,4,0.0,0.0,0.0
4,4,0.0,0.0,0.0
4,4,0.0,0.0,0.0
4,4,0.0,0.0,0.0
4,4,0.0,0.0,0.0
4,4,0.0,0.0,0.0
4,4,0.0,0.0,0.0
4,4,0.0,0.0,0.0
4,4,0.0,0.0,0.0
4,4,0.0,0.0,0.0
4,4,0.0,0.0,0.0
4,4,0.0,0.0,0.0
4,4,0.0,0.0,0.0
4,4,0.0,0.0,0.0
4,4,0.0,0.0,0.0
4,4,0.0,0.0,0.0
4,4,0.0,0.0,0.0
4,4,0.0,0.0,0.0
4,4,0.0,0.0,0.0
4,4,0.0,0.0,0.0
4,4,0.0,0.0,0.0
4,4,0.0,0.0,0.0
4,4,0.0,0.0,0.0
4,4,0.0,0.0,0.0
4,4,0.0,0.0,0.0
4,4,0.0,0.0,0.0
4,4,0.0,0.0,0.0
4,4,0.0,0.0,0.0
4,4,0.0,0.0,0.0
4,4,0.0,0.0,0.0
4,4,0.0,0.0,0.0
4,4,0.0,0.0,0.0
4,4,0.0,0.0,0.0
4,4,0.0,0.0,0.0
4,4,0.0,0.0,0.0
4,4,0.0,0.0,0.0
4,4,0.0,0.0,0.0
4,4,0.0,0.0,0.0
4,4,0.0,0.0,0.0
4,4,0.0,0.0,0.0
4,4,0.0,0.0,0.0
4,4,0.0,0.0,0.0
4,4,0.0,0.0,0.0
4,4,0.0,0.0,0.0
4,4,0.0,0.0,0.0
4,4,0.0,0.0,0.0
4,4,0.0,0.0,0.0
4,4,0.0,0.0,0.0
4,4,0.0,0.0,0.0
4,4,0.0,0.0,0.0
4,4,0.0,0.0,0.0
4,4,0.0,0.0,0.0
4,4,0.0,0.0,0.0
4,4,0.0,0.0,0.0
4,4,0.0,0.0,0.0
4,4,0.0,0.0,0.0
4,4,0.0,0.0,0.0
4,4,0.0,0.0,0.0
4,4,0.0,0.0,0.0
4,4,0.0,0.0,0.0
4,4,0.0,0.0,0.0
4,4,0.0,0.0,0.0
4,4,0.0,0.0,0.0
4,4,0.0,0.0,0.0
4,4,0.0,0.0,0.0
4,4,0.0,0.0,0.0
4,4,0.0,0.0,0.0
4,4,0.0,0.0,0.0
4,4,0.0,0.0,0.0
4,4,0.0,0.0,0.0
4,4,0.0,0.0,0.0
4,4,0.0,0.0,0.0
4,4,0.0,0.0,0.0
4,4,0.0,0.0,0.0
4,4,0.0,0.0,0.0
4,4,0.0,0.0,0.0
4,4,0.0,0.0,0.0
4,4,0.0,0.0,0.0
4,4,0.0,0.0,0.0
4,4,0.0,0.0,0.0
4,4,0.0,0.0,0.0
4,4,0.0,0.0,0.0
4,4,0.0,0.0,0.0
4,4,0.0,0.0,0.0
4,4,0.0,0.0,0.0
4,4,0.0,0.0,0.0
4,4,0.0,0.0,0.0
4,4,0.0,0.0,0.0
4,4,0.0,0.0,0.0
4,4,0.0,0.0,0.0
4,4,0.0,0.0,0.0
4,4,0.0,0.0,0.0
4,4,0.0,0.0,0.0
4,4,0.0,0.0,0.0
4,4,0.0,0.0,0.0
4,4,0.0,0.0,0.0
4,4,0.0,0.0,0.0
4,4,0.0,0.0,0.0
4,4,0.0,0.0,0.0
4,4,0.0,0.0,0.0
4,4,0.0,0.0,0.0
4,4,0.0,0.0,0.0
4,4,0.0,0.0,0.0
4,4,0.0,0.0,0.0
4,4,0.0,0.0,0.0
4,4,0.0,0.0,0.0
4,4,0.0,0.0,0.0
4,4,0.0,0.0,0.0
4,4,0.0,0.0,0.0
4,4,0.0,0.0,0.0
4,4,0.0,0.0,0.0
4,4,0.0,0.0,0.0
4,4,0.0,0.0,0.0
4,4,0.0,0.0,0.0
4,4,0.0,0.0,0.0
4,4,0.0,0.0,0.0
4,4,0.0,0.0,0.0
4,4,0.0,0.0,0.0
4,4,0.0,0.0,0.0
4,4,0.0,0.0,0.0
4,4,0.0,0.0,0.0
4,4,0.0,0.0,0.0
4,4,0.0,0.0,0.0
4,4,0.0,0.0,0.0
4,4,0.0,0.0,0.0
4,4,0.0,0.0,0.0
4,4,0.0,0.0,0.0
4,4,0.0,0.0,0.0
4,4,0.0,0.0,0.0
4,4,0.0,0.0,0.0
4,4,0.0,0.0,0.0
4,4,0.0,0.0,0.0
4,4,0.0,0.0,0.0
4,4,0.0,0.0,0.0
4,4,0.0,0.0,0.0
4,4,0.0,0.0,0.0
4,4,0.0,0.0,0.0
4,4,0.0,0.0,0.0
4,4,0.0,0.0,0.0
4,4,0.0,0.0,0.0
4,4,0.0,0.0,0.0
4,4,0.0,0.0,0.0
4,4,0.0,0.0,0.0
4,4,0.0,0.0,0.0
4,4,0.0,0.0,0.0
4,4,0.0,0.0,0.0
4,4,0.0,0.0,0.0
4,4,0.0,0.0,0.0
4,4,0.0,0.0,0.0
4,4,0.0,0.0,0.0
4,4,0.0,0.0,0.0
4,4,0.0,0.0,0.0
4,4,0.0,0.0,0.0
4,4,0.0,0.0,0.0
4,4,0.0,0.0,0.0
4,4,0.0,0.0,0.0
4,4,0.0,0.0,0.0
4,4,0.0,0.0,0.0
4,4,0.0,0.0,0.0
4,4,0.0,0.0,0.0
4,4,0.0,0.0,0.0
4,4,0.0,0.0,0.0
4,4,0.0,0.0,0.0
4,4,0.0,0.0,0.0
4,4,0.0,0.0,0.0
4,4,0.0,0.0,0.0
4,4,0.0,0.0,0.0
4,4,0.0,0.0,0.0
4,4,0.0,0.0,0.0
4,4,0.0,0.0,0.0
4,4,0.0,0.0,0.0
4,4,0.0,0.0,0.0
4,4,0.0,0.0,0.0
4,4,0.0,0.0,0.0
4,4,0.0,0.0,0.0
4,4,0.0,0.0,0.0
4,4,0.0,0.0,0.0
4,4,0.0,0.0,11.88
4,4,0.0,0.0,0.0
4,4,0.0,0.0,0.0
4,4,0.0,0.0,0.0
4,4,0.0,0.0,0.0
4,4,0.0,0.0,0.0
4,4,0.0,0.0,0.0
4,4,0.0,0.0,0.0
4,4,0.0,0.0,0.0
4,4,0.0,0.0,0.0
4,4,0.0,0.0,0.0
4,4,0.0,0.0,0.0
4,4,0.0,0.0,0.0
4,4,0.0,0.0,0.0
4,4,0.0,0.0,0.0
4,4,0.0,0.0,0.0
4,4,0.0,0.0,0.0
4,4,0.0,0.0,0.0
4,4,0.0,0.0,0.0
4,4,0.0,0.0,0.0
4,4,0.0,0.0,0.0
4,4,0.0,0.0,0.0
4,4,0.0,0.0,0.0
4,4,0.0,0.0,0.0
4,4,0.0,0.0,0.0
4,4,0.0,0.0,0.0
4,4,0.0,0.0,0.0
4,4,0.0,0.0,0.0
4,4,0.0,0.0,0.0
4,4,0.0,0.0,0.0
4,4,0.0,0.0,0.0
4,4,0.0,0.0,0.0
4,4,0.0,0.0,0.0
4,4,0.0,0.0,0.0
4,4,0.0,0.0,0.0
4,4,0.0,0.0,0.0
4,4,0.0,0.0,0.0
4,4,0.0,0.0,0.0
4,4,0.0,0.0,0.0
4,4,0.0,0.0,0.0
4,4,0.0,0.0,0.0
4,4,0.0,0.0,0.0
4,4,0.0,0.0,0.0
4,4,0.0,0.0,0.0
4,4,0.0,0.0,0.0
4,4,0.0,0.0,0.0
4,4,0.0,0.0,0.0
4,4,0.0,0.0,0.0
4,4,0.0,0.0,0.0
4,4,0.0,0.0,0.0
4,4,0.0,0.0,0.0
4,4,0.0,0.0,0.0
4,4,0.0,0.0,0.0
4,4,0.0,0.0,0.0
4,4,0.0,0.0,0.0
4,4,0.0,0.0,0.0
4,4,0.0,0.0,0.0
4,4,0.0,0.0,0.0
4,4,0.0,0.0,0.0
4,4,0.0,0.0,0.0
4,4,0.0,0.0,0.0
4,4,0.0,0.0,0.0
4,4,0.0,0.0,0.0
4,4,0.0,0.0,0.0
4,4,0.0,0.0,0.0
4,4,0.0,0.0,0.0
4,4,0.0,0.0,0.0
4,4,0.0,0.0,0.0
4,4,0.0,0.0,0.0
4,4,0.0,0.0,30.360000000000003
4,4,0.0,0.0,0.0
4,4,0.0,0.0,0.0
4,4,0.0,0.0,0.0
4,4,0.0,0.0,0.0
4,4,0.0,0.0,0.0
4,4,0.0,0.0,0.0
4,4,0.0,0.0,0.0
4,4,0.0,0.0,0.0
4,4,0.0,0.0,0.0
4,4,0.0,0.0,0.0
4,4,0.0,0.0,0.0
4,4,0.0,0.0,0.0
4,4,0.0,0.0,0.0
4,4,0.0,0.0,0.0
4,4,0.0,0.0,0.0
4,4,0.0,0.0,0.0
4,4,0.0,0.0,0.0
4,4,0.0,0.0,0.0
4,4,0.0,0.0,0.0
4,4,0.0,0.0,0.0
4,4,0.0,0.0,0.0
4,4,0.0,0.0,0.0
4,4,0.0,0.0,0.0
4,4,0.0,0.0,0.0
4,4,0.0,0.0,0.0
4,4,0.0,0.0,0.0
4,4,0.0,0.0,0.0
4,4,0.0,0.0,0.0
4,4,0.0,0.0,0.0
4,4,0.0,0.0,0.0
4,4,0.0,0.0,0.0
4,4,0.0,0.0,0.0
4,4,0.0,0.0,0.0
4,4,0.0,0.0,0.0
4,4,0.0,0.0,0.0
4,4,0.0,0.0,0.0
4,4,0.0,0.0,0.0
4,4,0.0,0.0,0.0
4,4,0.0,0.0,0.0
4,4,0.0,0.0,0.0
4,4,0.0,0.0,0.0
4,4,0.0,0.0,0.0
4,4,0.0,0.0,0.0
4,4,0.0,0.0,0.0
4,4,0.0,0.0,0.0
4,4,0.0,0.0,0.0
4,4,0.0,0.0,0.0
4,4,0.0,0.0,0.0
4,4,0.0,0.0,0.0
4,4,0.0,0.0,0.0
4,4,0.0,0.0,0.0
4,4,0.0,0.0,0.0
4,4,0.0,0.0,0.0
4,4,0.0,0.0,0.0
4,4,0.0,0.0,0.0
4,4,0.0,0.0,0.0
4,4,0.0,0.0,0.0
4,4,0.0,0.0,0.0
4,4,0.0,0.0,0.0
4,4,0.0,0.0,0.0
4,4,0.0,0.0,0.0
4,4,0.0,0.0,0.0
4,4,0.0,0.0,0.0
4,4,0.0,0.0,0.0
4,4,0.0,0.0,0.0
4,4,0.0,0.0,0.0
4,4,0.0,0.0,0.0
4,4,0.0,0.0,0.0
4,4,0.0,0.0,0.0
4,4,0.0,0.0,0.0
4,4,0.0,0.0,0.0
4,4,0.0,0.0,0.0
4,4,0.0,0.0,0.0
4,4,0.0,0.0,0.0
4,4,0.0,0.0,0.0
4,4,0.0,0.0,0.0
4,4,0.0,0.0,0.0
4,4,0.0,0.0,0.0
4,4,0.0,0.0,0.0
4,4,0.0,0.0,0.0
4,4,0.0,0.0,0.0
4,4,0.0,0.0,0.0
4,4,0.0,0.0,0.0
4,4,0.0,0.0,0.0
4,4,0.0,0.0,0.0
4,4,0.0,0.0,0.0
4,4,0.0,0.0,0.0
4,4,0.0,0.0,0.0
4,4,0.0,0.0,0.0
4,4,0.0,0.0,0.0
4,4,0.0,0.0,0.0
4,4,0.0,0.0,0.0
4,4,0.0,0.0,0.0
4,4,0.0,0.0,0.0
4,4,0.0,0.0,0.0
4,4,0.0,0.0,0.0
4,4,0.0,0.0,0.0
4,4,0.0,0.0,0.0
4,4,0.0,0.0,0.0
4,4,0.0,0.0,0.0
4,4,0.0,0.0,0.0
4,4,0.0,0.0,0.0
4,4,0.0,0.0,0.0
4,4,0.0,0.0,0.0
4,4,0.0,0.0,0.0
4,4,0.0,0.0,0.0
4,4,0.0,0.0,0.0
4,4,0.0,0.0,0.0
4,4,0.0,0.0,0.0
4,4,0.0,0.0,0.0
4,4,0.0,0.0,0.0
4,4,0.0,0.0,0.0
4,4,0.0,0.0,0.0
4,4,0.0,0.0,0.0
4,4,0.0,0.0,0.0
4,4,0.0,0.0,0.0
4,4,0.0,0.0,0.0
4,4,0.0,0.0,0.0
4,4,0.0,0.0,0.0
4,4,0.0,0.0,0.0
4,4,0.0,0.0,0.0
4,4,0.0,0.0,0.0
4,4,0.0,0.0,0.0
4,4,0.0,0.0,0.0
4,4,0.0,0.0,0.0
4,4,0.0,0.0,0.0
4,4,0.0,0.0,0.0
4,4,0.0,0.0,0.0
4,4,0.0,0.0,0.0
4,4,0.0,0.0,0.0
4,4,0.0,0.0,0.0
4,4,0.0,0.0,0.0
4,4,0.0,0.0,0.0
4,4,0.0,0.0,0.0
4,4,0.0,0.0,0.0
4,4,0.0,0.0,0.0
4,4,0.0,0.0,0.0
4,4,0.0,0.0,0.0
4,4,0.0,0.0,0.0
4,4,0.0,0.0,0.0
4,4,0.0,0.0,0.0
4,4,0.0,0.0,0.0
4,4,0.0,0.0,0.0
4,4,0.0,0.0,0.0
4,4,0.0,0.0,0.0
4,4,0.0,0.0,0.0
4,4,0.0,0.0,0.0
4,4,0.0,0.0,0.0
4,4,0.0,0.0,0.0
4,4,0.0,0.0,0.0
4,4,0.0,0.0,0.0
4,4,0.0,0.0,0.0
4,4,0.0,0.0,0.0
4,4,0.0,0.0,0.0
4,4,0.0,0.0,0.0
4,4,0.0,0.0,0.0
4,4,0.0,0.0,0.0
4,4,0.0,0.0,0.0
4,4,0.0,0.0,0.0
4,4,0.0,0.0,0.0
4,4,0.0,0.0,0.0
4,4,0.0,0.0,0.0
4,4,0.0,0.0,0.0
4,4,0.0,0.0,0.0
4,4,0.0,0.0,0.0
4,4,0.0,0.0,0.0
4,4,0.0,0.0,0.0
4,4,0.0,0.0,0.0
4,4,0.0,0.0,0.0
4,4,0.0,0.0,0.0
4,4,0.0,0.0,0.0
4,4,0.0,0.0,0.0
4,4,0.0,0.0,0.0
4,4,0.0,0.0,0.0
4,4,0.0,0.0,0.0
4,4,0.0,0.0,0.0
4,4,0.0,0.0,0.0
4,4,0.0,0.0,0.0
4,4,0.0,0.0,0.0
4,4,0.0,0.0,0.0
4,4,0.0,0.0,0.0
4,4,0.0,0.0,0.0
4,4,0.0,0.0,0.0
4,4,0.0,0.0,0.0
4,4,0.0,0.0,0.0
4,4,0.0,0.0,0.0
4,4,0.0,0.0,0.0
4,4,0.0,0.0,0.0
4,4,0.0,0.0,0.0
4,4,0.0,0.0,0.0
4,4,0.0,0.0,0.0
4,4,0.0,0.0,0.0
4,4,0.0,0.0,0.0
4,4,0.0,0.0,0.0
4,4,0.0,0.0,0.0
4,4,0.0,0.0,0.0
4,4,0.0,0.0,0.0
4,4,0.0,0.0,0.0
4,4,0.0,0.0,0.0
4,4,0.0,0.0,0.0
4,4,0.0,0.0,0.0
4,4,0.0,0.0,0.0
4,4,0.0,0.0,0.0
4,4,0.0,0.0,0.0
4,4,0.0,0.0,0.0
4,4,0.0,0.0,0.0
4,4,0.0,0.0,0.0
4,4,0.0,0.0,0.0
4,4,0.0,0.0,0.0
4,4,0.0,0.0,0.0
4,4,0.0,0.0,0.0
4,4,0.0,0.0,0.0
4,4,0.0,0.0,0.0
4,4,0.0,0.0,0.0
4,4,0.0,0.0,0.0
4,4,0.0,0.0,0.0
4,4,0.0,0.0,0.0
4,4,0.0,0.0,0.0
4,4,0.0,0.0,0.0
4,4,0.0,0.0,0.0
4,4,0.0,0.0,0.0
4,4,0.0,0.0,0.0
4,4,0.0,0.0,0.0
4,4,0.0,0.0,0.0
4,4,0.0,0.0,0.0
4,4,0.0,0.0,0.0
4,4,0.0,0.0,0.0
4,4,0.0,0.0,0.0
4,4,0.0,0.0,0.0
4,4,0.0,0.0,0.0
4,4,0.0,0.0,0.0
4,4,0.0,0.0,0.0
4,4,0.0,0.0,0.0
4,4,0.0,0.0,0.0
4,4,0.0,0.0,0.0
4,4,0.0,0.0,0.0
4,4,0.0,0.0,0.0
4,4,0.0,0.0,0.0
4,4,0.0,0.0,0.0
4,4,0.0,0.0,0.0
4,4,0.0,0.0,0.0
4,4,0.0,0.0,0.0
4,4,0.0,0.0,0.0
4,4,0.0,0.0,0.0
4,4,0.0,0.0,0.0
4,4,0.0,0.0,0.0
4,4,0.0,0.0,0.0
4,4,0.0,0.0,0.0
4,4,0.0,0.0,0.0
4,4,0.0,0.0,0.0
4,4,0.0,0.0,0.0
4,4,0.0,0.0,0.0
4,4,0.0,0.0,0.0
4,4,0.0,0.0,0.0
4,4,0.0,0.0,0.0
4,4,0.0,0.0,0.0
4,4,0.0,0.0,0.0
4,4,0.0,0.0,0.0
4,4,0.0,0.0,0.0
4,4,0.0,0.0,0.0
4,4,0.0,0.0,0.0
4,4,0.0,0.0,0.0
4,4,0.0,0.0,0.0
4,4,0.0,0.0,0.0
4,4,0.0,0.0,0.0
4,4,0.0,0.0,0.0
4,4,0.0,0.0,0.0
4,4,0.0,0.0,0.0
4,4,0.0,0.0,0.0
4,4,0.0,0.0,0.0
4,4,0.0,0.0,0.0
4,4,0.0,0.0,0.0
4,4,0.0,0.0,0.0
4,4,0.0,0.0,0.0
4,4,0.0,0.0,0.0
4,4,0.0,0.0,0.0
4,4,0.0,0.0,0.0
4,4,0.0,0.0,0.0
4,4,0.0,0.0,0.0
4,4,0.0,0.0,0.0
4,4,0.0,0.0,0.0
4,4,0.0,0.0,0.0
4,4,0.0,0.0,0.0
4,4,0.0,0.0,0.0
4,4,0.0,0.0,0.0
4,4,0.0,0.0,0.0
4,4,0.0,0.0,0.0
4,4,0.0,0.0,0.0
4,4,0.0,0.0,0.0
4,4,0.0,0.0,0.0
4,4,0.0,0.0,0.0
4,4,0.0,0.0,0.0
4,4,0.0,0.0,0.0
4,4,0.0,0.0,0.0
4,4,0.0,0.0,0.0
4,4,0.0,0.0,0.0
4,4,0.0,0.0,0.0
4,4,0.0,0.0,0.0
4,4,0.0,0.0,0.0
4,4,0.0,0.0,0.0
4,4,0.0,0.0,0.0
4,4,0.0,0.0,0.0
4,4,0.0,0.0,0.0
4,4,0.0,0.0,0.0
4,4,0.0,0.0,0.0
4,4,0.0,0.0,0.0
4,4,0.0,0.0,0.0
4,4,0.0,0.0,0.0
4,4,0.0,0.0,0.0
4,4,0.0,0.0,0.0
4,4,0.0,0.0,0.0
4,4,0.0,0.0,0.0
4,4,0.0,0.0,0.0
4,4,0.0,0.0,0.0
4,4,0.0,0.0,0.0
4,4,0.0,0.0,0.0
4,4,0.0,0.0,0.0
4,4,0.0,0.0,0.0
4,4,0.0,0.0,0.0
4,4,0.0,0.0,0.0
4,4,0.0,0.0,0.0
4,4,0.0,0.0,0.0
4,4,0.0,0.0,0.0
4,4,0.0,0.0,0.0
4,4,0.0,0.0,0.0
4,4,0.0,0.0,0.0
4,4,0.0,0.0,0.0
4,4,0.0,0.0,0.0
4,4,0.0,0.0,0.0
4,4,0.0,0.0,0.0
4,4,0.0,0.0,0.0
4,4,0.0,0.0,0.0
4,4,0.0,0.0,0.0
4,4,0.0,0.0,0.0
4,4,0.0,0.0,0.0
4,4,0.0,0.0,0.0
4,4,0.0,0.0,0.0
4,4,0.0,0.0,0.0
4,4,0.0,0.0,0.0
4,4,0.0,0.0,0.0
4,4,0.0,0.0,0.0
4,4,0.0,0.0,0.0
4,4,0.0,0.0,0.0
4,4,0.0,0.0,0.0
4,4,0.0,0.0,0.0
4,4,0.0,0.0,0.0
4,4,0.0,0.0,0.0
4,4,0.0,0.0,0.0
4,4,0.0,0.0,0.0
4,4,0.0,0.0,0.0
4,4,0.0,0.0,0.0
4,4,0.0,0.0,0.0
4,4,0.0,0.0,0.0
4,4,0.0,0.0,0.0
4,4,0.0,0.0,0.0
4,4,0.0,0.0,0.0
4,4,0.0,0.0,0.0
4,4,0.0,0.0,0.0
4,4,0.0,0.0,0.0
4,4,0.0,0.0,0.0
4,4,0.0,0.0,0.0
4,4,0.0,0.0,0.0
4,4,0.0,0.0,0.0
4,4,0.0,0.0,0.0
4,4,0.0,0.0,0.0
4,4,0.0,0.0,0.0
4,4,0.0,0.0,0.0
4,4,0.0,0.0,0.0
4,4,0.0,0.0,0.0
4,4,0.0,0.0,0.0
4,4,0.0,0.0,0.0
4,4,0.0,0.0,0.0
4,4,0.0,0.0,0.0
4,4,0.0,0.0,0.0
4,4,0.0,0.0,0.0
4,4,0.0,0.0,0.0
4,4,0.0,0.0,0.0
4,4,0.0,0.0,0.0
4,4,0.0,0.0,0.0
4,4,0.0,0.0,0.0
4,4,0.0,0.0,0.0
4,4,0.0,0.0,0.0
4,4,0.0,0.0,0.0
4,4,0.0,0.0,0.0
4,4,0.0,0.0,0.0
4,4,0.0,0.0,0.0
4,4,0.0,0.0,0.0
4,4,0.0,0.0,0.0
4,4,0.0,0.0,0.0
4,4,0.0,0.0,0.0
4,4,0.0,0.0,0.0
4,4,0.0,0.0,0.0
4,4,0.0,0.0,0.0
4,4,0.0,0.0,0.0
4,4,0.0,0.0,0.0
4,4,0.0,0.0,0.0
4,4,0.0,0.0,0.0
4,4,0.0,0.0,0.0
4,4,0.0,0.0,0.0
4,4,0.0,0.0,0.0
4,4,0.0,0.0,0.0
4,4,0.0,0.0,0.0
4,4,0.0,0.0,0.0
4,4,0.0,0.0,0.0
4,4,0.0,0.0,0.0
4,4,0.0,0.0,0.0
4,4,0.0,0.0,0.0
4,4,0.0,0.0,0.0
4,4,0.0,0.0,0.0
4,4,0.0,0.0,0.0
4,4,0.0,0.0,0.0
4,4,0.0,0.0,0.0
4,4,0.0,0.0,0.0
4,4,0.0,0.0,0.0
4,4,0.0,0.0,0.0
4,4,0.0,0.0,0.0
4,4,0.0,0.0,0.0
4,4,0.0,0.0,0.0
4,4,0.0,0.0,0.0
4,4,0.0,0.0,0.0
4,4,0.0,0.0,0.0
4,4,0.0,0.0,0.0
4,4,0.0,0.0,0.0
4,4,0.0,0.0,0.0
4,4,0.0,0.0,0.0
4,4,0.0,0.0,0.0
4,4,0.0,0.0,0.0
4,4,0.0,0.0,0.0
4,4,0.0,0.0,0.0
4,4,0.0,0.0,0.0
4,4,0.0,0.0,0.0
4,4,0.0,0.0,0.0
4,4,0.0,0.0,0.0
4,4,0.0,0.0,0.0
4,4,0.0,0.0,0.0
4,4,0.0,0.0,0.0
4,4,0.0,0.0,0.0
4,4,0.0,0.0,0.0
4,4,0.0,0.0,0.0
4,4,0.0,0.0,0.0
4,4,0.0,0.0,0.0
4,4,0.0,0.0,0.0
4,4,0.0,0.0,0.0
4,4,0.0,0.0,0.0
4,4,0.0,0.0,0.0
4,4,0.0,0.0,0.0
4,4,0.0,0.0,0.0
4,4,0.0,0.0,0.0
4,4,0.0,0.0,0.0
4,4,0.0,0.0,0.0
4,4,0.0,0.0,0.0
4,4,0.0,0.0,0.0
4,4,0.0,0.0,0.0
4,4,0.0,0.0,0.0
4,4,0.0,0.0,0.0
4,4,0.0,0.0,0.0
4,4,0.0,0.0,0.0
4,4,0.0,0.0,0.0
4,4,0.0,0.0,0.0
4,4,0.0,0.0,0.0
4,4,0.0,0.0,0.0
4,4,0.0,0.0,0.0
4,4,0.0,0.0,0.0
4,4,0.0,0.0,0.0
4,4,0.0,0.0,0.0
4,4,0.0,0.0,0.0
4,4,0.0,0.0,0.0
4,4,0.0,0.0,0.0
4,4,0.0,0.0,0.0
4,4,0.0,0.0,0.0
4,4,0.0,0.0,0.0
4,4,0.0,0.0,0.0
4,4,0.0,0.0,0.0
4,4,0.0,0.0,0.0
4,4,0.0,0.0,0.0
4,4,0.0,0.0,0.0
4,4,0.0,0.0,0.0
4,4,0.0,0.0,0.0
4,4,0.0,0.0,0.0
4,4,0.0,0.0,0.0
4,4,0.0,0.0,0.0
4,4,0.0,0.0,0.0
4,4,0.0,0.0,0.0
4,4,0.0,0.0,0.0
4,4,0.0,0.0,0.0
4,4,0.0,0.0,0.0
4,4,0.0,0.0,0.0
4,4,0.0,0.0,0.0
4,4,0.0,0.0,0.0
4,4,0.0,0.0,0.0
4,4,0.0,0.0,0.0
4,4,0.0,0.0,0.0
4,4,0.0,0.0,0.0
4,4,0.0,0.0,0.0
4,4,0.0,0.0,0.0
4,4,0.0,0.0,0.0
4,4,0.0,0.0,0.0
4,4,0.0,0.0,0.0
4,4,0.0,0.0,0.0
4,4,0.0,0.0,0.0
4,4,0.0,0.0,0.0
4,4,0.0,0.0,0.0
4,4,0.0,0.0,0.0
4,4,0.0,0.0,0.0
4,4,0.0,0.0,0.0
4,4,0.0,0.0,0.0
4,4,0.0,0.0,0.0
4,4,0.0,0.0,0.0
4,4,0.0,0.0,0.0
4,4,0.0,0.0,0.0
4,4,0.0,0.0,0.0
4,4,0.0,0.0,0.0
4,4,0.0,0.0,0.0
4,4,0.0,0.0,0.0
4,4,0.0,0.0,0.0
4,4,0.0,0.0,0.0
4,4,0.0,0.0,0.0
4,4,0.0,0.0,0.0
4,4,0.0,0.0,0.0
4,4,0.0,0.0,0.0
4,4,0.0,0.0,0.0
4,4,0.0,0.0,0.0
4,4,0.0,0.0,0.0
4,4,0.0,0.0,0.0
4,4,0.0,0.0,0.0
4,4,0.0,0.0,0.0
4,4,0.0,0.0,0.0
4,4,0.0,0.0,0.0
4,4,0.0,0.0,0.0
4,4,0.0,0.0,0.0
4,4,0.0,0.0,0.0
4,4,0.0,0.0,0.0
4,4,0.0,0.0,0.0
4,4,0.0,0.0,0.0
4,4,0.0,0.0,0.0
4,4,0.0,0.0,0.0
4,4,0.0,0.0,0.0
4,4,0.0,0.0,0.0
4,4,0.0,0.0,0.0
4,4,0.0,0.0,0.0
4,4,0.0,0.0,0.0
4,4,0.0,0.0,0.0
4,4,0.0,0.0,0.0
4,4,0.0,0.0,0.0
4,4,0.0,0.0,0.0
4,4,0.0,0.0,0.0
4,4,0.0,0.0,0.0
4,4,0.0,0.0,0.0
4,4,0.0,0.0,0.0
4,4,0.0,0.0,0.0
4,4,0.0,0.0,0.0
4,4,0.0,0.0,0.0
4,4,0.0,0.0,0.0
4,4,0.0,0.0,0.0
4,4,0.0,0.0,0.0
4,4,0.0,0.0,0.0
4,4,0.0,0.0,0.0
4,4,0.0,0.0,0.0
4,4,0.0,0.0,0.0
4,4,0.0,0.0,0.0
4,4,0.0,0.0,0.0
4,4,0.0,0.0,0.0
4,4,0.0,0.0,0.0
4,4,0.0,0.0,0.0
4,4,0.0,0.0,0.0
4,4,0.0,0.0,0.0
4,4,0.0,0.0,0.0
4,4,0.0,0.0,0.0
4,4,0.0,0.0,0.0
4,4,0.0,0.0,0.0
4,4,0.0,0.0,0.0
4,4,0.0,0.0,0.0
4,4,0.0,0.0,0.0
4,4,0.0,0.0,0.0
4,4,0.0,0.0,0.0
4,4,0.0,0.0,0.0
4,4,0.0,0.0,0.0
4,4,0.0,0.0,0.0
4,4,0.0,0.0,0.0
4,4,0.0,0.0,0.0
4,4,0.0,0.0,0.0
4,4,0.0,0.0,0.0
4,4,0.0,0.0,0.0
4,4,0.0,0.0,0.0
4,4,0.0,0.0,0.0
4,4,0.0,0.0,0.0
4,4,0.0,0.0,0.0
4,4,0.0,0.0,0.0
4,4,0.0,0.0,0.0
4,4,0.0,0.0,0.0
4,4,0.0,0.0,0.0
4,4,0.0,0.0,0.0
4,4,0.0,0.0,0.0
4,4,0.0,0.0,0.0
4,4,0.0,0.0,0.0
4,4,0.0,0.0,0.0
4,4,0.0,0.0,0.0
4,4,0.0,0.0,0.0
4,4,0.0,0.0,0.0
4,4,0.0,0.0,0.0
4,4,0.0,0.0,0.0
4,4,0.0,0.0,0.0
4,4,0.0,0.0,0.0
4,4,0.0,0.0,0.0
4,4,0.0,0.0,0.0
4,4,0.0,0.0,0.0
4,4,0.0,0.0,0.0
4,4,0.0,0.0,0.0
4,4,0.0,0.0,0.0
4,4,0.0,0.0,0.0
4,4,0.0,0.0,0.0
4,4,0.0,0.0,0.0
4,4,0.0,0.0,0.0
4,4,0.0,0.0,0.0
4,4,0.0,0.0,0.0
4,4,0.0,0.0,0.0
4,4,0.0,0.0,0.0
4,4,0.0,0.0,0.0
4,4,0.0,0.0,0.0
4,4,0.0,0.0,0.0
4,4,0.0,0.0,0.0
4,4,0.0,0.0,0.0
4,4,0.0,0.0,0.0
4,4,0.0,0.0,0.0
4,4,0.0,0.0,0.0
4,4,0.0,0.0,0.0
4,4,0.0,0.0,0.0
4,4,0.0,0.0,0.0
4,4,0.0,0.0,0.0
4,4,0.0,0.0,0.0
4,4,0.0,0.0,0.0
4,4,0.0,0.0,0.0
4,4,0.0,0.0,0.0
4,4,0.0,0.0,0.0
4,4,0.0,0.0,0.0
4,4,0.0,0.0,0.0
4,4,0.0,0.0,0.0
4,4,0.0,0.0,0.0
4,4,0.0,0.0,0.0
4,4,0.0,0.0,0.0
4,4,0.0,0.0,0.0
4,4,0.0,0.0,0.0
4,4,0.0,0.0,0.0
4,4,0.0,0.0,0.0
4,4,0.0,0.0,0.0
4,4,0.0,0.0,0.0
4,4,0.0,0.0,0.0
4,4,0.0,0.0,0.0
4,4,0.0,0.0,0.0
4,4,0.0,0.0,0.0
4,4,0.0,0.0,0.0
4,4,0.0,0.0,0.0
4,4,0.0,0.0,0.0
4,4,0.0,0.0,0.0
4,4,0.0,0.0,0.0
4,4,0.0,0.0,0.0
4,4,0.0,0.0,0.0
4,4,0.0,0.0,0.0
4,4,0.0,0.0,0.0
4,4,0.0,0.0,0.0
4,4,0.0,0.0,0.0
4,4,0.0,0.0,0.0
4,4,0.0,0.0,0.0
4,4,0.0,0.0,0.0
4,4,0.0,0.0,0.0
4,4,0.0,0.0,0.0
4,4,0.0,0.0,0.0
4,4,0.0,0.0,0.0
4,4,0.0,0.0,0.0
4,4,0.0,0.0,0.0
4,4,0.0,0.0,0.0
4,4,0.0,0.0,0.0
4,4,0.0,0.0,0.0
4,4,0.0,0.0,0.0
4,4,0.0,0.0,0.0
4,4,0.145342258655365,0.0,14.520000000000001
4,4,0.0,0.0,0.0
4,4,0.0,0.0,0.0
4,4,0.0,0.0,0.0
4,4,0.0,0.0,0.0
4,4,0.0,0.0,0.0
4,4,0.0,0.0,0.0
4,4,0.0,0.0,0.0
4,4,0.0,0.0,0.0
4,4,0.0,0.0,0.0
4,4,0.0,0.0,0.0
4,4,0.0,0.0,0.0
4,4,0.0,0.0,0.0
4,4,0.0,0.0,0.0
4,4,0.0,0.0,0.0
4,4,0.0,0.0,0.0
4,4,0.0,0.0,0.0
4,4,0.0,0.0,0.0
4,4,0.0,0.0,0.0
4,4,0.0,0.0,0.0
4,4,0.0,0.0,0.0
4,4,0.0,0.0,0.0
4,4,0.0,0.0,0.0
4,4,0.0,0.0,0.0
4,4,0.0,0.0,0.0
4,4,0.0,0.0,0.0
4,4,0.0,0.0,0.0
4,4,0.0,0.0,0.0
4,4,0.0,0.0,0.0
4,4,0.0,0.0,0.0
4,4,0.0,0.0,0.0
4,4,0.0,0.0,0.0
4,4,0.0,0.0,0.0
4,4,0.0,0.0,0.0
4,4,0.0,0.0,0.0
4,4,0.0,0.0,0.0
4,4,0.0,0.0,0.0
4,4,0.0,0.0,0.0
4,4,0.0,0.0,0.0
4,4,0.0,0.0,0.0
4,4,0.0,0.0,0.0
4,4,0.0,0.0,0.0
4,4,0.0,0.0,0.0
4,4,0.0,0.0,0.0
4,4,0.0,0.0,0.0
4,4,0.0,0.0,0.0
4,4,0.0,0.0,0.0
4,4,0.0,0.0,0.0
4,4,0.0,0.0,0.0
4,4,0.0,0.0,0.0
4,4,0.0,0.0,0.0
4,4,0.0,0.0,0.0
4,4,0.0,0.0,0.0
4,4,0.0,0.0,0.0
4,4,0.0,0.0,0.0
4,4,0.0,0.0,0.0
4,4,0.0,0.0,0.0
4,4,0.0,0.0,0.0
4,4,0.0,0.0,0.0
4,4,0.0,0.0,0.0
4,4,0.0,0.0,0.0
4,4,0.0,0.0,0.0
4,4,0.0,0.0,0.0
4,4,0.0,0.0,0.0
4,4,0.0,0.0,0.0
4,4,0.0,0.0,0.0
4,4,0.0,0.0,0.0
4,4,0.0,0.0,0.0
4,4,0.0,0.0,0.0
4,4,0.0,0.0,0.0
4,4,0.0,0.0,0.0
4,4,0.0,0.0,0.0
4,4,0.0,0.0,0.0
4,4,0.0,0.0,0.0
4,4,0.0,0.0,0.0
4,4,0.0,0.0,0.0
4,4,0.0,0.0,0.0
4,4,0.0,0.0,0.0
4,4,0.0,0.0,0.0
4,4,0.0,0.0,0.0
4,4,0.0,0.0,0.0
4,4,0.0,0.0,0.0
4,4,0.0,0.0,0.0
4,4,0.0,0.0,0.0
4,4,0.0,0.0,0.0
4,4,0.0,0.0,0.0
4,4,0.0,0.0,0.0
4,4,0.0,0.0,0.0
4,4,0.0,0.0,0.0
4,4,0.0,0.0,0.0
4,4,0.0,0.0,0.0
4,4,0.0,0.0,0.0
4,4,0.0,0.0,0.0
4,4,0.0,0.0,0.0
4,4,0.0,0.0,0.0
4,4,0.0,0.0,0.0
4,4,0.0,0.0,0.0
4,4,0.0,0.0,0.0
4,4,0.0,0.0,0.0
4,4,0.0,0.0,0.0
4,4,0.0,0.0,0.0
4,4,0.0,0.0,0.0
4,4,0.0,0.0,0.0
4,4,0.0,0.0,0.0
4,4,0.0,0.0,0.0
4,4,0.0,0.0,0.0
4,4,0.0,0.0,0.0
4,4,0.0,0.0,0.0
4,4,0.0,0.0,0.0
4,4,0.0,0.0,0.0
4,4,0.0,0.0,0.0
4,4,0.0,0.0,0.0
4,4,0.0,0.0,0.0
4,4,0.0,0.0,0.0
4,4,0.0,0.0,0.0
4,4,0.0,0.0,0.0
4,4,0.0,0.0,0.0
4,4,0.0,0.0,0.0
4,4,0.0,0.0,0.0
4,4,0.0,0.0,0.0
4,4,0.0,0.0,0.0
4,4,0.0,0.0,0.0
4,4,0.0,0.0,0.0
4,4,0.0,0.0,0.0
4,4,0.0,0.0,0.0
4,4,0.0,0.0,0.0
4,4,0.0,0.0,0.0
4,4,0.0,0.0,0.0
4,4,0.0,0.0,0.0
4,4,0.0,0.0,0.0
4,4,0.0,0.0,0.0
4,4,0.0,0.0,0.0
4,4,0.0,0.0,0.0
4,4,0.0,0.0,0.0
4,4,0.0,0.0,0.0
4,4,0.0,0.0,0.0
4,4,0.0,0.0,0.0
4,4,0.0,0.0,0.0
4,4,0.0,0.0,0.0
4,4,0.0,0.0,0.0
4,4,0.0,0.0,0.0
4,4,0.0,0.0,0.0
4,4,0.0,0.0,0.0
4,4,0.0,0.0,0.0
4,4,0.0,0.0,0.0
4,4,0.0,0.0,0.0
4,4,0.0,0.0,0.0
4,4,0.0,0.0,0.0
4,4,0.0,0.0,0.0
4,4,0.0,0.0,0.0
4,4,0.0,0.0,0.0
4,4,0.0,0.0,0.0
4,4,0.0,0.0,0.0
4,4,0.0,0.0,0.0
4,4,0.0,0.0,0.0
4,4,0.0,0.0,0.0
4,4,0.0,0.0,0.0
4,4,0.0,0.0,0.0
4,4,0.0,0.0,0.0
4,4,0.0,0.0,0.0
4,4,0.0,0.0,0.0
4,4,0.0,0.0,0.0
4,4,0.0,0.0,0.0
4,4,0.0,0.0,0.0
4,4,0.0,0.0,0.0
4,4,0.0,0.0,0.0
4,4,0.0,0.0,0.0
4,4,0.0,0.0,0.0
4,4,0.0,0.0,0.0
4,4,0.0,0.0,0.0
4,4,0.0,0.0,0.0
4,4,0.0,0.0,0.0
4,4,0.0,0.0,0.0
4,4,0.0,0.0,0.0
4,4,0.0,0.0,0.0
4,4,0.0,0.0,0.0
4,4,0.0,0.0,0.0
4,4,0.0,0.0,0.0
4,4,0.0,0.0,0.0
4,4,0.0,0.0,0.0
4,4,0.0,0.0,0.0
4,4,0.0,0.0,0.0
4,4,0.0,0.0,0.0
4,4,0.0,0.0,0.0
4,4,0.0,0.0,0.0
4,4,0.0,0.0,0.0
4,4,0.0,0.0,0.0
4,4,0.0,0.0,0.0
4,4,0.0,0.0,0.0
4,4,0.0,0.0,0.0
4,4,0.0,0.0,0.0
4,4,0.0,0.0,0.0
4,4,0.0,0.0,0.0
4,4,0.0,0.0,0.0
4,4,0.0,0.0,0.0
4,4,0.0,0.0,0.0
4,4,0.0,0.0,0.0
4,4,0.0,0.0,0.0
4,4,0.0,0.0,0.0
4,4,0.0,0.0,0.0
4,4,0.0,0.0,0.0
4,4,0.0,0.0,0.0
4,4,0.0,0.0,0.0
4,4,0.0,0.0,0.0
4,4,0.0,0.0,0.0
4,4,0.0,0.0,0.0
4,4,0.0,0.0,0.0
4,4,0.0,0.0,0.0
4,4,0.0,0.0,0.0
4,4,0.0,0.0,0.0
4,4,0.0,0.0,0.0
4,4,0.0,0.0,0.0
4,4,0.0,0.0,0.0
4,4,0.0,0.0,0.0
4,4,0.0,0.0,0.0
4,4,0.0,0.0,0.0
4,4,0.0,0.0,0.0
4,4,0.0,0.0,0.0
4,4,0.0,0.0,0.0
4,4,0.0,0.0,0.0
4,4,0.0,0.0,0.0
4,4,0.0,0.0,0.0
4,4,0.0,0.0,0.0
4,4,0.0,0.0,0.0
4,4,0.0,0.0,0.0
4,4,0.0,0.0,0.0
4,4,0.0,0.0,0.0
4,4,0.0,0.0,0.0
4,4,0.0,0.0,0.0
4,4,0.0,0.0,0.0
4,4,0.0,0.0,0.0
4,4,0.0,0.0,0.0
4,4,0.0,0.0,0.0
4,4,0.0,0.0,0.0
4,4,0.0,0.0,0.0
4,4,0.0,0.0,0.0
4,4,0.0,0.0,0.0
4,4,0.0,0.0,0.0
4,4,0.0,0.0,0.0
4,4,0.0,0.0,0.0
4,4,0.0,0.0,0.0
4,4,0.0,0.0,0.0
4,4,0.0,0.0,0.0
4,4,0.0,0.0,0.0
4,4,0.0,0.0,0.0
4,4,0.0,0.0,0.0
4,4,0.0,0.0,0.0
4,4,0.0,0.0,0.0
4,4,0.0,0.0,0.0
4,4,0.0,0.0,0.0
4,4,0.0,0.0,0.0
4,4,0.0,0.0,0.0
4,4,0.0,0.0,0.0
4,4,0.0,0.0,0.0
4,4,0.0,0.0,0.0
4,4,0.0,0.0,0.0
4,4,0.0,0.0,0.0
4,4,0.0,0.0,0.0
4,4,0.0,0.0,0.0
4,4,0.0,0.0,0.0
4,4,0.0,0.0,0.0
4,4,0.0,0.0,62.040000000000006
4,4,0.0,0.0,0.0
4,4,0.0,0.0,0.0
4,4,0.0,0.0,0.0
4,4,0.0,0.0,0.0
4,4,0.0,0.0,0.0
4,4,0.0,0.0,0.0
4,4,0.0,0.0,0.0
4,4,0.0,0.0,0.0
4,4,0.0,0.0,0.0
4,4,0.0,0.0,0.0
4,4,0.0,0.0,0.0
4,4,0.0,0.0,0.0
4,4,0.0,0.0,0.0
4,4,0.0,0.0,0.0
4,4,0.0,0.0,0.0
4,4,0.0,0.0,0.0
4,4,0.0,0.0,0.0
4,4,0.0,0.0,0.0
4,4,0.0,0.0,0.0
4,4,0.0,0.0,0.0
4,4,0.0,0.0,0.0
4,4,0.0,0.0,0.0
4,4,0.0,0.0,0.0
4,4,0.0,0.0,0.0
4,4,0.0,0.0,0.0
4,4,0.0,0.0,0.0
4,4,0.0,0.0,0.0
4,4,0.0,0.0,0.0
4,4,0.0,0.0,0.0
4,4,0.0,0.0,0.0
4,4,0.0,0.0,0.0
4,4,0.0,0.0,0.0
4,4,0.0,0.0,0.0
4,4,0.0,0.0,0.0
4,4,0.0,0.0,0.0
4,4,0.0,0.0,0.0
4,4,0.0,0.0,0.0
4,4,0.0,0.0,0.0
4,4,0.0,0.0,0.0
4,4,0.0,0.0,0.0
4,4,0.0,0.0,0.0
4,4,0.0,0.0,0.0
4,4,0.0,0.0,0.0
4,4,0.0,0.0,0.0
4,4,0.0,0.0,0.0
4,4,0.0,0.0,0.0
4,4,0.0,0.0,0.0
4,4,0.0,0.0,0.0
4,4,0.0,0.0,0.0
4,4,0.0,0.0,0.0
4,4,0.0,0.0,0.0
4,4,0.0,0.0,0.0
4,4,0.0,0.0,40.92
4,4,0.0,0.0,0.0
4,4,0.0,0.0,0.0
4,4,0.0,0.0,0.0
4,4,0.0,0.0,0.0
4,4,0.0,0.0,0.0
4,4,0.0,0.0,0.0
4,4,0.0,0.0,0.0
4,4,0.0,0.0,0.0
4,4,0.0,0.0,0.0
4,4,0.0,0.0,0.0
4,4,0.0,0.0,0.0
4,4,0.0,0.0,0.0
4,4,0.0,0.0,0.0
4,4,0.0,0.0,0.0
4,4,0.0,0.0,0.0
4,4,0.0,0.0,0.0
4,4,0.0,0.0,0.0
4,4,0.0,0.0,0.0
4,4,0.0,0.0,0.0
4,4,0.0,0.0,0.0
4,4,0.0,0.0,0.0
4,4,0.0,0.0,0.0
4,4,0.0,0.0,0.0
4,4,0.0,0.0,0.0
4,4,0.0,0.0,0.0
4,4,0.0,0.0,0.0
4,4,0.0,0.0,0.0
4,4,0.0,0.0,0.0
4,4,0.0,0.0,0.0
4,4,0.0,0.0,0.0
4,4,0.0,0.0,0.0
4,4,0.0,0.0,0.0
4,4,0.0,0.0,0.0
4,4,0.0,0.0,0.0
4,4,0.0,0.0,0.0
4,4,0.0,0.0,0.0
4,4,0.0,0.0,30.360000000000003
4,4,0.0,0.0,0.0
4,4,0.0,0.0,0.0
4,4,0.0,0.0,0.0
4,4,0.0,0.0,0.0
4,4,0.0,0.0,0.0
4,4,0.0,0.0,0.0
4,4,0.0,0.0,0.0
4,4,0.0,0.0,0.0
4,4,0.0,0.0,0.0
4,4,0.0,0.0,0.0
4,4,0.0,0.0,0.0
4,4,0.0,0.0,0.0
4,4,0.0,0.0,0.0
4,4,0.0,0.0,0.0
4,4,0.0,0.0,0.0
4,4,0.0,0.0,0.0
4,4,0.0,0.0,0.0
4,4,0.0,0.0,0.0
4,4,0.0,0.0,0.0
4,4,0.0,0.0,0.0
4,4,0.0,0.0,0.0
4,4,0.0,0.0,0.0
4,4,0.0,0.0,0.0
4,4,0.0,0.0,0.0
4,4,0.0,0.0,0.0
4,4,0.0,0.0,0.0
4,4,0.0,0.0,0.0
4,4,0.0,0.0,0.0
4,4,0.0,0.0,0.0
4,4,0.0,0.0,0.0
4,4,0.0,0.0,0.0
4,4,0.0,0.0,0.0
4,4,0.0,0.0,0.0
4,4,0.0,0.0,0.0
4,4,0.0,0.0,0.0
4,4,0.0,0.0,0.0
4,4,0.0,0.0,0.0
4,4,0.0,0.0,0.0
4,4,0.0,0.0,0.0
4,4,0.0,0.0,0.0
4,4,0.0,0.0,0.0
4,4,0.0,0.0,0.0
4,4,0.0,0.0,0.0
4,4,0.0,0.0,0.0
4,4,0.0,0.0,0.0
4,4,0.0,0.0,0.0
4,4,0.0,0.0,0.0
4,4,0.0,0.0,0.0
4,4,0.0,0.0,0.0
4,4,0.0,0.0,0.0
4,4,0.0,0.0,0.0
4,4,0.0,0.0,0.0
4,4,0.0,0.0,0.0
4,4,0.0,0.0,0.0
4,4,0.0,0.0,0.0
4,4,0.0,0.0,0.0
4,4,0.0,0.0,0.0
4,4,0.0,0.0,0.0
4,4,0.0,0.0,0.0
4,4,0.0,0.0,0.0
4,4,0.0,0.0,0.0
4,4,0.0,0.0,0.0
4,4,0.0,0.0,0.0
4,4,0.0,0.0,0.0
4,4,0.0,0.0,0.0
4,4,0.0,0.0,0.0
4,4,0.0,0.0,0.0
4,4,0.0,0.0,0.0
4,4,0.0,0.0,0.0
4,4,0.0,0.0,0.0
4,4,0.0,0.0,0.0
4,4,0.0,0.0,0.0
4,4,0.0,0.0,0.0
4,4,0.0,0.0,0.0
4,4,0.0,0.0,0.0
4,4,0.0,0.0,0.0
4,4,0.0,0.0,0.0
4,4,0.0,0.0,0.0
4,4,0.0,0.0,0.0
4,4,0.0,0.0,0.0
4,4,0.0,0.0,0.0
4,4,0.0,0.0,0.0
4,4,0.0,0.0,0.0
4,4,0.0,0.0,0.0
4,4,0.0,0.0,0.0
4,4,0.0,0.0,0.0
4,4,0.0,0.0,0.0
4,4,0.0,0.0,0.0
4,4,0.0,0.0,0.0
4,4,0.0,0.0,0.0
4,4,0.0,0.0,0.0
4,4,0.0,0.0,0.0
4,4,0.0,0.0,0.0
4,4,0.0,0.0,0.0
4,4,0.0,0.0,0.0
4,4,0.0,0.0,0.0
4,4,0.0,0.0,0.0
4,4,0.0,0.0,0.0
4,4,0.0,0.0,0.0
4,4,0.0,0.0,0.0
4,4,0.0,0.0,0.0
4,4,0.0,0.0,0.0
4,4,0.0,0.0,0.0
4,4,0.0,0.0,0.0
4,4,0.0,0.0,0.0
4,4,0.0,0.0,0.0
4,4,0.0,0.0,0.0
4,4,0.0,0.0,0.0
4,4,0.0,0.0,0.0
4,4,0.0,0.0,0.0
4,4,0.0,0.0,0.0
4,4,0.0,0.0,0.0
4,4,0.0,0.0,0.0
4,4,0.0,0.0,0.0
4,4,0.0,0.0,0.0
4,4,0.0,0.0,0.0
4,4,0.0,0.0,0.0
4,4,0.0,0.0,0.0
4,4,0.0,0.0,0.0
4,4,0.0,0.0,0.0
4,4,0.0,0.0,0.0
4,4,0.0,0.0,0.0
4,4,0.0,0.0,0.0
4,4,0.0,0.0,0.0
4,4,0.0,0.0,0.0
4,4,0.0,0.0,0.0
4,4,0.0,0.0,0.0
4,4,0.0,0.0,0.0
4,4,0.0,0.0,0.0
4,4,0.0,0.0,0.0
4,4,0.0,0.0,0.0
4,4,0.0,0.0,0.0
4,4,0.0,0.0,0.0
4,4,0.0,0.0,0.0
4,4,0.0,0.0,0.0
4,4,0.0,0.0,0.0
4,4,0.0,0.0,0.0
4,4,0.0,0.0,0.0
4,4,0.0,0.0,0.0
4,4,0.0,0.0,0.0
4,4,0.0,0.0,0.0
4,4,0.0,0.0,0.0
4,4,0.0,0.0,0.0
4,4,0.0,0.0,0.0
4,4,0.0,0.0,0.0
4,4,0.0,0.0,0.0
4,4,0.0,0.0,0.0
4,4,0.0,0.0,0.0
4,4,0.0,0.0,0.0
4,4,0.0,0.0,0.0
4,4,0.0,0.0,0.0
4,4,0.0,0.0,0.0
4,4,0.0,0.0,0.0
4,4,0.0,0.0,0.0
4,4,0.0,0.0,0.0
4,4,0.0,0.0,0.0
4,4,0.0,0.0,0.0
4,4,0.0,0.0,0.0
4,4,0.0,0.0,0.0
4,4,0.0,0.0,0.0
4,4,0.0,0.0,0.0
4,4,0.0,0.0,0.0
4,4,0.0,0.0,0.0
4,4,0.0,0.0,0.0
4,4,0.0,0.0,0.0
4,4,0.0,0.0,0.0
4,4,0.0,0.0,0.0
4,4,0.0,0.0,0.0
4,4,0.0,0.0,0.0
4,4,0.0,0.0,0.0
4,4,0.0,0.0,0.0
4,4,0.0,0.0,0.0
4,4,0.0,0.0,0.0
4,4,0.0,0.0,0.0
4,4,0.0,0.0,0.0
4,4,0.0,0.0,0.0
4,4,0.0,0.0,0.0
4,4,0.0,0.0,0.0
4,4,0.0,0.0,0.0
4,4,0.0,0.0,0.0
4,4,0.0,0.0,0.0
4,4,0.0,0.0,0.0
4,4,0.0,0.0,0.0
4,4,0.0,0.0,0.0
4,4,0.0,0.0,0.0
4,4,0.0,0.0,0.0
4,4,0.0,0.0,0.0
4,4,0.0,0.0,0.0
4,4,0.0,0.0,0.0
4,4,0.0,0.0,0.0
4,4,0.0,0.0,0.0
4,4,0.0,0.0,0.0
4,4,0.0,0.0,0.0
4,4,0.0,0.0,0.0
4,4,0.0,0.0,0.0
4,4,0.0,0.0,0.0
4,4,0.0,0.0,0.0
4,4,0.0,0.0,0.0
4,4,0.0,0.0,0.0
4,4,0.0,0.0,0.0
4,4,0.0,0.0,0.0
4,4,0.0,0.0,0.0
4,4,0.0,0.0,0.0
4,4,0.0,0.0,0.0
4,4,0.0,0.0,0.0
4,4,0.0,0.0,0.0
4,4,0.0,0.0,0.0
4,4,0.0,0.0,0.0
4,4,0.0,0.0,0.0
4,4,0.0,0.0,0.0
4,4,0.0,0.0,0.0
4,4,0.0,0.0,0.0
4,4,0.0,0.0,0.0
4,4,0.0,0.0,0.0
4,4,0.0,0.0,0.0
4,4,0.0,0.0,0.0
4,4,0.0,0.0,0.0
4,4,0.0,0.0,0.0
4,4,0.0,0.0,0.0
4,4,0.0,0.0,0.0
4,4,0.0,0.0,0.0
4,4,0.0,0.0,0.0
4,4,0.0,0.0,0.0
4,4,0.0,0.0,0.0
4,4,0.0,0.0,0.0
4,4,0.0,0.0,0.0
4,4,0.0,0.0,0.0
4,4,0.0,0.0,0.0
4,4,0.0,0.0,0.0
4,4,0.0,0.0,0.0
4,4,0.0,0.0,0.0
4,4,0.0,0.0,0.0
4,4,0.0,0.0,0.0
4,4,0.0,0.0,0.0
4,4,0.0,0.0,0.0
4,4,0.0,0.0,0.0
4,4,0.0,0.0,0.0
4,4,0.0,0.0,0.0
4,4,0.0,0.0,0.0
4,4,0.0,0.0,0.0
4,4,0.0,0.0,0.0
4,4,0.0,0.0,0.0
4,4,0.0,0.0,0.0
4,4,0.0,0.0,0.0
4,4,0.0,0.0,0.0
4,4,0.0,0.0,0.0
4,4,0.0,0.0,0.0
4,4,0.0,0.0,0.0
4,4,0.0,0.0,0.0
4,4,0.0,0.0,0.0
4,4,0.0,0.0,0.0
4,4,0.0,0.0,0.0
4,4,0.0,0.0,0.0
4,4,0.0,0.0,0.0
4,4,0.0,0.0,0.0
4,4,0.0,0.0,0.0
4,4,0.0,0.0,0.0
4,4,0.0,0.0,0.0
4,4,0.0,0.0,0.0
4,4,0.0,0.0,0.0
4,4,0.0,0.0,0.0
4,4,0.0,0.0,0.0
4,4,0.0,0.0,0.0
4,4,0.0,0.0,0.0
4,4,0.0,0.0,0.0
4,4,0.0,0.0,0.0
4,4,0.0,0.0,0.0
4,4,0.0,0.0,0.0
4,4,0.0,0.0,0.0
4,4,0.0,0.0,0.0
4,4,0.0,0.0,0.0
4,4,0.0,0.0,0.0
4,4,0.0,0.0,0.0
4,4,0.0,0.0,0.0
4,4,0.0,0.0,0.0
4,4,0.0,0.0,0.0
4,4,0.0,0.0,0.0
4,4,0.0,0.0,0.0
4,4,0.0,0.0,0.0
4,4,0.0,0.0,0.0
4,4,0.0,0.0,0.0
4,4,0.0,0.0,0.0
4,4,0.0,0.0,0.0
4,4,0.0,0.0,0.0
4,4,0.0,0.0,0.0
4,4,0.0,0.0,0.0
4,4,0.0,0.0,0.0
4,4,0.0,0.0,0.0
4,4,0.0,0.0,0.0
4,4,0.0,0.0,0.0
4,4,0.0,0.0,0.0
4,4,0.0,0.0,0.0
4,4,0.0,0.0,0.0
4,4,0.0,0.0,0.0
4,4,0.0,0.0,0.0
4,4,0.0,0.0,0.0
4,4,0.0,0.0,0.0
4,4,0.0,0.0,0.0
4,4,0.0,0.0,0.0
4,4,0.0,0.0,0.0
4,4,0.0,0.0,0.0
4,4,0.0,0.0,0.0
4,4,0.0,0.0,0.0
4,4,0.0,0.0,0.0
4,4,0.0,0.0,0.0
4,4,0.0,0.0,0.0
4,4,0.0,0.0,0.0
4,4,0.0,0.0,0.0
4,4,0.0,0.0,0.0
4,4,0.0,0.0,0.0
4,4,0.0,0.0,0.0
4,4,0.0,0.0,0.0
4,4,0.0,0.0,0.0
4,4,0.0,0.0,0.0
4,4,0.0,0.0,0.0
4,4,0.0,0.0,0.0
4,4,0.0,0.0,0.0
4,4,0.0,0.0,0.0
4,4,0.0,0.0,0.0
4,4,0.0,0.0,0.0
4,4,0.0,0.0,0.0
4,4,0.0,0.0,0.0
4,4,0.0,0.0,0.0
4,4,0.0,0.0,0.0
4,4,0.0,0.0,0.0
4,4,0.0,0.0,0.0
4,4,0.0,0.0,0.0
4,4,0.0,0.0,0.0
4,4,0.0,0.0,0.0
4,4,0.0,0.0,0.0
4,4,0.0,0.0,0.0
4,4,0.0,0.0,0.0
4,4,0.0,0.0,0.0
4,4,0.0,0.0,0.0
4,4,0.0,0.0,0.0
4,4,0.0,0.0,0.0
4,4,0.0,0.0,0.0
4,4,0.0,0.0,0.0
4,4,0.0,0.0,0.0
4,4,0.0,0.0,0.0
4,4,0.0,0.0,0.0
4,4,0.0,0.0,0.0
4,4,0.0,0.0,0.0
4,4,0.0,0.0,0.0
4,4,0.0,0.0,0.0
4,4,0.0,0.0,0.0
4,4,0.0,0.0,0.0
4,4,0.0,0.0,0.0
4,4,0.0,0.0,0.0
4,4,0.0,0.0,0.0
4,4,0.0,0.0,0.0
4,4,0.0,0.0,0.0
4,4,0.0,0.0,0.0
4,4,0.0,0.0,0.0
4,4,0.0,0.0,0.0
4,4,0.0,0.0,0.0
4,4,0.0,0.0,0.0
4,4,0.0,0.0,0.0
4,4,0.0,0.0,0.0
4,4,0.0,0.0,0.0
4,4,0.0,0.0,0.0
4,4,0.0,0.0,0.0
4,4,0.0,0.0,0.0
4,4,0.0,0.0,0.0
4,4,0.0,0.0,0.0
4,4,0.0,0.0,0.0
4,4,0.0,0.0,0.0
4,4,0.0,0.0,0.0
4,4,0.0,0.0,0.0
4,4,0.0,0.0,0.0
4,4,0.0,0.0,0.0
4,4,0.0,0.0,0.0
4,4,0.0,0.0,0.0
4,4,0.0,0.0,0.0
4,4,0.0,0.0,0.0
4,4,0.0,0.0,0.0
4,4,0.0,0.0,0.0
4,4,0.0,0.0,0.0
4,4,0.0,0.0,0.0
4,4,0.0,0.0,0.0
4,4,0.0,0.0,0.0
4,4,0.0,0.0,0.0
4,4,0.0,0.0,0.0
4,4,0.0,0.0,0.0
4,4,0.0,0.0,0.0
4,4,0.0,0.0,0.0
4,4,0.0,0.0,0.0
4,4,0.0,0.0,0.0
4,4,0.0,0.0,0.0
4,4,0.0,0.0,0.0
4,4,0.0,0.0,0.0
4,4,0.0,0.0,0.0
4,4,0.0,0.0,0.0
4,4,0.0,0.0,0.0
4,4,0.0,0.0,0.0
4,4,0.0,0.0,0.0
4,4,0.0,0.0,0.0
4,4,0.0,0.0,0.0
4,4,0.0,0.0,0.0
4,4,0.0,0.0,0.0
4,4,0.0,0.0,0.0
4,4,0.0,0.0,0.0
4,4,0.0,0.0,0.0
4,4,0.0,0.0,0.0
4,4,0.0,0.0,0.0
4,4,0.0,0.0,0.0
4,4,0.0,0.0,0.0
4,4,0.0,0.0,0.0
4,4,0.0,0.0,0.0
4,4,0.0,0.0,0.0
4,4,0.0,0.0,0.0
4,4,0.0,0.0,0.0
4,4,0.0,0.0,0.0
4,4,0.0,0.0,0.0
4,4,0.0,0.0,0.0
4,4,0.0,0.0,0.0
4,4,0.0,0.0,0.0
4,4,0.0,0.0,0.0
4,4,0.0,0.0,0.0
4,4,0.0,0.0,0.0
4,4,0.0,0.0,0.0
4,4,0.0,0.0,0.0
4,4,0.0,0.0,0.0
4,4,0.0,0.0,0.0
4,4,0.0,0.0,0.0
4,4,0.0,0.0,0.0
4,4,0.0,0.0,0.0
4,4,0.0,0.0,0.0
4,4,0.0,0.0,0.0
4,4,0.0,0.0,0.0
4,4,0.0,0.0,0.0
4,4,0.0,0.0,0.0
4,4,0.0,0.0,0.0
4,4,0.0,0.0,0.0
4,4,0.0,0.0,0.0
4,4,0.0,0.0,0.0
4,4,0.0,0.0,0.0
4,4,0.0,0.0,0.0
4,4,0.0,0.0,0.0
4,4,0.0,0.0,0.0
4,4,0.0,0.0,0.0
4,4,0.0,0.0,0.0
4,4,0.0,0.0,0.0
4,4,0.0,0.0,0.0
4,4,0.0,0.0,0.0
4,4,0.0,0.0,0.0
4,4,0.0,0.0,0.0
4,4,0.0,0.0,0.0
4,4,0.0,0.0,0.0
4,4,0.0,0.0,0.0
4,4,0.0,0.0,0.0
4,4,0.0,0.0,0.0
4,4,0.0,0.0,0.0
4,4,0.0,0.0,0.0
4,4,0.0,0.0,0.0
4,4,0.0,0.0,0.0
4,4,0.0,0.0,0.0
4,4,0.0,0.0,0.0
4,4,0.0,0.0,0.0
4,4,0.0,0.0,0.0
4,4,0.0,0.0,0.0
4,4,0.0,0.0,0.0
4,4,0.0,0.0,0.0
4,4,0.0,0.0,0.0
4,4,0.0,0.0,0.0
4,4,0.0,0.0,0.0
4,4,0.0,0.0,0.0
4,4,0.0,0.0,0.0
4,4,0.0,0.0,0.0
4,4,0.0,0.0,0.0
4,4,0.0,0.0,0.0
4,4,0.0,0.0,0.0
4,4,0.0,0.0,0.0
4,4,0.0,0.0,0.0
4,4,0.0,0.0,0.0
4,4,0.0,0.0,0.0
4,4,0.0,0.0,0.0
4,4,0.0,0.0,0.0
4,4,0.0,0.0,0.0
4,4,0.0,0.0,0.0
4,4,0.0,0.0,0.0
4,4,0.0,0.0,0.0
4,4,0.0,0.0,0.0
4,4,0.0,0.0,0.0
4,4,0.0,0.0,0.0
4,4,0.0,0.0,0.0
4,4,0.0,0.0,0.0
4,4,0.0,0.0,0.0
4,4,0.0,0.0,0.0
4,4,0.0,0.0,0.0
4,4,0.0,0.0,0.0
4,4,0.0,0.0,0.0
4,4,0.0,0.0,0.0
4,4,0.0,0.0,0.0
4,4,0.0,0.0,0.0
4,4,0.0,0.0,0.0
4,4,0.0,0.0,0.0
4,4,0.0,0.0,0.0
4,4,0.0,0.0,0.0
4,4,0.0,0.0,0.0
4,4,0.0,0.0,0.0
4,4,0.0,0.0,0.0
4,4,0.0,0.0,0.0
4,4,0.0,0.0,0.0
4,4,0.0,0.0,0.0
4,4,0.0,0.0,6.6000000000000005
4,4,0.0,0.0,0.0
4,4,0.0,0.0,0.0
4,4,0.0,0.0,0.0
4,4,0.0,0.0,0.0
4,4,0.0,0.0,0.0
4,4,0.0,0.0,0.0
4,4,0.0,0.0,0.0
4,4,0.0,0.0,0.0
4,4,0.0,0.0,0.0
4,4,0.0,0.0,0.0
4,4,0.0,0.0,0.0
4,4,0.0,0.0,0.0
4,4,0.0,0.0,0.0
4,4,0.0,0.0,0.0
4,4,0.0,0.0,0.0
4,4,0.0,0.0,0.0
4,4,0.0,0.0,0.0
4,4,0.0,0.0,0.0
4,4,0.0,0.0,0.0
4,4,0.0,0.0,0.0
4,4,0.0,0.0,0.0
4,4,0.0,0.0,0.0
4,4,0.0,0.0,0.0
4,4,0.0,0.0,0.0
4,4,0.0,0.0,0.0
4,4,0.0,0.0,0.0
4,4,0.0,0.0,0.0
4,4,0.0,0.0,0.0
4,4,0.0,0.0,0.0
4,4,0.0,0.0,0.0
4,4,0.0,0.0,0.0
4,4,0.0,0.0,0.0
4,4,0.0,0.0,0.0
4,4,0.0,0.0,0.0
4,4,0.0,0.0,0.0
4,4,0.0,0.0,0.0
4,4,0.0,0.0,0.0
4,4,0.0,0.0,0.0
4,4,0.0,0.0,0.0
4,4,0.0,0.0,0.0
4,4,0.0,0.0,0.0
4,4,0.0,0.0,0.0
4,4,0.0,0.0,0.0
4,4,0.0,0.0,0.0
4,4,0.0,0.0,0.0
4,4,0.0,0.0,0.0
4,4,0.0,0.0,0.0
4,4,0.0,0.0,0.0
4,4,0.0,0.0,0.0
4,4,0.0,0.0,0.0
4,4,0.0,0.0,0.0
4,4,0.0,0.0,0.0
4,4,0.0,0.0,0.0
4,4,0.0,0.0,0.0
4,4,0.0,0.0,0.0
4,4,0.0,0.0,0.0
4,4,0.0,0.0,0.0
4,4,0.0,0.0,0.0
4,4,0.0,0.0,0.0
4,4,0.0,0.0,0.0
4,4,0.0,0.0,0.0
4,4,0.0,0.0,0.0
4,4,0.0,0.0,0.0
4,4,0.0,0.0,0.0
4,4,0.0,0.0,0.0
4,4,0.0,0.0,0.0
4,4,0.0,0.0,0.0
4,4,0.0,0.0,0.0
4,4,0.0,0.0,0.0
4,4,0.0,0.0,0.0
4,4,0.0,0.0,0.0
4,4,0.0,0.0,0.0
4,4,0.0,0.0,0.0
4,4,0.0,0.0,0.0
4,4,0.0,0.0,0.0
4,4,0.0,0.0,0.0
4,4,0.0,0.0,0.0
4,4,0.0,0.0,0.0
4,4,0.0,0.0,0.0
4,4,0.0,0.0,0.0
4,4,0.0,0.0,0.0
4,4,0.0,0.0,0.0
4,4,0.0,0.0,0.0
4,4,0.0,0.0,0.0
4,4,0.0,0.0,0.0
4,4,0.0,0.0,0.0
4,4,0.0,0.0,0.0
4,4,0.0,0.0,0.0
4,4,0.0,0.0,0.0
4,4,0.0,0.0,0.0
4,4,0.0,0.0,0.0
4,4,0.0,0.0,0.0
4,4,0.0,0.0,0.0
4,4,0.0,0.0,0.0
4,4,0.0,0.0,0.0
4,4,0.0,0.0,0.0
4,4,0.0,0.0,0.0
4,4,0.0,0.0,0.0
4,4,0.0,0.0,0.0
4,4,0.0,0.0,0.0
4,4,0.0,0.0,0.0
4,4,0.0,0.0,0.0
4,4,0.0,0.0,0.0
4,4,0.0,0.0,0.0
4,4,0.0,0.0,0.0
4,4,0.0,0.0,22.44
4,4,0.0,0.0,0.0
4,4,0.0,0.0,0.0
4,4,0.0,0.0,0.0
4,4,0.0,0.0,0.0
4,4,0.0,0.0,0.0
4,4,0.0,0.0,0.0
4,4,0.0,0.0,0.0
4,4,0.0,0.0,0.0
4,4,0.0,0.0,0.0
4,4,0.0,0.0,0.0
4,4,0.0,0.0,0.0
4,4,0.0,0.0,0.0
4,4,0.0,0.0,0.0
4,4,0.0,0.0,0.0
4,4,0.0,0.0,40.92
4,4,0.0,0.0,0.0
4,4,0.0,0.0,0.0
4,4,0.0,0.0,0.0
4,4,0.0,0.0,0.0
4,4,0.0,0.0,0.0
4,4,0.0,0.0,0.0
4,4,0.0,0.0,0.0
4,4,0.0,0.0,0.0
4,4,0.0,0.0,0.0
4,4,0.0,0.0,0.0
4,4,0.0,0.0,0.0
4,4,0.0,0.0,0.0
4,4,0.0,0.0,0.0
4,4,0.0,0.0,0.0
4,4,0.0,0.0,0.0
4,4,0.0,0.0,0.0
4,4,0.0,0.0,0.0
4,4,0.0,0.22408883924908451,30.360000000000003
4,4,0.0,0.0,0.0
4,4,0.0,0.0,0.0
4,4,0.0,0.0,0.0
4,4,0.0,0.0,0.0
4,4,0.0,0.0,0.0
4,4,0.0,0.0,0.0
4,4,0.0,0.0,0.0
4,4,0.0,0.0,0.0
4,4,0.0,0.0,0.0
4,4,0.0,0.0,0.0
4,4,0.0,0.0,0.0
4,4,0.0,0.0,0.0
4,4,0.0,0.0,0.0
4,4,0.0,0.0,0.0
4,4,0.0,0.0,0.0
4,4,0.0,0.0,0.0
4,4,0.0,0.0,0.0
4,4,0.0,0.0,0.0
4,4,0.0,0.0,0.0
4,4,0.0,0.0,0.0
4,4,0.0,0.0,0.0
4,4,0.0,0.0,0.0
4,4,0.0,0.0,0.0
4,4,0.0,0.0,0.0
4,4,0.0,0.0,0.0
4,4,0.0,0.0,0.0
4,4,0.0,0.0,0.0
4,4,0.0,0.0,0.0
4,4,0.0,0.0,0.0
4,4,0.0,0.0,0.0
4,4,0.0,0.0,0.0
4,4,0.0,0.0,0.0
4,4,0.0,0.0,0.0
4,4,0.0,0.0,0.0
4,4,0.0,0.0,0.0
4,4,0.0,0.0,0.0
4,4,0.0,0.0,0.0
4,4,0.0,0.0,0.0
4,4,0.0,0.0,0.0
4,4,0.0,0.0,0.0
4,4,0.0,0.0,0.0
4,4,0.0,0.0,0.0
4,4,0.0,0.0,0.0
4,4,0.0,0.0,0.0
4,4,0.0,0.0,0.0
4,4,0.0,0.0,0.0
4,4,0.0,0.0,0.0
4,4,0.0,0.0,0.0
4,4,0.0,0.0,0.0
4,4,0.0,0.0,0.0
4,4,0.0,0.0,0.0
4,4,0.0,0.0,0.0
4,4,0.0,0.0,0.0
4,4,0.0,0.0,0.0
4,4,0.0,0.0,0.0
4,4,0.0,0.0,0.0
4,4,0.0,0.0,0.0
4,4,0.0,0.0,0.0
4,4,0.0,0.0,0.0
4,4,0.0,0.0,0.0
4,4,0.0,0.0,0.0
4,4,0.0,0.0,0.0
4,4,0.0,0.0,0.0
4,4,0.0,0.0,0.0
4,4,0.0,0.0,0.0
4,4,0.0,0.0,0.0
4,4,0.0,0.0,0.0
4,4,0.0,0.0,0.0
4,4,0.0,0.0,0.0
4,4,0.0,0.0,0.0
4,4,0.0,0.0,0.0
4,4,0.0,0.0,0.0
4,4,0.0,0.0,0.0
4,4,0.0,0.0,0.0
4,4,0.0,0.0,0.0
4,4,0.0,0.0,0.0
4,4,0.0,0.0,0.0
4,4,0.0,0.0,0.0
4,4,0.0,0.0,0.0
4,4,0.0,0.0,0.0
4,4,0.0,0.0,0.0
4,4,0.0,0.0,0.0
4,4,0.0,0.0,0.0
4,4,0.0,0.0,0.0
4,4,0.0,0.0,0.0
4,4,0.0,0.0,0.0
4,4,0.0,0.0,0.0
4,4,0.0,0.0,0.0
4,4,0.0,0.0,0.0
4,4,0.0,0.0,0.0
4,4,0.0,0.0,0.0
4,4,0.0,0.0,0.0
4,4,0.0,0.0,0.0
4,4,0.0,0.0,0.0
4,4,0.0,0.0,0.0
4,4,0.0,0.0,0.0
4,4,0.0,0.0,0.0
4,4,0.0,0.0,0.0
4,4,0.0,0.0,0.0
4,4,0.0,0.0,0.0
4,4,0.0,0.0,0.0
4,4,0.0,0.0,0.0
4,4,0.0,0.0,0.0
4,4,0.0,0.0,0.0
4,4,0.0,0.0,0.0
4,4,0.0,0.0,0.0
4,4,0.0,0.0,0.0
4,4,0.0,0.0,0.0
4,4,0.0,0.0,0.0
4,4,0.0,0.0,0.0
4,4,0.0,0.0,0.0
4,4,0.0,0.0,0.0
4,4,0.0,0.0,0.0
4,4,0.0,0.0,0.0
4,4,0.0,0.0,0.0
4,4,0.0,0.0,0.0
4,4,0.0,0.0,0.0
4,4,0.0,0.0,0.0
4,4,0.0,0.0,0.0
4,4,0.0,0.0,0.0
4,4,0.0,0.0,0.0
4,4,0.0,0.0,0.0
4,4,0.0,0.0,0.0
4,4,0.0,0.0,0.0
4,4,0.0,0.0,0.0
4,4,0.0,0.0,0.0
4,4,0.0,0.0,0.0
4,4,0.0,0.0,0.0
4,4,0.0,0.0,0.0
4,4,0.0,0.0,0.0
4,4,0.0,0.0,0.0
4,4,0.0,0.0,0.0
4,4,0.0,0.0,0.0
4,4,0.0,0.0,0.0
4,4,0.0,0.0,0.0
4,4,0.0,0.0,0.0
4,4,0.0,0.0,0.0
4,4,0.0,0.0,0.0
4,4,0.0,0.0,0.0
4,4,0.0,0.0,0.0
4,4,0.0,0.0,0.0
4,4,0.0,0.0,0.0
4,4,0.0,0.0,0.0
4,4,0.0,0.0,0.0
4,4,0.0,0.0,0.0
4,4,0.0,0.0,0.0
4,4,0.0,0.0,0.0
4,4,0.0,0.0,0.0
4,4,0.0,0.0,0.0
4,4,0.0,0.0,0.0
4,4,0.0,0.0,0.0
4,4,0.0,0.0,0.0
4,4,0.0,0.0,0.0
4,4,0.0,0.0,0.0
4,4,0.0,0.0,0.0
4,4,0.0,0.0,0.0
4,4,0.0,0.0,0.0
4,4,0.0,0.0,0.0
4,4,0.0,0.0,0.0
4,4,0.0,0.0,0.0
4,4,0.0,0.0,0.0
4,4,0.0,0.0,0.0
4,4,0.0,0.0,0.0
4,4,0.0,0.0,0.0
4,4,0.0,0.0,0.0
4,4,0.0,0.0,0.0
4,4,0.0,0.0,0.0
4,4,0.0,0.0,0.0
4,4,0.0,0.0,0.0
4,4,0.0,0.0,0.0
4,4,0.0,0.0,0.0
4,4,0.0,0.0,0.0
4,4,0.0,0.0,0.0
4,4,0.0,0.0,0.0
4,4,0.0,0.0,0.0
4,4,0.0,0.0,0.0
4,4,0.0,0.0,0.0
4,4,0.0,0.0,0.0
4,4,0.0,0.0,0.0
4,4,0.0,0.0,0.0
4,4,0.0,0.0,0.0
4,4,0.0,0.0,0.0
4,4,0.0,0.0,0.0
4,4,0.0,0.0,0.0
4,4,0.0,0.0,0.0
4,4,0.0,0.0,0.0
4,4,0.0,0.0,0.0
4,4,0.0,0.0,0.0
4,4,0.0,0.0,0.0
4,4,0.0,0.0,0.0
4,4,0.0,0.0,0.0
4,4,0.0,0.0,0.0
4,4,0.0,0.0,0.0
4,4,0.0,0.0,0.0
4,4,0.0,0.0,0.0
4,4,0.0,0.0,0.0
4,4,0.0,0.0,0.0
4,4,0.0,0.0,0.0
4,4,0.0,0.0,0.0
4,4,0.0,0.0,0.0
4,4,0.0,0.0,0.0
4,4,0.0,0.0,0.0
4,4,0.0,0.0,0.0
4,4,0.0,0.0,0.0
4,4,0.0,0.0,0.0
4,4,0.0,0.0,0.0
4,4,0.0,0.0,0.0
4,4,0.0,0.0,0.0
4,4,0.0,0.0,0.0
4,4,0.0,0.0,0.0
4,4,0.0,0.0,0.0
4,4,0.0,0.0,0.0
4,4,0.0,0.0,0.0
4,4,0.0,0.0,0.0
4,4,0.0,0.0,0.0
4,4,0.0,0.0,0.0
4,4,0.0,0.0,0.0
4,4,0.0,0.0,0.0
4,4,0.0,0.0,0.0
4,4,0.0,0.0,0.0
4,4,0.0,0.0,0.0
4,4,0.0,0.0,0.0
4,4,0.0,0.0,0.0
4,4,0.0,0.0,0.0
4,4,0.0,0.0,0.0
4,4,0.0,0.0,0.0
4,4,0.0,0.0,0.0
4,4,0.0,0.0,0.0
4,4,0.0,0.0,0.0
4,4,0.0,0.0,0.0
4,4,0.0,0.0,0.0
4,4,0.0,0.0,0.0
4,4,0.0,0.0,0.0
4,4,0.0,0.0,0.0
4,4,0.0,0.0,0.0
4,4,0.0,0.0,0.0
4,4,0.0,0.0,0.0
4,4,0.0,0.0,0.0
4,4,0.0,0.0,0.0
4,4,0.0,0.0,0.0
4,4,0.0,0.0,0.0
4,4,0.0,0.0,0.0
4,4,0.0,0.0,0.0
4,4,0.0,0.0,0.0
4,4,0.0,0.0,0.0
4,4,0.0,0.0,0.0
4,4,0.0,0.0,0.0
4,4,0.0,0.0,0.0
4,4,0.0,0.0,0.0
4,4,0.0,0.0,0.0
4,4,0.0,0.0,0.0
4,4,0.0,0.0,0.0
4,4,0.0,0.0,0.0
4,4,0.0,0.0,0.0
4,4,0.0,0.0,0.0
4,4,0.0,0.0,0.0
4,4,0.0,0.0,0.0
4,4,0.0,0.0,0.0
4,4,0.0,0.0,0.0
4,4,0.0,0.0,0.0
4,4,0.0,0.0,0.0
4,4,0.0,0.0,0.0
4,4,0.0,0.0,0.0
4,4,0.0,0.0,0.0
4,4,0.0,0.0,0.0
4,4,0.0,0.0,0.0
4,4,0.0,0.0,0.0
4,4,0.0,0.0,0.0
4,4,0.0,0.0,0.0
4,4,0.0,0.0,0.0
4,4,0.0,0.0,0.0
4,4,0.0,0.0,0.0
4,4,0.0,0.0,0.0
4,4,0.0,0.0,0.0
4,4,0.0,0.0,0.0
4,4,0.0,0.0,0.0
4,4,0.0,0.0,0.0
4,4,0.0,0.0,0.0
4,4,0.0,0.0,0.0
4,4,0.0,0.0,0.0
4,4,0.0,0.0,0.0
4,4,0.0,0.0,0.0
4,4,0.0,0.0,0.0
4,4,0.0,0.0,0.0
4,4,0.0,0.0,0.0
4,4,0.0,0.0,0.0
4,4,0.0,0.0,0.0
4,4,0.0,0.0,0.0
4,4,0.0,0.0,0.0
4,4,0.0,0.0,0.0
4,4,0.0,0.0,0.0
4,4,0.0,0.0,0.0
4,4,0.0,0.0,0.0
4,4,0.0,0.0,0.0
4,4,0.0,0.0,0.0
4,4,0.0,0.0,0.0
4,4,0.0,0.0,0.0
4,4,0.0,0.0,0.0
4,4,0.0,0.0,0.0
4,4,0.0,0.0,0.0
4,4,0.0,0.0,0.0
4,4,0.0,0.0,0.0
4,4,0.0,0.0,0.0
4,4,0.0,0.0,0.0
4,4,0.0,0.0,0.0
4,4,0.0,0.0,0.0
4,4,0.0,0.0,0.0
4,4,0.0,0.0,0.0
4,4,0.0,0.0,0.0
4,4,0.0,0.0,0.0
4,4,0.0,0.0,0.0
4,4,0.0,0.0,0.0
4,4,0.0,0.0,0.0
4,4,0.0,0.0,0.0
4,4,0.0,0.0,0.0
4,4,0.0,0.0,0.0
4,4,0.0,0.0,0.0
4,4,0.0,0.0,0.0
4,4,0.0,0.0,0.0
4,4,0.0,0.0,0.0
4,4,0.0,0.0,0.0
4,4,0.0,0.0,0.0
4,4,0.0,0.0,0.0
4,4,0.0,0.0,0.0
4,4,0.0,0.0,0.0
4,4,0.0,0.0,0.0
4,4,0.0,0.0,0.0
4,4,0.0,0.0,0.0
4,4,0.0,0.0,0.0
4,4,0.0,0.0,0.0
4,4,0.0,0.0,0.0
4,4,0.0,0.0,0.0
4,4,0.0,0.0,0.0
4,4,0.0,0.0,0.0
4,4,0.0,0.0,0.0
4,4,0.0,0.0,0.0
4,4,0.0,0.0,0.0
4,4,0.0,0.0,0.0
4,4,0.0,0.0,0.0
4,4,0.0,0.0,0.0
4,4,0.0,0.0,0.0
4,4,0.0,0.0,0.0
4,4,0.0,0.0,0.0
4,4,0.0,0.0,0.0
4,4,0.0,0.0,0.0
4,4,0.0,0.0,0.0
4,4,0.0,0.0,0.0
4,4,0.0,0.0,0.0
4,4,0.0,0.0,14.520000000000001
4,4,0.0,0.0,0.0
4,4,0.0,0.0,0.0
4,4,0.0,0.0,0.0
4,4,0.0,0.0,0.0
4,4,0.0,0.0,0.0
4,4,0.0,0.0,0.0
4,4,0.0,0.0,47.52
4,4,0.0,0.0,0.0
4,4,0.0,0.0,0.0
4,4,0.0,0.0,0.0
4,4,0.0,0.0,0.0
4,4,0.0,0.0,0.0
4,4,0.0,0.0,0.0
4,4,0.0,0.0,0.0
4,4,0.0,0.0,0.0
4,4,0.0,0.0,0.0
4,4,0.0,0.0,0.0
4,4,0.0,0.0,0.0
4,4,0.0,0.0,0.0
4,4,0.0,0.0,0.0
4,4,0.0,0.0,0.0
4,4,0.0,0.0,0.0
4,4,0.0,0.0,0.0
4,4,0.0,0.0,0.0
4,4,0.0,0.0,0.0
4,4,0.0,0.0,0.0
4,4,0.0,0.0,0.0
4,4,0.0,0.0,0.0
4,4,0.0,0.0,0.0
4,4,0.0,0.0,0.0
4,4,0.0,0.0,0.0
4,4,0.0,0.0,0.0
4,4,0.0,0.0,0.0
4,4,0.0,0.0,0.0
4,4,0.0,0.0,0.0
4,4,0.0,0.0,0.0
4,4,0.0,0.0,0.0
4,4,0.0,0.0,0.0
4,4,0.0,0.0,0.0
4,4,0.0,0.0,0.0
4,4,0.0,0.0,0.0
4,4,0.0,0.0,0.0
4,4,0.0,0.0,0.0
4,4,0.0,0.0,0.0
4,4,0.0,0.0,0.0
4,4,0.0,0.0,0.0
4,4,0.0,0.0,0.0
4,4,0.0,0.0,0.0
4,4,0.0,0.0,0.0
4,4,0.0,0.0,0.0
4,4,0.0,0.0,0.0
4,4,0.0,0.0,0.0
4,4,0.0,0.0,0.0
4,4,0.0,0.0,0.0
4,4,0.0,0.0,0.0
4,4,0.0,0.0,0.0
4,4,0.0,0.0,0.0
4,4,0.0,0.0,0.0
4,4,0.0,0.0,0.0
4,4,0.0,0.0,0.0
4,4,0.0,0.0,0.0
4,4,0.0,0.0,0.0
4,4,0.0,0.0,0.0
4,4,0.0,0.0,0.0
4,4,0.0,0.0,0.0
4,4,0.0,0.0,0.0
4,4,0.0,0.0,0.0
4,4,0.0,0.0,0.0
4,4,0.0,0.0,0.0
4,4,0.0,0.0,0.0
4,4,0.0,0.0,0.0
4,4,0.0,0.0,0.0
4,4,0.0,0.0,0.0
4,4,0.0,0.0,0.0
4,4,0.0,0.0,0.0
4,4,0.0,0.0,0.0
4,4,0.0,0.0,0.0
4,4,0.0,0.0,0.0
4,4,0.0,0.0,0.0
4,4,0.0,0.0,0.0
4,4,0.0,0.0,0.0
4,4,0.0,0.0,0.0
4,4,0.0,0.0,0.0
4,4,0.0,0.0,0.0
4,4,0.0,0.0,0.0
4,4,0.0,0.0,0.0
4,4,0.0,0.0,0.0
4,4,0.0,0.0,0.0
4,4,0.0,0.0,0.0
4,4,0.0,0.0,0.0
4,4,0.0,0.0,0.0
4,4,0.0,0.0,0.0
4,4,0.0,0.0,0.0
4,4,0.0,0.0,0.0
4,4,0.0,0.0,0.0
4,4,0.0,0.0,0.0
4,4,0.0,0.0,0.0
4,4,0.0,0.0,0.0
4,4,0.0,0.0,0.0
4,4,0.0,0.0,0.0
4,4,0.0,0.0,0.0
4,4,0.0,0.0,0.0
4,4,0.0,0.0,0.0
4,4,0.0,0.0,0.0
4,4,0.0,0.0,0.0
4,4,0.0,0.0,0.0
4,4,0.0,0.0,0.0
4,4,0.0,0.0,0.0
4,4,0.0,0.0,0.0
4,4,0.0,0.0,0.0
4,4,0.0,0.0,0.0
4,4,0.0,0.0,0.0
4,4,0.0,0.0,0.0
4,4,0.0,0.0,0.0
4,4,0.0,0.0,0.0
4,4,0.0,0.0,0.0
4,4,0.0,0.0,0.0
4,4,0.0,0.0,0.0
4,4,0.0,0.0,0.0
4,4,0.0,0.0,0.0
4,4,0.0,0.0,0.0
4,4,0.0,0.0,0.0
4,4,0.0,0.0,0.0
4,4,0.0,0.0,0.0
4,4,0.0,0.0,0.0
4,4,0.0,0.0,0.0
4,4,0.0,0.0,0.0
4,4,0.0,0.0,0.0
4,4,0.0,0.0,0.0
4,4,0.0,0.0,0.0
4,4,0.0,0.0,0.0
4,4,0.0,0.0,0.0
4,4,0.0,0.0,0.0
4,4,0.0,0.0,0.0
4,4,0.0,0.0,0.0
4,4,0.0,0.0,0.0
4,4,0.0,0.0,0.0
4,4,0.0,0.0,0.0
4,4,0.0,0.0,0.0
4,4,0.0,0.0,0.0
4,4,0.0,0.0,0.0
4,4,0.0,0.0,0.0
4,4,0.0,0.0,0.0
4,4,0.0,0.0,0.0
4,4,0.0,0.0,0.0
4,4,0.0,0.0,0.0
4,4,0.0,0.0,0.0
4,4,0.0,0.0,0.0
4,4,0.0,0.0,0.0
4,4,0.0,0.0,0.0
4,4,0.0,0.0,0.0
4,4,0.0,0.0,0.0
4,4,0.0,0.0,0.0
4,4,0.0,0.0,0.0
4,4,0.0,0.0,0.0
4,4,0.0,0.0,0.0
4,4,0.0,0.0,0.0
4,4,0.0,0.0,0.0
4,4,0.0,0.0,0.0
4,4,0.0,0.0,0.0
4,4,0.0,0.0,0.0
4,4,0.0,0.0,0.0
4,4,0.0,0.0,0.0
4,4,0.0,0.0,0.0
4,4,0.0,0.0,0.0
4,4,0.0,0.0,0.0
4,4,0.0,0.0,0.0
4,4,0.0,0.0,0.0
4,4,0.0,0.0,0.0
4,4,0.0,0.0,0.0
4,4,0.0,0.0,0.0
4,4,0.0,0.0,0.0
4,4,0.0,0.0,0.0
4,4,0.0,0.0,0.0
4,4,0.0,0.0,0.0
4,4,0.0,0.0,0.0
4,4,0.0,0.0,0.0
4,4,0.0,0.0,0.0
4,4,0.0,0.0,0.0
4,4,0.0,0.0,0.0
4,4,0.0,0.0,0.0
4,4,0.0,0.0,0.0
4,4,0.0,0.0,0.0
4,4,0.0,0.0,0.0
4,4,0.0,0.0,0.0
4,4,0.0,0.0,0.0
4,4,0.0,0.0,0.0
4,4,0.0,0.0,0.0
4,4,0.0,0.0,0.0
4,4,0.0,0.0,0.0
4,4,0.0,0.0,0.0
4,4,0.0,0.0,0.0
4,4,0.0,0.0,0.0
4,4,0.0,0.0,0.0
4,4,0.0,0.0,0.0
4,4,0.0,0.0,0.0
4,4,0.0,0.0,0.0
4,4,0.0,0.0,0.0
4,4,0.0,0.0,0.0
4,4,0.0,0.0,0.0
4,4,0.0,0.0,0.0
4,4,0.0,0.0,0.0
4,4,0.0,0.0,0.0
4,4,0.0,0.0,0.0
4,4,0.0,0.0,0.0
4,4,0.0,0.0,0.0
4,4,0.0,0.0,0.0
4,4,0.0,0.0,0.0
4,4,0.0,0.0,0.0
4,4,0.0,0.0,0.0
4,4,0.0,0.0,0.0
4,4,0.0,0.0,0.0
4,4,0.0,0.0,0.0
4,4,0.0,0.0,0.0
4,4,0.0,0.0,0.0
4,4,0.0,0.0,0.0
4,4,0.0,0.0,0.0
4,4,0.0,0.0,0.0
4,4,0.0,0.0,0.0
4,4,0.0,0.0,0.0
4,4,0.0,0.0,0.0
4,4,0.0,0.0,0.0
4,4,0.0,0.0,0.0
4,4,0.0,0.0,0.0
4,4,0.0,0.0,0.0
4,4,0.0,0.0,0.0
4,4,0.0,0.0,0.0
4,4,0.0,0.0,0.0
4,4,0.0,0.0,0.0
4,4,0.0,0.0,0.0
4,4,0.0,0.0,0.0
4,4,0.0,0.0,0.0
4,4,0.0,0.0,0.0
4,4,0.0,0.0,0.0
4,4,0.0,0.0,0.0
4,4,0.0,0.0,0.0
4,4,0.0,0.0,0.0
4,4,0.0,0.0,0.0
4,4,0.0,0.0,13.200000000000001
4,4,0.0,0.0,0.0
4,4,0.0,0.0,0.0
4,4,0.0,0.0,0.0
4,4,0.0,0.0,0.0
4,4,0.0,0.0,0.0
4,4,0.0,0.0,0.0
4,4,0.0,0.0,0.0
4,4,0.0,0.0,0.0
4,4,0.0,0.0,0.0
4,4,0.0,0.0,0.0
4,4,0.0,0.0,69.95999999999998
4,4,0.0,0.0,0.0
4,4,0.0,0.0,0.0
4,4,0.0,0.0,0.0
4,4,0.0,0.0,0.0
4,4,0.0,0.0,0.0
4,4,0.0,0.0,0.0
4,4,0.0,0.0,0.0
4,4,0.0,0.0,0.0
4,4,0.0,0.0,0.0
4,4,0.0,0.0,0.0
4,4,0.0,0.0,0.0
4,4,0.0,0.0,0.0
4,4,0.0,0.0,0.0
4,4,0.0,0.0,0.0
4,4,0.0,0.0,0.0
4,4,0.0,0.0,0.0
4,4,0.0,0.0,0.0
4,4,0.0,0.0,0.0
4,4,0.0,0.0,0.0
4,4,0.0,0.0,0.0
4,4,0.0,0.0,0.0
4,4,0.0,0.0,0.0
4,4,0.0,0.0,0.0
4,4,0.0,0.0,0.0
4,4,0.0,0.0,0.0
4,4,0.0,0.0,0.0
4,4,0.0,0.0,0.0
4,4,0.0,0.0,0.0
4,4,0.0,0.0,0.0
4,4,0.0,0.0,0.0
4,4,0.0,0.0,0.0
4,4,0.0,0.0,0.0
4,4,0.0,0.0,0.0
4,4,0.0,0.0,0.0
4,4,0.0,0.0,0.0
4,4,0.0,0.0,0.0
4,4,0.0,0.0,0.0
4,4,0.0,0.0,0.0
4,4,0.0,0.0,0.0
4,4,0.0,0.0,0.0
4,4,0.0,0.0,0.0
4,4,0.0,0.0,0.0
4,4,0.0,0.0,0.0
4,4,0.0,0.0,0.0
4,4,0.0,0.0,0.0
4,4,0.0,0.0,0.0
4,4,0.0,0.0,0.0
4,4,0.0,0.0,0.0
4,4,0.0,0.0,0.0
4,4,0.0,0.0,0.0
4,4,0.0,0.0,0.0
4,4,0.0,0.0,0.0
4,4,0.0,0.0,0.0
4,4,0.0,0.0,0.0
4,4,0.0,0.0,0.0
4,4,0.0,0.0,0.0
4,4,0.0,0.0,0.0
4,4,0.0,0.0,0.0
4,4,0.0,0.0,0.0
4,4,0.0,0.0,0.0
4,4,0.0,0.0,0.0
4,4,0.0,0.0,0.0
4,4,0.0,0.0,0.0
4,4,0.0,0.0,0.0
4,4,0.0,0.0,0.0
4,4,0.0,0.0,0.0
4,4,0.0,0.0,0.0
4,4,0.0,0.0,0.0
4,4,0.0,0.0,0.0
4,4,0.0,0.0,0.0
4,4,0.0,0.0,0.0
4,4,0.0,0.0,0.0
4,4,0.0,0.0,0.0
4,4,0.0,0.0,0.0
4,4,0.0,0.0,0.0
4,4,0.0,0.0,0.0
4,4,0.0,0.0,0.0
4,4,0.0,0.0,0.0
4,4,0.0,0.0,0.0
4,4,0.0,0.0,0.0
4,4,0.0,0.0,0.0
4,4,0.0,0.0,0.0
4,4,0.0,0.0,0.0
4,4,0.0,0.0,0.0
4,4,0.0,0.0,0.0
4,4,0.0,0.0,0.0
4,4,0.0,0.0,0.0
4,4,0.0,0.0,0.0
4,4,0.0,0.0,0.0
4,4,0.0,0.0,0.0
4,4,0.0,0.0,0.0
4,4,0.0,0.0,0.0
4,4,0.0,0.0,0.0
4,4,0.0,0.0,0.0
4,4,0.0,0.0,0.0
4,4,0.0,0.0,0.0
4,4,0.0,0.0,0.0
4,4,0.0,0.0,0.0
4,4,0.0,0.0,0.0
4,4,0.0,0.0,0.0
4,4,0.0,0.0,0.0
4,4,0.0,0.0,0.0
4,4,0.0,0.0,0.0
4,4,0.0,0.0,0.0
4,4,0.0,0.0,0.0
4,4,0.0,0.0,0.0
4,4,0.0,0.0,0.0
4,4,0.0,0.0,0.0
4,4,0.0,0.0,0.0
4,4,0.0,0.0,0.0
4,4,0.0,0.0,0.0
4,4,0.0,0.0,0.0
4,4,0.0,0.0,0.0
4,4,0.0,0.0,0.0
4,4,0.0,0.0,0.0
4,4,0.0,0.0,0.0
4,4,0.0,0.0,0.0
4,4,0.0,0.0,0.0
4,4,0.0,0.0,0.0
4,4,0.0,0.0,0.0
4,4,0.0,0.0,0.0
4,4,0.0,0.0,0.0
4,4,0.0,0.0,0.0
4,4,0.0,0.0,0.0
4,4,0.0,0.0,0.0
4,4,0.0,0.0,0.0
4,4,0.0,0.0,0.0
4,4,0.0,0.0,0.0
4,4,0.0,0.0,0.0
4,4,0.0,0.0,0.0
4,4,0.0,0.0,0.0
4,4,0.0,0.0,0.0
4,4,0.0,0.0,0.0
4,4,0.0,0.0,0.0
4,4,0.0,0.0,0.0
4,4,0.0,0.0,0.0
4,4,0.0,0.0,0.0
4,4,0.0,0.0,0.0
4,4,0.0,0.0,0.0
4,4,0.0,0.0,0.0
4,4,0.0,0.0,0.0
4,4,0.0,0.0,0.0
4,4,0.0,0.0,0.0
4,4,0.0,0.0,0.0
4,4,0.0,0.0,0.0
4,4,0.0,0.0,0.0
4,4,0.0,0.0,0.0
4,4,0.0,0.0,0.0
4,4,0.0,0.0,0.0
4,4,0.0,0.0,0.0
4,4,0.0,0.0,0.0
4,4,0.0,0.0,0.0
4,4,0.0,0.0,0.0
4,4,0.0,0.0,0.0
4,4,0.0,0.0,0.0
4,4,0.0,0.0,0.0
4,4,0.0,0.0,0.0
4,4,0.0,0.0,0.0
4,4,0.0,0.0,0.0
4,4,0.0,0.0,0.0
4,4,0.0,0.0,0.0
4,4,0.0,0.0,0.0
4,4,0.0,0.0,0.0
4,4,0.0,0.0,0.0
4,4,0.0,0.0,0.0
4,4,0.0,0.0,0.0
4,4,0.0,0.0,0.0
4,4,0.0,0.0,0.0
4,4,0.0,0.0,0.0
4,4,0.0,0.0,0.0
4,4,0.0,0.0,0.0
4,4,0.0,0.0,0.0
4,4,0.0,0.0,0.0
4,4,0.0,0.0,0.0
4,4,0.0,0.0,0.0
4,4,0.0,0.0,0.0
4,4,0.0,0.0,0.0
4,4,0.0,0.0,0.0
4,4,0.0,0.0,0.0
4,4,0.0,0.0,0.0
4,4,0.0,0.0,0.0
4,4,0.0,0.0,0.0
4,4,0.0,0.0,0.0
4,4,0.0,0.0,0.0
4,4,0.0,0.0,0.0
4,4,0.0,0.0,0.0
4,4,0.0,0.0,0.0
4,4,0.0,0.0,0.0
4,4,0.0,0.0,0.0
4,4,0.0,0.0,0.0
4,4,0.0,0.0,0.0
4,4,0.0,0.0,0.0
4,4,0.0,0.0,0.0
4,4,0.0,0.0,0.0
4,4,0.0,0.0,0.0
4,4,0.0,0.0,0.0
4,4,0.0,0.0,0.0
4,4,0.0,0.0,0.0
4,4,0.0,0.0,0.0
4,4,0.0,0.0,0.0
4,4,0.0,0.0,0.0
4,4,0.0,0.0,0.0
4,4,0.0,0.0,0.0
4,4,0.0,0.0,0.0
4,4,0.0,0.0,0.0
4,4,0.0,0.0,0.0
4,4,0.0,0.0,0.0
4,4,0.0,0.0,0.0
4,4,0.0,0.0,0.0
4,4,0.0,0.0,0.0
4,4,0.0,0.0,0.0
4,4,0.0,0.0,0.0
4,4,0.0,0.0,0.0
4,4,0.0,0.0,0.0
4,4,0.0,0.0,0.0
4,4,0.0,0.0,0.0
4,4,0.0,0.0,0.0
4,4,0.0,0.0,0.0
4,4,0.0,0.0,0.0
4,4,0.0,0.0,0.0
4,4,0.0,0.0,0.0
4,4,0.0,0.0,0.0
4,4,0.0,0.0,0.0
4,4,0.0,0.0,0.0
4,4,0.0,0.0,0.0
4,4,0.0,0.0,0.0
4,4,0.0,0.0,0.0
4,4,0.0,0.0,0.0
4,4,0.0,0.0,0.0
4,4,0.0,0.0,0.0
4,4,0.0,0.0,0.0
4,4,0.0,0.0,0.0
4,4,0.0,0.0,0.0
4,4,0.0,0.0,0.0
4,4,0.0,0.0,0.0
4,4,0.0,0.0,0.0
4,4,0.0,0.0,0.0
4,4,0.0,0.0,0.0
4,4,0.0,0.0,0.0
4,4,0.0,0.0,0.0
4,4,0.0,0.0,0.0
4,4,0.0,0.0,0.0
4,4,0.0,0.0,0.0
4,4,0.0,0.0,0.0
4,4,0.0,0.0,0.0
4,4,0.0,0.0,0.0
4,4,0.0,0.0,0.0
4,4,0.0,0.0,0.0
4,4,0.0,0.0,0.0
4,4,0.0,0.0,0.0
4,4,0.0,0.0,0.0
4,4,0.0,0.0,0.0
4,4,0.0,0.0,0.0
4,4,0.0,0.0,0.0
4,4,0.0,0.0,0.0
4,4,0.0,0.0,0.0
4,4,0.0,0.0,0.0
4,4,0.0,0.0,0.0
4,4,0.0,0.0,0.0
4,4,0.0,0.0,0.0
4,4,0.0,0.0,0.0
4,4,0.0,0.0,0.0
4,4,0.0,0.0,0.0
4,4,0.0,0.0,0.0
4,4,0.0,0.0,0.0
4,4,0.0,0.0,0.0
4,4,0.0,0.0,0.0
4,4,0.0,0.0,0.0
4,4,0.0,0.0,0.0
4,4,0.0,0.0,0.0
4,4,0.0,0.0,0.0
4,4,0.0,0.0,0.0
4,4,0.0,0.0,0.0
4,4,0.0,0.0,0.0
4,4,0.0,0.0,0.0
4,4,0.0,0.0,0.0
4,4,0.0,0.0,0.0
4,4,0.0,0.0,0.0
4,4,0.0,0.0,0.0
4,4,0.0,0.0,0.0
4,4,0.0,0.0,0.0
4,4,0.0,0.0,0.0
4,4,0.0,0.0,0.0
4,4,0.0,0.0,0.0
4,4,0.0,0.0,0.0
4,4,0.0,0.0,0.0
4,4,0.0,0.0,0.0
4,4,0.0,0.0,0.0
4,4,0.0,0.0,0.0
4,4,0.0,0.0,0.0
4,4,0.0,0.0,0.0
4,4,0.0,0.0,0.0
4,4,0.0,0.0,0.0
4,4,0.0,0.0,0.0
4,4,0.0,0.0,0.0
4,4,0.0,0.0,0.0
4,4,0.0,0.0,0.0
4,4,0.0,0.0,0.0
4,4,0.0,0.0,0.0
4,4,0.0,0.0,0.0
4,4,0.0,0.0,0.0
4,4,0.0,0.0,0.0
4,4,0.0,0.0,0.0
4,4,0.0,0.0,0.0
4,4,0.0,0.0,0.0
4,4,0.0,0.0,0.0
4,4,0.0,0.0,0.0
4,4,0.0,0.0,0.0
4,4,0.0,0.0,0.0
4,4,0.0,0.0,0.0
4,4,0.0,0.0,0.0
4,4,0.0,0.0,0.0
4,4,0.0,0.0,0.0
4,4,0.0,0.0,0.0
4,4,0.0,0.0,0.0
4,4,0.0,0.0,0.0
4,4,0.0,0.0,0.0
4,4,0.0,0.0,0.0
4,4,0.0,0.0,0.0
4,4,0.0,0.0,0.0
4,4,0.0,0.0,0.0
4,4,0.0,0.0,0.0
4,4,0.0,0.0,0.0
4,4,0.0,0.0,0.0
4,4,0.0,0.0,0.0
4,4,0.0,0.0,0.0
4,4,0.0,0.0,0.0
4,4,0.0,0.0,0.0
4,4,0.0,0.0,0.0
4,4,0.0,0.0,0.0
4,4,0.0,0.0,0.0
4,4,0.0,0.0,0.0
4,4,0.0,0.0,0.0
4,4,0.0,0.0,0.0
4,4,0.0,0.0,0.0
4,4,0.0,0.0,0.0
4,4,0.0,0.0,0.0
4,4,0.0,0.0,0.0
4,4,0.0,0.0,0.0
4,4,0.0,0.0,0.0
4,4,0.0,0.0,0.0
4,4,0.0,0.0,0.0
4,4,0.0,0.0,0.0
4,4,0.0,0.0,0.0
4,4,0.0,0.0,0.0
4,4,0.0,0.0,0.0
4,4,0.0,0.0,0.0
4,4,0.0,0.0,0.0
4,4,0.0,0.0,0.0
4,4,0.0,0.0,0.0
4,4,0.0,0.0,0.0
4,4,0.0,0.0,0.0
4,4,0.0,0.0,0.0
4,4,0.0,0.0,0.0
4,4,0.0,0.0,0.0
4,4,0.0,0.0,0.0
4,4,0.0,0.0,0.0
4,4,0.0,0.0,0.0
4,4,0.0,0.0,0.0
4,4,0.0,0.0,0.0
4,4,0.0,0.0,0.0
4,4,0.0,0.0,0.0
4,4,0.0,0.0,0.0
4,4,0.0,0.0,0.0
4,4,0.0,0.0,0.0
4,4,0.0,0.0,0.0
4,4,0.0,0.0,0.0
4,4,0.0,0.0,0.0
4,4,0.0,0.0,0.0
4,4,0.0,0.0,0.0
4,4,0.0,0.0,0.0
4,4,0.0,0.0,0.0
4,4,0.0,0.0,0.0
4,4,0.0,0.0,0.0
4,4,0.0,0.0,0.0
4,4,0.0,0.0,71.27999999999997
4,4,0.0,0.0,0.0
4,4,0.0,0.0,0.0
4,4,0.0,0.0,0.0
4,4,0.0,0.0,0.0
4,4,0.0,0.0,0.0
4,4,0.0,0.0,0.0
4,4,0.0,0.0,0.0
4,4,0.0,0.0,0.0
4,4,0.0,0.0,0.0
4,4,0.0,0.0,0.0
4,4,0.0,0.0,0.0
4,4,0.0,0.0,0.0
4,4,0.0,0.0,0.0
4,4,0.0,0.0,0.0
4,4,0.0,0.0,0.0
4,4,0.0,0.0,0.0
4,4,0.0,0.0,0.0
4,4,0.0,0.0,0.0
4,4,0.0,0.0,0.0
4,4,0.0,0.0,0.0
4,4,0.0,0.0,0.0
4,4,0.0,0.0,0.0
4,4,0.0,0.0,0.0
4,4,0.0,0.0,0.0
4,4,0.0,0.0,0.0
4,4,0.0,0.0,0.0
4,4,0.0,0.0,0.0
4,4,0.0,0.0,0.0
4,4,0.0,0.0,0.0
4,4,0.0,0.0,0.0
4,4,0.0,0.0,0.0
4,4,0.0,0.0,0.0
4,4,0.0,0.0,0.0
4,4,0.0,0.0,0.0
4,4,0.0,0.0,0.0
4,4,0.0,0.0,0.0
4,4,0.0,0.0,0.0
4,4,0.0,0.0,0.0
4,4,0.0,0.0,0.0
4,4,0.0,0.0,0.0
4,4,0.0,0.0,0.0
4,4,0.0,0.0,0.0
4,4,0.0,0.0,0.0
4,4,0.0,0.0,0.0
4,4,0.0,0.0,0.0
4,4,0.0,0.0,0.0
4,4,0.0,0.0,0.0
4,4,0.0,0.0,0.0
4,4,0.0,0.0,0.0
4,4,0.0,0.0,0.0
4,4,0.0,0.0,0.0
4,4,0.0,0.0,0.0
4,4,0.0,0.0,0.0
4,4,0.0,0.0,0.0
4,4,0.0,0.0,47.52
4,4,0.0,0.0,0.0
4,4,0.0,0.0,0.0
4,4,0.0,0.0,0.0
4,4,0.0,0.0,0.0
4,4,0.0,0.0,0.0
4,4,0.0,0.0,0.0
4,4,0.0,0.0,0.0
4,4,0.0,0.0,0.0
4,4,0.0,0.0,0.0
4,4,0.0,0.0,0.0
4,4,0.0,0.0,0.0
4,4,0.0,0.0,0.0
4,4,0.0,0.0,0.0
4,4,0.0,0.0,0.0
4,4,0.0,0.0,0.0
4,4,0.0,0.0,0.0
4,4,0.0,0.0,0.0
4,4,0.0,0.0,0.0
4,4,0.0,0.0,0.0
4,4,0.0,0.0,0.0
4,4,0.0,0.0,0.0
4,4,0.0,0.0,0.0
4,4,0.0,0.0,0.0
4,4,0.0,0.0,0.0
4,4,0.0,0.0,0.0
4,4,0.0,0.0,0.0
4,4,0.0,0.0,0.0
4,4,0.0,0.0,0.0
4,4,0.0,0.0,0.0
4,4,0.0,0.0,0.0
4,4,0.0,0.0,0.0
4,4,0.0,0.0,0.0
4,4,0.0,0.0,0.0
4,4,0.0,0.0,0.0
4,4,0.0,0.0,0.0
4,4,0.0,0.0,0.0
4,4,0.0,0.0,0.0
4,4,0.0,0.0,0.0
4,4,0.0,0.0,0.0
4,4,0.0,0.0,0.0
4,4,0.0,0.0,0.0
4,4,0.0,0.0,0.0
4,4,0.0,0.0,0.0
4,4,0.0,0.0,0.0
4,4,0.0,0.0,0.0
4,4,0.0,0.0,0.0
4,4,0.0,0.0,0.0
4,4,0.0,0.0,0.0
4,4,0.0,0.0,0.0
4,4,0.0,0.0,0.0
4,4,0.0,0.0,0.0
4,4,0.0,0.0,0.0
4,4,0.0,0.0,0.0
4,4,0.0,0.0,0.0
4,4,0.0,0.0,0.0
4,4,0.0,0.0,0.0
4,4,0.0,0.0,0.0
4,4,0.0,0.0,0.0
4,4,0.0,0.0,0.0
4,4,0.0,0.0,0.0
4,4,0.0,0.0,0.0
4,4,0.0,0.0,0.0
4,4,0.0,0.0,0.0
4,4,0.0,0.0,0.0
4,4,0.0,0.0,0.0
4,4,0.0,0.0,0.0
4,4,0.0,0.0,0.0
4,4,0.0,0.0,0.0
4,4,0.0,0.0,0.0
4,4,0.0,0.0,0.0
4,4,0.0,0.0,0.0
4,4,0.0,0.0,0.0
4,4,0.0,0.0,0.0
4,4,0.0,0.0,0.0
4,4,0.0,0.0,0.0
4,4,0.0,0.0,0.0
4,4,0.0,0.0,0.0
4,4,0.0,0.0,0.0
4,4,0.0,0.0,0.0
4,4,0.0,0.0,0.0
4,4,0.0,0.0,0.0
4,4,0.0,0.0,0.0
4,4,0.0,0.0,0.0
4,4,0.0,0.0,0.0
4,4,0.0,0.0,0.0
4,4,0.0,0.0,0.0
4,4,0.0,0.0,0.0
4,4,0.0,0.0,0.0
4,4,0.0,0.0,0.0
4,4,0.0,0.0,0.0
4,4,0.0,0.0,0.0
4,4,0.0,0.0,0.0
4,4,0.0,0.0,0.0
4,4,0.0,0.0,0.0
4,4,0.0,0.0,0.0
4,4,0.0,0.0,60.720000000000006
4,4,0.0,0.0,0.0
4,4,0.0,0.0,0.0
4,4,0.0,0.0,0.0
4,4,0.0,0.0,0.0
4,4,0.0,0.0,0.0
4,4,0.0,0.0,0.0
4,4,0.0,0.0,0.0
4,4,0.0,0.0,0.0
4,4,0.0,0.0,0.0
4,4,0.0,0.0,0.0
4,4,0.0,0.0,0.0
4,4,0.0,0.0,0.0
4,4,0.0,0.0,0.0
4,4,0.0,0.0,0.0
4,4,0.0,0.0,0.0
4,4,0.0,0.0,0.0
4,4,0.0,0.0,0.0
4,4,0.0,0.0,0.0
4,4,0.0,0.0,0.0
4,4,0.0,0.0,0.0
4,4,0.0,0.0,0.0
4,4,0.0,0.0,0.0
4,4,0.0,0.0,0.0
4,4,0.0,0.0,0.0
4,4,0.0,0.0,0.0
4,4,0.0,0.0,0.0
4,4,0.0,0.0,0.0
4,4,0.0,0.0,0.0
4,4,0.0,0.0,0.0
4,4,0.0,0.0,0.0
4,4,0.0,0.0,0.0
4,4,0.0,0.0,0.0
4,4,0.0,0.0,0.0
4,4,0.0,0.0,0.0
4,4,0.0,0.0,0.0
4,4,0.0,0.0,0.0
4,4,0.0,0.0,0.0
4,4,0.0,0.0,0.0
4,4,0.0,0.0,0.0
4,4,0.0,0.0,0.0
4,4,0.0,0.0,0.0
4,4,0.0,0.0,0.0
4,4,0.0,0.0,0.0
4,4,0.0,0.0,0.0
4,4,0.0,0.0,0.0
4,4,0.0,0.0,0.0
4,4,0.0,0.0,0.0
4,4,0.0,0.0,0.0
4,4,0.0,0.0,0.0
4,4,0.0,0.0,0.0
4,4,0.0,0.0,0.0
4,4,0.0,0.0,0.0
4,4,0.0,0.0,0.0
4,4,0.0,0.0,0.0
4,4,0.0,0.0,0.0
4,4,0.0,0.0,0.0
4,4,0.0,0.0,0.0
4,4,0.0,0.0,0.0
4,4,0.0,0.0,0.0
4,4,0.0,0.0,0.0
4,4,0.0,0.0,0.0
4,4,0.0,0.0,0.0
4,4,0.0,0.0,0.0
4,4,0.0,0.0,0.0
4,4,0.0,0.0,0.0
4,4,0.0,0.0,0.0
4,4,0.0,0.0,0.0
4,4,0.0,0.0,0.0
4,4,0.0,0.0,0.0
4,4,0.0,0.0,0.0
4,4,0.0,0.0,0.0
4,4,0.0,0.0,0.0
4,4,0.0,0.0,0.0
4,4,0.0,0.0,0.0
4,4,0.0,0.0,0.0
4,4,0.0,0.0,0.0
4,4,0.0,0.0,0.0
4,4,0.0,0.0,0.0
4,4,0.0,0.0,0.0
4,4,0.0,0.0,0.0
4,4,0.0,0.0,0.0
4,4,0.0,0.0,0.0
4,4,0.0,0.0,0.0
4,4,0.0,0.0,0.0
4,4,0.0,0.0,0.0
4,4,0.0,0.0,0.0
4,4,0.0,0.0,0.0
4,4,0.0,0.0,0.0
4,4,0.0,0.0,0.0
4,4,0.0,0.0,0.0
4,4,0.0,0.0,0.0
4,4,0.0,0.0,0.0
4,4,0.0,0.0,0.0
4,4,0.0,0.0,0.0
4,4,0.0,0.0,0.0
4,4,0.0,0.0,0.0
4,4,0.0,0.0,0.0
4,4,0.0,0.0,0.0
4,4,0.0,0.0,0.0
4,4,0.0,0.0,0.0
4,4,0.0,0.0,0.0
4,4,0.0,0.0,0.0
4,4,0.0,0.0,0.0
4,4,0.0,0.0,0.0
4,4,0.0,0.0,0.0
4,4,0.0,0.0,0.0
4,4,0.0,0.0,0.0
4,4,0.0,0.0,0.0
4,4,0.0,0.0,0.0
4,4,0.0,0.0,0.0
4,4,0.0,0.0,0.0
4,4,0.0,0.0,0.0
4,4,0.0,0.0,0.0
4,4,0.0,0.0,0.0
4,4,0.0,0.0,0.0
4,4,0.0,0.0,0.0
4,4,0.0,0.0,0.0
4,4,0.0,0.0,0.0
4,4,0.0,0.0,0.0
4,4,0.0,0.0,0.0
4,4,0.0,0.0,0.0
4,4,0.0,0.0,0.0
4,4,0.0,0.0,0.0
4,4,0.0,0.0,0.0
4,4,0.0,0.0,0.0
4,4,0.0,0.0,0.0
4,4,0.0,0.0,0.0
4,4,0.0,0.0,0.0
4,4,0.0,0.0,0.0
4,4,0.0,0.0,0.0
4,4,0.0,0.0,0.0
4,4,0.0,0.0,0.0
4,4,0.0,0.0,0.0
4,4,0.0,0.0,0.0
4,4,0.0,0.0,0.0
4,4,0.0,0.0,0.0
4,4,0.0,0.0,0.0
4,4,0.0,0.0,0.0
4,4,0.0,0.0,0.0
4,4,0.0,0.0,0.0
4,4,0.0,0.0,0.0
4,4,0.0,0.0,0.0
4,4,0.0,0.0,0.0
4,4,0.0,0.0,0.0
4,4,0.0,0.0,0.0
4,4,0.0,0.0,0.0
4,4,0.0,0.0,0.0
4,4,0.0,0.0,0.0
4,4,0.0,0.0,0.0
4,4,0.0,0.0,0.0
4,4,0.0,0.0,0.0
4,4,0.0,0.0,0.0
4,4,0.0,0.0,0.0
4,4,0.0,0.0,0.0
4,4,0.0,0.0,0.0
4,4,0.0,0.0,0.0
4,4,0.0,0.0,0.0
4,4,0.0,0.0,0.0
4,4,0.0,0.0,0.0
4,4,0.08465765294124594,0.0,13.200000000000001
4,4,0.0,0.0,0.0
4,4,0.0,0.0,0.0
4,4,0.0,0.0,0.0
4,4,0.0,0.0,0.0
4,4,0.0,0.0,0.0
4,4,0.0,0.0,0.0
4,4,0.0,0.0,0.0
4,4,0.0,0.0,0.0
4,4,0.0,0.0,0.0
4,4,0.0,0.0,0.0
4,4,0.0,0.0,0.0
4,4,0.0,0.0,0.0
4,4,0.0,0.0,0.0
4,4,0.0,0.0,0.0
4,4,0.0,0.0,0.0
4,4,0.0,0.0,0.0
4,4,0.0,0.0,0.0
4,4,0.0,0.0,0.0
4,4,0.0,0.0,0.0
4,4,0.0,0.0,0.0
4,4,0.0,0.0,0.0
4,4,0.0,0.0,0.0
4,4,0.0,0.0,7.920000000000001
4,4,0.0,0.0,0.0
4,4,0.0,0.0,0.0
4,4,0.0,0.0,0.0
4,4,0.0,0.0,0.0
4,4,0.0,0.0,0.0
4,4,0.0,0.0,0.0
4,4,0.0,0.0,0.0
4,4,0.0,0.0,0.0
4,4,0.0,0.0,0.0
4,4,0.0,0.0,0.0
4,4,0.0,0.0,0.0
4,4,0.0,0.0,0.0
4,4,0.0,0.0,0.0
4,4,0.0,0.0,0.0
4,4,0.0,0.0,0.0
4,4,0.0,0.0,0.0
4,4,0.0,0.0,0.0
4,4,0.0,0.0,0.0
4,4,0.0,0.0,0.0
4,4,0.0,0.0,0.0
4,4,0.0,0.0,0.0
4,4,0.0,0.0,0.0
4,4,0.0,0.0,0.0
4,4,0.0,0.0,0.0
4,4,0.0,0.0,0.0
4,4,0.0,0.0,0.0
4,4,0.0,0.0,0.0
4,4,0.0,0.0,0.0
4,4,0.0,0.0,0.0
4,4,0.0,0.0,0.0
4,4,0.0,0.0,0.0
4,4,0.0,0.0,0.0
4,4,0.0,0.0,0.0
4,4,0.0,0.0,0.0
4,4,0.0,0.0,0.0
4,4,0.0,0.0,0.0
4,4,0.0,0.0,0.0
4,4,0.0,0.0,0.0
4,4,0.886228295558471,0.0,22.44
4,4,0.0,0.0,0.0
4,4,0.0,0.0,0.0
4,4,0.0,0.0,0.0
4,4,0.0,0.0,0.0
4,4,0.0,0.0,0.0
4,4,0.0,0.0,0.0
4,4,0.0,0.0,0.0
4,4,0.0,0.0,0.0
4,4,0.0,0.0,0.0
4,4,0.0,0.0,0.0
4,4,0.0,0.0,0.0
4,4,0.0,0.0,0.0
4,4,0.0,0.0,0.0
4,4,0.0,0.0,0.0
4,4,0.0,0.0,0.0
4,4,0.0,0.0,0.0
4,4,0.0,0.0,0.0
4,4,0.0,0.0,0.0
4,4,0.0,0.0,0.0
4,4,0.0,0.0,0.0
4,4,0.0,0.0,0.0
4,4,0.0,0.0,0.0
4,4,0.0,0.0,0.0
4,4,0.0,0.0,0.0
4,4,0.0,0.0,0.0
4,4,0.0,0.0,0.0
4,4,0.0,0.0,0.0
4,4,0.0,0.0,0.0
4,4,0.0,0.0,0.0
4,4,0.0,0.0,0.0
4,4,0.0,0.0,0.0
4,4,0.0,0.0,0.0
4,4,0.0,0.0,0.0
4,4,0.0,0.0,0.0
4,4,0.0,0.0,0.0
4,4,0.0,0.0,0.0
4,4,0.0,0.0,0.0
4,4,0.0,0.0,0.0
4,4,0.0,0.0,0.0
4,4,0.0,0.0,0.0
4,4,0.0,0.0,0.0
4,4,0.0,0.0,0.0
4,4,0.0,0.0,0.0
4,4,0.0,0.0,0.0
4,4,0.0,0.0,0.0
4,4,0.0,0.0,0.0
4,4,0.0,0.0,0.0
4,4,0.0,0.0,0.0
4,4,0.0,0.0,0.0
4,4,0.0,0.0,0.0
4,4,0.0,0.0,0.0
4,4,0.0,0.0,0.0
4,4,0.0,0.0,0.0
4,4,0.0,0.0,0.0
4,4,0.0,0.0,0.0
4,4,0.0,0.0,0.0
4,4,0.0,0.0,0.0
4,4,0.0,0.0,0.0
4,4,0.0,0.0,0.0
4,4,0.0,0.0,0.0
4,4,0.0,0.0,0.0
4,4,0.0,0.0,0.0
4,4,0.0,0.0,0.0
4,4,0.0,0.0,0.0
4,4,0.0,0.0,0.0
4,4,0.0,0.0,0.0
4,4,0.0,0.0,0.0
4,4,0.0,0.0,0.0
4,4,0.0,0.0,0.0
4,4,0.0,0.0,0.0
4,4,0.0,0.0,0.0
4,4,0.0,0.0,0.0
4,4,0.0,0.0,0.0
4,4,0.0,0.0,0.0
4,4,0.0,0.0,0.0
4,4,0.0,0.0,0.0
4,4,0.0,0.0,0.0
4,4,0.0,0.0,0.0
4,4,0.0,0.0,0.0
4,4,0.0,0.0,0.0
4,4,0.0,0.0,0.0
4,4,0.0,0.0,0.0
4,4,0.0,0.0,0.0
4,4,0.0,0.0,0.0
4,4,0.0,0.0,0.0
4,4,0.0,0.0,0.0
4,4,0.0,0.0,0.0
4,4,0.0,0.0,0.0
4,4,0.0,0.0,0.0
4,4,0.0,0.0,0.0
4,4,0.0,0.0,0.0
4,4,0.0,0.0,0.0
4,4,0.0,0.0,0.0
4,4,0.0,0.0,0.0
4,4,0.0,0.0,0.0
4,4,0.0,0.0,0.0
4,4,0.0,0.0,0.0
4,4,0.0,0.0,0.0
4,4,0.0,0.0,0.0
4,4,0.0,0.0,0.0
4,4,0.0,0.0,0.0
4,4,0.0,0.0,0.0
4,4,0.0,0.0,0.0
4,4,0.0,0.0,0.0
4,4,0.0,0.0,0.0
4,4,0.0,0.0,0.0
4,4,0.0,0.0,0.0
4,4,0.0,0.0,0.0
4,4,0.0,0.0,0.0
4,4,0.0,0.0,0.0
4,4,0.0,0.0,0.0
4,4,0.0,0.0,0.0
4,4,0.0,0.0,0.0
4,4,0.0,0.0,0.0
4,4,0.0,0.0,0.0
4,4,0.0,0.0,0.0
4,4,0.0,0.0,0.0
4,4,0.0,0.0,0.0
4,4,0.0,0.0,0.0
4,4,0.0,0.0,0.0
4,4,0.0,0.0,0.0
4,4,0.0,0.0,0.0
4,4,0.0,0.0,0.0
4,4,0.0,0.0,0.0
4,4,0.0,0.0,0.0
4,4,0.0,0.0,0.0
4,4,0.0,0.0,0.0
4,4,0.0,0.0,0.0
4,4,0.0,0.0,0.0
4,4,0.0,0.0,0.0
4,4,0.0,0.0,0.0
4,4,0.0,0.0,0.0
4,4,0.0,0.0,0.0
4,4,0.0,0.0,0.0
4,4,0.0,0.0,0.0
4,4,0.0,0.0,0.0
4,4,0.0,0.0,0.0
4,4,0.0,0.0,0.0
4,4,0.0,0.0,0.0
4,4,0.0,0.0,0.0
4,4,0.0,0.0,0.0
4,4,0.0,0.0,0.0
4,4,0.0,0.0,0.0
4,4,0.0,0.0,0.0
4,4,0.0,0.0,0.0
4,4,0.0,0.0,0.0
4,4,0.0,0.0,0.0
4,4,0.0,0.0,0.0
4,4,0.0,0.0,0.0
4,4,0.0,0.0,0.0
4,4,0.0,0.0,0.0
4,4,0.0,0.0,0.0
4,4,0.0,0.0,0.0
4,4,0.0,0.0,0.0
4,4,0.0,0.0,0.0
4,4,0.0,0.0,0.0
4,4,0.0,0.0,0.0
4,4,0.0,0.0,0.0
4,4,0.0,0.0,0.0
4,4,0.0,0.0,0.0
4,4,0.0,0.0,0.0
4,4,0.0,0.0,0.0
4,4,0.0,0.0,0.0
4,4,0.0,0.0,0.0
4,4,0.0,0.0,0.0
4,4,0.0,0.0,0.0
4,4,0.0,0.0,0.0
4,4,0.0,0.0,0.0
4,4,0.0,0.0,0.0
4,4,0.0,0.0,0.0
4,4,0.0,0.0,0.0
4,4,0.0,0.0,0.0
4,4,0.0,0.0,0.0
4,4,0.0,0.0,0.0
4,4,0.0,0.0,0.0
4,4,0.0,0.0,0.0
4,4,0.0,0.0,0.0
4,4,0.0,0.0,0.0
4,4,0.0,0.0,0.0
4,4,0.0,0.0,0.0
4,4,0.0,0.0,0.0
4,4,0.0,0.0,0.0
4,4,0.0,0.0,0.0
4,4,0.0,0.0,0.0
4,4,0.0,0.0,0.0
4,4,0.0,0.0,0.0
4,4,0.0,0.0,0.0
4,4,0.0,0.0,0.0
4,4,0.0,0.0,0.0
4,4,0.0,0.0,0.0
4,4,0.0,0.0,0.0
4,4,0.0,0.0,0.0
4,4,0.0,0.0,0.0
4,4,0.0,0.0,0.0
4,4,0.0,0.0,0.0
4,4,0.0,0.0,0.0
4,4,0.0,0.0,0.0
4,4,0.0,0.0,0.0
4,4,0.0,0.0,0.0
4,4,0.0,0.0,0.0
4,4,0.0,0.0,0.0
4,4,0.0,0.0,0.0
4,4,0.0,0.0,0.0
4,4,0.0,0.0,0.0
4,4,0.0,0.0,0.0
4,4,0.0,0.0,0.0
4,4,0.0,0.0,0.0
4,4,0.0,0.0,0.0
4,4,0.0,0.0,0.0
4,4,0.0,0.0,0.0
4,4,0.0,0.0,0.0
4,4,0.0,0.0,0.0
4,4,0.0,0.0,0.0
4,4,0.0,0.0,0.0
4,4,0.0,0.0,0.0
4,4,0.0,0.0,0.0
4,4,0.0,0.0,0.0
4,4,0.0,0.0,0.0
4,4,0.0,0.0,0.0
4,4,0.0,0.0,0.0
4,4,0.0,0.0,0.0
4,4,0.0,0.0,0.0
4,4,0.0,0.0,0.0
4,4,0.0,0.0,0.0
4,4,0.0,0.0,0.0
4,4,0.0,0.0,0.0
4,4,0.0,0.0,0.0
4,4,0.0,0.0,0.0
4,4,0.0,0.0,0.0
4,4,0.0,0.0,0.0
4,4,0.0,0.0,0.0
4,4,0.0,0.0,0.0
4,4,0.0,0.0,0.0
4,4,0.0,0.0,0.0
4,4,0.0,0.0,0.0
4,4,0.0,0.0,0.0
4,4,0.0,0.0,0.0
4,4,0.0,0.0,0.0
4,4,0.0,0.0,0.0
4,4,0.0,0.0,0.0
4,4,0.0,0.0,0.0
4,4,0.0,0.0,0.0
4,4,0.0,0.0,0.0
4,4,0.0,0.0,0.0
4,4,0.0,0.0,0.0
4,4,0.0,0.0,0.0
4,4,0.0,0.0,0.0
4,4,0.0,0.0,0.0
4,4,0.0,0.0,0.0
4,4,0.0,0.0,0.0
4,4,0.0,0.0,0.0
4,4,0.0,0.0,0.0
4,4,0.0,0.0,0.0
4,4,0.0,0.0,0.0
4,4,0.0,0.0,0.0
4,4,0.0,0.0,0.0
4,4,0.0,0.0,0.0
4,4,0.0,0.0,0.0
4,4,0.0,0.0,0.0
4,4,0.0,0.0,0.0
4,4,0.0,0.0,0.0
4,4,0.0,0.0,0.0
4,4,0.0,0.0,0.0
4,4,0.0,0.0,0.0
4,4,0.0,0.0,0.0
4,4,0.0,0.0,0.0
4,4,0.0,0.0,0.0
4,4,0.0,0.0,0.0
4,4,0.0,0.0,0.0
4,4,0.0,0.0,0.0
4,4,0.0,0.0,0.0
4,4,0.0,0.0,0.0
4,4,0.0,0.0,0.0
4,4,0.0,0.0,0.0
4,4,0.0,0.0,0.0
4,4,0.0,0.0,0.0
4,4,0.0,0.0,0.0
4,4,0.0,0.0,0.0
4,4,0.0,0.0,0.0
4,4,0.0,0.0,0.0
4,4,0.0,0.0,0.0
4,4,0.0,0.0,0.0
4,4,0.0,0.0,0.0
4,4,0.0,0.0,0.0
4,4,0.0,0.0,0.0
4,4,0.0,0.0,0.0
4,4,0.0,0.0,0.0
4,4,0.0,0.0,0.0
4,4,0.0,0.0,0.0
4,4,0.0,0.0,0.0
4,4,0.0,0.0,0.0
4,4,0.0,0.0,0.0
4,4,0.0,0.0,0.0
4,4,0.0,0.0,0.0
4,4,0.0,0.0,0.0
4,4,0.0,0.0,0.0
4,4,0.0,0.0,0.0
4,4,0.0,0.0,0.0
4,4,0.0,0.0,0.0
4,4,0.0,0.0,0.0
4,4,0.0,0.0,0.0
4,4,0.0,0.0,0.0
4,4,0.0,0.0,0.0
4,4,0.0,0.0,0.0
4,4,0.0,0.0,0.0
4,4,0.0,0.0,0.0
4,4,0.0,0.0,0.0
4,4,0.0,0.0,0.0
4,4,0.0,0.0,0.0
4,4,0.0,0.0,0.0
4,4,0.0,0.0,0.0
4,4,0.0,0.0,0.0
4,4,0.0,0.0,0.0
4,4,0.0,0.0,0.0
4,4,0.0,0.0,0.0
4,4,0.0,0.0,0.0
4,4,0.0,0.0,0.0
4,4,0.0,0.0,0.0
4,4,0.0,0.0,0.0
4,4,0.0,0.0,0.0
4,4,0.0,0.0,0.0
4,4,0.0,0.0,0.0
4,4,0.0,0.0,0.0
4,4,0.0,0.0,0.0
4,4,0.0,0.0,0.0
4,4,0.0,0.0,0.0
4,4,0.0,0.0,0.0
4,4,0.0,0.0,0.0
4,4,0.0,0.0,0.0
4,4,0.0,0.0,0.0
4,4,0.055266863294946234,0.0,72.59999999999997
4,4,0.0,0.0,0.0
4,4,0.0,0.0,0.0
4,4,0.0,0.0,0.0
4,4,0.0,0.0,0.0
4,4,0.0,0.0,0.0
4,4,0.0,0.0,0.0
4,4,0.0,0.0,0.0
4,4,0.0,0.0,0.0
4,4,0.0,0.0,0.0
4,4,0.0,0.0,0.0
4,4,0.0,0.0,0.0
4,4,0.0,0.0,0.0
4,4,0.0,0.0,0.0
4,4,0.0,0.0,0.0
4,4,0.0,0.0,0.0
4,4,0.0,0.0,0.0
4,4,0.0,0.0,21.12
4,4,0.0,0.0,0.0
4,4,0.0,0.0,0.0
4,4,0.0,0.0,0.0
4,4,0.0,0.0,0.0
4,4,0.0,0.0,0.0
4,4,0.0,0.0,0.0
4,4,0.0,0.0,0.0
4,4,0.0,0.0,0.0
4,4,0.0,0.0,0.0
4,4,0.0,0.0,0.0
4,4,0.0,0.0,0.0
4,4,0.0,0.0,0.0
4,4,0.0,0.0,0.0
4,4,0.0,0.0,0.0
4,4,0.0,0.0,0.0
4,4,0.0,0.0,0.0
4,4,0.0,0.0,0.0
4,4,0.0,0.0,0.0
4,4,0.0,0.0,0.0
4,4,0.0,0.0,0.0
4,4,0.0,0.0,0.0
4,4,0.0,0.0,0.0
4,4,0.0,0.0,0.0
4,4,0.0,0.0,0.0
4,4,0.0,0.0,0.0
4,4,0.0,0.0,0.0
4,4,0.0,0.0,0.0
4,4,0.0,0.0,0.0
4,4,0.0,0.0,0.0
4,4,0.0,0.0,0.0
4,4,0.0,0.0,0.0
4,4,0.0,0.0,0.0
4,4,0.0,0.0,0.0
4,4,0.0,0.0,0.0
4,4,0.0,0.0,0.0
4,4,0.0,0.0,0.0
4,4,0.0,0.0,0.0
4,4,0.0,0.0,0.0
4,4,0.0,0.0,0.0
4,4,0.0,0.0,0.0
4,4,0.0,0.0,0.0
4,4,0.0,0.0,0.0
4,4,0.0,0.0,0.0
4,4,0.0,0.0,0.0
4,4,0.0,0.0,0.0
4,4,0.0,0.0,0.0
4,4,0.0,0.0,0.0
4,4,0.0,0.0,0.0
4,4,0.0,0.0,0.0
4,4,0.0,0.0,0.0
4,4,0.0,0.0,0.0
4,4,0.0,0.0,0.0
4,4,0.0,0.0,0.0
4,4,0.0,0.0,0.0
4,4,0.0,0.0,0.0
4,4,0.0,0.0,0.0
4,4,0.0,0.0,0.0
4,4,0.0,0.0,0.0
4,4,0.0,0.0,0.0
4,4,0.0,0.0,0.0
4,4,0.0,0.0,0.0
4,4,0.0,0.0,0.0
4,4,0.0,0.0,0.0
4,4,0.0,0.0,0.0
4,4,0.0,0.0,0.0
4,4,0.0,0.0,0.0
4,4,0.0,0.0,0.0
4,4,0.0,0.0,0.0
4,4,0.0,0.0,0.0
4,4,0.0,0.0,0.0
4,4,0.0,0.0,0.0
4,4,0.0,0.0,0.0
4,4,0.0,0.0,0.0
4,4,0.0,0.0,0.0
4,4,0.0,0.0,0.0
4,4,0.0,0.0,0.0
4,4,0.0,0.0,0.0
4,4,0.0,0.0,0.0
4,4,0.0,0.0,0.0
4,4,0.0,0.0,0.0
4,4,0.0,0.0,0.0
4,4,0.0,0.0,0.0
4,4,0.0,0.0,0.0
4,4,0.0,0.0,0.0
4,4,0.0,0.0,0.0
4,4,0.0,0.0,0.0
4,4,0.0,0.0,0.0
4,4,0.0,0.0,0.0
4,4,0.0,0.0,0.0
4,4,0.0,0.0,0.0
4,4,0.0,0.0,0.0
4,4,0.0,0.0,0.0
4,4,0.0,0.0,0.0
4,4,0.0,0.0,0.0
4,4,0.0,0.0,0.0
4,4,0.0,0.0,0.0
4,4,0.0,0.0,0.0
4,4,0.0,0.0,0.0
4,4,0.0,0.0,0.0
4,4,0.0,0.0,0.0
4,4,0.0,0.0,0.0
4,4,0.0,0.0,0.0
4,4,0.0,0.0,0.0
4,4,0.0,0.0,0.0
4,4,0.0,0.0,0.0
4,4,0.0,0.0,0.0
4,4,0.0,0.0,0.0
4,4,0.0,0.0,0.0
4,4,0.0,0.0,0.0
4,4,0.0,0.0,0.0
4,4,0.0,0.0,0.0
4,4,0.0,0.0,0.0
4,4,0.0,0.0,0.0
4,4,0.0,0.0,0.0
4,4,0.0,0.0,0.0
4,4,0.0,0.0,0.0
4,4,0.0,0.0,0.0
4,4,0.0,0.0,0.0
4,4,0.0,0.0,0.0
4,4,0.0,0.9342494131624797,30.360000000000003
4,4,0.0,0.0,0.0
4,4,0.0,0.0,0.0
4,4,0.0,0.0,0.0
4,4,0.0,0.0,0.0
4,4,0.0,0.0,0.0
4,4,0.0,0.0,0.0
4,4,0.0,0.0,0.0
4,4,0.0,0.0,0.0
4,4,0.0,0.0,0.0
4,4,0.0,0.0,0.0
4,4,0.0,0.0,0.0
4,4,0.0,0.0,0.0
4,4,0.0,0.0,0.0
4,4,0.0,0.0,0.0
4,4,0.0,0.0,0.0
4,4,0.0,0.0,0.0
4,4,0.0,0.0,0.0
4,4,0.0,0.0,0.0
4,4,0.0,0.0,0.0
4,4,0.0,0.0,0.0
4,4,0.0,0.0,0.0
4,4,0.0,0.0,0.0
4,4,0.0,0.0,0.0
4,4,0.0,0.0,0.0
4,4,0.0,0.0,0.0
4,4,0.0,0.0,0.0
4,4,0.0,0.0,0.0
4,4,0.0,0.0,0.0
4,4,0.0,0.0,0.0
4,4,0.0,0.0,0.0
4,4,0.0,0.0,0.0
4,4,0.0,0.0,0.0
4,4,0.0,0.0,0.0
4,4,0.0,0.0,0.0
4,4,0.0,0.0,0.0
4,4,0.0,0.0,0.0
4,4,0.0,0.0,0.0
4,4,0.0,0.0,0.0
4,4,0.0,0.0,0.0
4,4,0.0,0.0,0.0
4,4,0.0,0.0,0.0
4,4,0.0,0.0,0.0
4,4,0.0,0.0,0.0
4,4,0.0,0.0,0.0
4,4,0.0,0.0,0.0
4,4,0.0,0.0,0.0
4,4,0.0,0.0,0.0
4,4,0.0,0.0,0.0
4,4,0.0,0.0,0.0
4,4,0.0,0.0,0.0
4,4,0.0,0.0,0.0
4,4,0.0,0.0,0.0
4,4,0.0,0.0,0.0
4,4,0.0,0.0,0.0
4,4,0.0,0.0,0.0
4,4,0.0,0.0,0.0
4,4,0.0,0.0,0.0
4,4,0.0,0.0,0.0
4,4,0.0,0.0,0.0
4,4,0.0,0.0,0.0
4,4,0.0,0.0,0.0
4,4,0.0,0.0,0.0
4,4,0.0,0.0,0.0
4,4,0.0,0.0,0.0
4,4,0.0,0.0,0.0
4,4,0.0,0.0,0.0
4,4,0.0,0.0,0.0
4,4,0.0,0.0,0.0
4,4,0.0,0.0,0.0
4,4,0.0,0.0,0.0
4,4,0.0,0.0,0.0
4,4,0.0,0.0,0.0
4,4,0.0,0.0,0.0
4,4,0.0,0.0,0.0
4,4,0.0,0.0,0.0
4,4,0.0,0.0,0.0
4,4,0.0,0.0,0.0
4,4,0.0,0.0,0.0
4,4,0.0,0.0,0.0
4,4,0.0,0.0,0.0
4,4,0.0,0.0,0.0
4,4,0.0,0.0,0.0
4,4,0.0,0.0,0.0
4,4,0.0,0.0,36.96
4,4,0.0,0.0,0.0
4,4,0.0,0.0,0.0
4,4,0.0,0.0,0.0
4,4,0.0,0.0,0.0
4,4,0.0,0.0,0.0
4,4,0.0,0.0,0.0
4,4,0.0,0.0,0.0
4,4,0.0,0.0,0.0
4,4,0.0,0.0,0.0
4,4,0.0,0.0,0.0
4,4,0.0,0.0,0.0
4,4,0.0,0.0,0.0
4,4,0.0,0.0,0.0
4,4,0.0,0.0,0.0
4,4,0.0,0.0,0.0
4,4,0.0,0.0,0.0
4,4,0.0,0.0,0.0
4,4,0.0,0.0,0.0
4,4,0.0,0.0,0.0
4,4,0.0,0.0,0.0
4,4,0.0,0.0,0.0
4,4,0.0,0.0,0.0
4,4,0.0,0.0,0.0
4,4,0.0,0.0,0.0
4,4,0.0,0.0,0.0
4,4,0.0,0.0,0.0
4,4,0.0,0.0,0.0
4,4,0.0,0.0,0.0
4,4,0.0,0.0,0.0
4,4,0.0,0.0,0.0
4,4,0.0,0.0,0.0
4,4,0.0,0.0,0.0
4,4,0.0,0.0,0.0
4,4,0.0,0.0,0.0
4,4,0.0,0.0,0.0
4,4,0.0,0.0,0.0
4,4,0.0,0.0,0.0
4,4,0.0,0.0,0.0
4,4,0.0,0.0,0.0
4,4,0.0,0.0,0.0
4,4,0.0,0.0,0.0
4,4,0.0,0.0,0.0
4,4,0.0,0.0,0.0
4,4,0.0,0.0,0.0
4,4,0.0,0.0,0.0
4,4,0.0,0.0,0.0
4,4,0.0,0.0,0.0
4,4,0.0,0.0,0.0
4,4,0.0,0.0,0.0
4,4,0.0,0.0,0.0
4,4,0.0,0.0,0.0
4,4,0.0,0.0,0.0
4,4,0.0,0.0,0.0
4,4,0.0,0.0,0.0
4,4,0.0,0.0,0.0
4,4,0.0,0.0,0.0
4,4,0.0,0.0,0.0
4,4,0.0,0.0,0.0
4,4,0.0,0.0,0.0
4,4,0.0,0.0,0.0
4,4,0.0,0.0,47.52
4,4,0.0,0.0,0.0
4,4,0.0,0.0,0.0
4,4,0.0,0.0,0.0
4,4,0.0,0.0,0.0
4,4,0.0,0.0,0.0
4,4,0.0,0.0,0.0
4,4,0.0,0.0,0.0
4,4,0.0,0.0,0.0
4,4,0.0,0.0,0.0
4,4,0.0,0.0,0.0
4,4,0.0,0.0,0.0
4,4,0.0,0.0,0.0
4,4,0.0,0.0,0.0
4,4,0.0,0.0,0.0
4,4,0.0,0.0,0.0
4,4,0.0,0.0,0.0
4,4,0.0,0.0,0.0
4,4,0.0,0.0,0.0
4,4,0.0,0.0,0.0
4,4,0.0,0.0,0.0
4,4,0.0,0.0,0.0
4,4,0.0,0.0,0.0
4,4,0.0,0.0,0.0
4,4,0.0,0.0,0.0
4,4,0.0,0.0,0.0
4,4,0.0,0.0,0.0
4,4,0.0,0.0,0.0
4,4,0.0,0.0,0.0
4,4,0.0,0.0,0.0
4,4,0.0,0.0,0.0
4,4,0.0,0.0,0.0
4,4,0.0,0.0,0.0
4,4,0.0,0.0,0.0
4,4,0.0,0.0,0.0
4,4,0.0,0.0,0.0
4,4,0.0,0.0,0.0
4,4,0.0,0.0,0.0
4,4,0.0,0.0,0.0
4,4,0.0,0.0,0.0
4,4,0.0,0.0,0.0
4,4,0.0,0.0,0.0
4,4,0.0,0.0,0.0
4,4,0.0,0.0,0.0
4,4,0.0,0.0,0.0
4,4,0.0,0.0,0.0
4,4,0.0,0.0,0.0
4,4,0.0,0.0,0.0
4,4,0.0,0.0,0.0
4,4,0.0,0.0,0.0
4,4,0.0,0.0,0.0
4,4,0.0,0.0,0.0
4,4,0.0,0.0,0.0
4,4,0.0,0.0,0.0
4,4,0.0,0.0,0.0
4,4,0.0,0.0,0.0
4,4,0.0,0.0,0.0
4,4,0.0,0.0,0.0
4,4,0.0,0.0,0.0
4,4,0.0,0.0,0.0
4,4,0.0,0.0,0.0
4,4,0.0,0.0,0.0
4,4,0.0,0.0,0.0
4,4,0.0,0.0,0.0
4,4,0.0,0.0,0.0
4,4,0.0,0.0,0.0
4,4,0.0,0.0,0.0
4,4,0.0,0.0,0.0
4,4,0.0,0.0,0.0
4,4,0.0,0.0,0.0
4,4,0.0,0.0,0.0
4,4,0.0,0.0,0.0
4,4,0.0,0.0,0.0
4,4,0.0,0.0,0.0
4,4,0.0,0.0,0.0
4,4,0.0,0.0,0.0
4,4,0.0,0.0,0.0
4,4,0.0,0.0,0.0
4,4,0.0,0.0,0.0
4,4,0.0,0.0,0.0
4,4,0.0,0.0,0.0
4,4,0.0,0.0,0.0
4,4,0.0,0.0,0.0
4,4,0.0,0.0,0.0
4,4,0.0,0.0,0.0
4,4,0.0,0.0,0.0
4,4,0.0,0.0,0.0
4,4,0.0,0.0,0.0
4,4,0.0,0.0,0.0
4,4,0.0,0.0,0.0
4,4,0.0,0.0,0.0
4,4,0.0,0.0,0.0
4,4,0.0,0.0,0.0
4,4,0.0,0.0,0.0
4,4,0.0,0.0,0.0
4,4,0.0,0.0,0.0
4,4,0.0,0.0,0.0
4,4,0.0,0.0,0.0
4,4,0.0,0.0,0.0
4,4,0.0,0.0,0.0
4,4,0.0,0.0,0.0
4,4,0.0,0.0,0.0
4,4,0.0,0.0,0.0
4,4,0.0,0.0,0.0
4,4,0.0,0.0,0.0
4,4,0.0,0.0,0.0
4,4,0.0,0.0,0.0
4,4,0.0,0.0,0.0
4,4,0.0,0.0,0.0
4,4,0.0,0.0,0.0
4,4,0.0,0.0,0.0
4,4,0.0,0.0,0.0
4,4,0.0,0.0,0.0
4,4,0.0,0.0,0.0
4,4,0.0,0.0,0.0
4,4,0.0,0.0,0.0
4,4,0.0,0.0,0.0
4,4,0.0,0.0,0.0
4,4,0.0,0.0,0.0
4,4,0.0,0.0,0.0
4,4,0.0,0.0,0.0
4,4,0.0,0.0,0.0
4,4,0.0,0.0,0.0
4,4,0.0,0.0,0.0
4,4,0.0,0.0,0.0
4,4,0.0,0.0,0.0
4,4,0.0,0.0,0.0
4,4,0.0,0.0,0.0
4,4,0.0,0.0,0.0
4,4,0.0,0.0,0.0
4,4,0.0,0.0,0.0
4,4,0.0,0.0,0.0
4,4,0.0,0.0,0.0
4,4,0.0,0.0,0.0
4,4,0.0,0.0,0.0
4,4,0.0,0.0,0.0
4,4,0.0,0.0,0.0
4,4,0.0,0.0,0.0
4,4,0.0,0.0,0.0
4,4,0.0,0.0,0.0
4,4,0.0,0.0,0.0
4,4,0.0,0.0,0.0
4,4,0.0,0.0,0.0
4,4,0.0,0.0,0.0
4,4,0.0,0.0,0.0
4,4,0.0,0.0,0.0
4,4,0.0,0.0,0.0
4,4,0.0,0.0,0.0
4,4,0.0,0.0,0.0
4,4,0.0,0.0,0.0
4,4,0.0,0.0,0.0
4,4,0.0,0.0,0.0
4,4,0.0,0.0,0.0
4,4,0.0,0.0,0.0
4,4,0.0,0.0,0.0
4,4,0.0,0.0,0.0
4,4,0.0,0.0,0.0
4,4,0.0,0.0,0.0
4,4,0.0,0.0,0.0
4,4,0.0,0.0,0.0
4,4,0.0,0.0,0.0
4,4,0.0,0.0,0.0
4,4,0.0,0.0,0.0
4,4,0.0,0.0,0.0
4,4,0.0,0.0,0.0
4,4,0.0,0.0,0.0
4,4,0.0,0.0,0.0
4,4,0.0,0.0,0.0
4,4,0.0,0.0,0.0
4,4,0.0,0.0,0.0
4,4,0.0,0.0,0.0
4,4,0.0,0.0,0.0
4,4,0.0,0.0,0.0
4,4,0.0,0.0,0.0
4,4,0.0,0.0,0.0
4,4,0.0,0.0,0.0
4,4,0.0,0.0,0.0
4,4,0.0,0.0,0.0
4,4,0.0,0.0,0.0
4,4,0.0,0.0,0.0
4,4,0.0,0.0,0.0
4,4,0.0,0.0,0.0
4,4,0.0,0.0,0.0
4,4,0.0,0.0,0.0
4,4,0.0,0.0,0.0
4,4,0.0,0.0,0.0
4,4,0.0,0.0,0.0
4,4,0.0,0.0,0.0
4,4,0.0,0.0,0.0
4,4,0.0,0.0,0.0
4,4,0.0,0.0,0.0
4,4,0.0,0.0,0.0
4,4,0.0,0.0,0.0
4,4,0.0,0.0,0.0
4,4,0.0,0.0,0.0
4,4,0.0,0.0,0.0
4,4,0.0,0.0,0.0
4,4,0.0,0.0,0.0
4,4,0.0,0.0,0.0
4,4,0.0,0.0,0.0
4,4,0.0,0.0,0.0
4,4,0.0,0.0,0.0
4,4,0.0,0.0,0.0
4,4,0.0,0.0,0.0
4,4,0.0,0.0,0.0
4,4,0.0,0.0,0.0
4,4,0.0,0.0,0.0
4,4,0.0,0.0,0.0
4,4,0.0,0.0,0.0
4,4,0.0,0.0,0.0
4,4,0.0,0.0,0.0
4,4,0.0,0.0,0.0
4,4,0.0,0.0,0.0
4,4,0.0,0.0,0.0
4,4,0.0,0.0,0.0
4,4,0.0,0.0,0.0
4,4,0.0,0.0,0.0
4,4,0.0,0.0,0.0
4,4,0.0,0.0,0.0
4,4,0.0,0.0,0.0
4,4,0.0,0.0,0.0
4,4,0.0,0.0,0.0
4,4,0.0,0.0,0.0
4,4,0.0,0.0,0.0
4,4,0.0,0.0,0.0
4,4,0.0,0.0,0.0
4,4,0.0,0.0,0.0
4,4,0.0,0.0,0.0
4,4,0.0,0.0,0.0
4,4,0.0,0.0,0.0
4,4,0.0,0.0,0.0
4,4,0.0,0.0,0.0
4,4,0.0,0.0,0.0
4,4,0.0,0.0,0.0
4,4,0.0,0.0,0.0
4,4,0.0,0.0,0.0
4,4,0.0,0.0,0.0
4,4,0.0,0.0,0.0
4,4,0.0,0.0,0.0
4,4,0.0,0.0,0.0
4,4,0.0,0.0,0.0
4,4,0.0,0.0,0.0
4,4,0.0,0.0,0.0
4,4,0.0,0.0,0.0
4,4,0.0,0.0,0.0
4,4,0.0,0.0,0.0
4,4,0.0,0.0,0.0
4,4,0.0,0.0,0.0
4,4,0.0,0.0,0.0
4,4,0.0,0.0,0.0
4,4,0.0,0.0,0.0
4,4,0.0,0.0,0.0
4,4,0.0,0.0,0.0
4,4,0.0,0.0,0.0
4,4,0.0,0.0,0.0
4,4,0.0,0.0,0.0
4,4,0.0,0.0,0.0
4,4,0.0,0.0,0.0
4,4,0.0,0.0,0.0
4,4,0.0,0.0,0.0
4,4,0.0,0.0,0.0
4,4,0.0,0.0,0.0
4,4,0.0,0.0,0.0
4,4,0.0,0.0,0.0
4,4,0.0,0.0,0.0
4,4,0.0,0.0,0.0
4,4,0.0,0.0,0.0
4,4,0.0,0.0,0.0
4,4,0.0,0.0,0.0
4,4,0.0,0.0,0.0
4,4,0.0,0.0,0.0
4,4,0.0,0.0,0.0
4,4,0.0,0.0,0.0
4,4,0.0,0.0,0.0
4,4,0.0,0.0,0.0
4,4,0.0,0.0,0.0
4,4,0.0,0.0,0.0
4,4,0.0,0.0,0.0
4,4,0.0,0.0,0.0
4,4,0.0,0.0,0.0
4,4,0.0,0.0,0.0
4,4,0.0,0.0,0.0
4,4,0.0,0.0,0.0
4,4,0.0,0.0,0.0
4,4,0.0,0.0,0.0
4,4,0.0,0.0,0.0
4,4,0.0,0.0,0.0
4,4,0.0,0.0,0.0
4,4,0.0,0.0,0.0
4,4,0.0,0.0,0.0
4,4,0.0,0.0,0.0
4,4,0.0,0.0,0.0
4,4,0.0,0.0,0.0
4,4,0.0,0.0,0.0
4,4,0.0,0.0,0.0
4,4,0.0,0.0,0.0
4,4,0.0,0.0,0.0
4,4,0.0,0.0,0.0
4,4,0.0,0.0,0.0
4,4,0.0,0.0,0.0
4,4,0.0,0.0,0.0
4,4,0.0,0.0,0.0
4,4,0.0,0.0,0.0
4,4,0.0,0.0,0.0
4,4,0.0,0.0,0.0
4,4,0.0,0.0,0.0
4,4,0.0,0.0,0.0
4,4,0.0,0.0,0.0
4,4,0.0,0.0,0.0
4,4,0.0,0.0,0.0
4,4,0.0,0.0,0.0
4,4,0.0,0.0,0.0
4,4,0.0,0.0,0.0
4,4,0.0,0.0,0.0
4,4,0.0,0.0,0.0
4,4,0.0,0.0,0.0
4,4,0.0,0.0,0.0
4,4,0.0,0.0,0.0
4,4,0.0,0.0,0.0
4,4,0.0,0.0,0.0
4,4,0.0,0.0,0.0
4,4,0.0,0.0,0.0
4,4,0.0,0.0,0.0
4,4,0.0,0.0,0.0
4,4,0.0,0.0,0.0
4,4,0.0,0.0,0.0
4,4,0.0,0.0,0.0
4,4,0.0,0.0,0.0
4,4,0.0,0.0,0.0
4,4,0.0,0.0,0.0
4,4,0.0,0.0,0.0
4,4,0.0,0.0,0.0
4,4,0.0,0.0,0.0
4,4,0.0,0.0,0.0
4,4,0.0,0.0,0.0
4,4,0.0,0.0,0.0
4,4,0.0,0.0,0.0
4,4,0.0,0.0,0.0
4,4,0.0,0.0,0.0
4,4,0.0,0.0,0.0
4,4,0.0,0.0,0.0
4,4,0.0,0.0,0.0
4,4,0.0,0.0,0.0
4,4,0.0,0.0,0.0
4,4,0.0,0.0,0.0
4,4,0.0,0.0,0.0
4,4,0.0,0.0,0.0
4,4,0.0,0.0,0.0
4,4,0.0,0.0,0.0
4,4,0.0,0.0,0.0
4,4,0.0,0.0,0.0
4,4,0.0,0.0,0.0
4,4,0.0,0.0,0.0
4,4,0.0,0.0,0.0
4,4,0.0,0.0,0.0
4,4,0.0,0.0,0.0
4,4,0.0,0.0,0.0
4,4,0.0,0.0,0.0
4,4,0.0,0.0,0.0
4,4,0.0,0.0,0.0
4,4,0.0,0.0,0.0
4,4,0.0,0.0,0.0
4,4,0.0,0.0,0.0
4,4,0.0,0.0,0.0
4,4,0.0,0.0,0.0
4,4,0.0,0.0,0.0
4,4,0.0,0.0,0.0
4,4,0.0,0.0,0.0
4,4,0.0,0.0,0.0
4,4,0.0,0.0,0.0
4,4,0.0,0.0,0.0
4,4,0.0,0.0,0.0
4,4,0.0,0.0,0.0
4,4,0.0,0.0,0.0
4,4,0.0,0.0,0.0
4,4,0.0,0.0,0.0
4,4,0.0,0.0,0.0
4,4,0.0,0.0,0.0
4,4,0.0,0.0,0.0
4,4,0.0,0.0,0.0
4,4,0.0,0.0,0.0
4,4,0.0,0.0,0.0
4,4,0.0,0.0,0.0
4,4,0.0,0.0,0.0
4,4,0.0,0.0,0.0
4,4,0.0,0.0,0.0
4,4,0.0,0.0,0.0
4,4,0.0,0.0,0.0
4,4,0.0,0.0,0.0
4,4,0.0,0.0,0.0
4,4,0.0,0.0,0.0
4,4,0.0,0.0,0.0
4,4,0.0,0.0,0.0
4,4,0.0,0.0,0.0
4,4,0.0,0.0,0.0
4,4,0.0,0.0,0.0
4,4,0.0,0.0,0.0
4,4,0.0,0.0,0.0
4,4,0.0,0.0,0.0
4,4,0.0,0.0,0.0
4,4,0.0,0.0,0.0
4,4,0.0,0.0,0.0
4,4,0.0,0.0,0.0
4,4,0.0,0.0,0.0
4,4,0.0,0.0,0.0
4,4,0.0,0.0,0.0
4,4,0.0,0.0,0.0
4,4,0.0,0.0,0.0
4,4,0.0,0.0,0.0
4,4,0.0,0.0,0.0
4,4,0.0,0.0,0.0
4,4,0.0,0.0,0.0
4,4,0.0,0.0,0.0
4,4,0.0,0.0,0.0
4,4,0.0,0.0,0.0
4,4,0.0,0.0,0.0
4,4,0.0,0.0,0.0
4,4,0.0,0.0,0.0
4,4,0.0,0.0,0.0
4,4,0.0,0.0,0.0
4,4,0.0,0.0,0.0
4,4,0.0,0.0,0.0
4,4,0.0,0.0,0.0
4,4,0.0,0.0,0.0
4,4,0.0,0.0,0.0
4,4,0.0,0.0,0.0
4,4,0.0,0.0,0.0
4,4,0.0,0.0,0.0
4,4,0.0,0.0,0.0
4,4,0.0,0.0,0.0
4,4,0.0,0.0,0.0
4,4,0.0,0.0,0.0
4,4,0.0,0.0,0.0
4,4,0.0,0.0,0.0
4,4,0.0,0.0,0.0
4,4,0.0,0.0,0.0
4,4,0.0,0.0,0.0
4,4,0.0,0.0,0.0
4,4,0.0,0.0,0.0
4,4,0.0,0.0,0.0
4,4,0.0,0.0,0.0
4,4,0.0,0.0,0.0
4,4,0.0,0.0,0.0
4,4,0.0,0.0,0.0
4,4,0.0,0.0,0.0
4,4,0.0,0.0,0.0
4,4,0.0,0.0,0.0
4,4,0.0,0.0,0.0
4,4,0.0,0.0,0.0
4,4,0.0,0.0,0.0
4,4,0.0,0.0,0.0
4,4,0.0,0.0,0.0
4,4,0.0,0.0,0.0
4,4,0.0,0.0,0.0
4,4,0.0,0.0,0.0
4,4,0.0,0.0,0.0
4,4,0.0,0.0,0.0
4,4,0.0,0.0,0.0
4,4,0.0,0.0,0.0
4,4,0.0,0.0,0.0
4,4,0.0,0.0,0.0
4,4,0.0,0.0,0.0
4,4,0.0,0.0,0.0
4,4,0.0,0.0,0.0
4,4,0.0,0.0,0.0
4,4,0.0,0.0,0.0
4,4,0.0,0.0,0.0
4,4,0.0,0.0,0.0
4,4,0.0,0.0,0.0
4,4,0.0,0.0,0.0
4,4,0.0,0.0,0.0
4,4,0.0,0.0,0.0
4,4,0.0,0.0,0.0
4,4,0.0,0.0,0.0
4,4,0.0,0.0,0.0
4,4,0.0,0.0,0.0
4,4,0.0,0.0,0.0
4,4,0.0,0.0,0.0
4,4,0.0,0.0,0.0
4,4,0.0,0.0,0.0
4,4,0.0,0.0,0.0
4,4,0.0,0.0,0.0
4,4,0.0,0.0,0.0
4,4,0.0,0.0,0.0
4,4,0.0,0.0,0.0
4,4,0.0,0.0,0.0
4,4,0.0,0.0,0.0
4,4,0.0,0.0,0.0
4,4,0.0,0.0,0.0
4,4,0.0,0.0,0.0
4,4,0.0,0.0,0.0
4,4,0.0,0.0,0.0
4,4,0.0,0.0,0.0
4,4,0.0,0.0,0.0
4,4,0.0,0.0,0.0
4,4,0.0,0.0,0.0
4,4,0.0,0.0,0.0
4,4,0.0,0.0,0.0
4,4,0.0,0.0,0.0
4,4,0.0,0.0,0.0
4,4,0.0,0.0,0.0
4,4,0.0,0.0,0.0
4,4,0.0,0.0,0.0
4,4,0.0,0.0,0.0
4,4,0.0,0.0,0.0
4,4,0.0,0.0,0.0
4,4,0.0,0.0,0.0
4,4,0.0,0.0,0.0
4,4,0.0,0.0,0.0
4,4,0.0,0.0,0.0
4,4,0.0,0.0,0.0
4,4,0.0,0.0,0.0
4,4,0.0,0.0,0.0
4,4,0.0,0.0,0.0
4,4,0.0,0.0,0.0
4,4,0.0,0.0,0.0
4,4,0.0,0.0,0.0
4,4,0.0,0.0,0.0
4,4,0.0,0.0,0.0
4,4,0.0,0.0,0.0
4,4,0.0,0.0,0.0
4,4,0.0,0.0,0.0
4,4,0.0,0.0,0.0
4,4,0.0,0.0,0.0
4,4,0.0,0.0,0.0
4,4,0.0,0.0,0.0
4,4,0.0,0.0,0.0
4,4,0.0,0.0,0.0
4,4,0.0,0.0,0.0
4,4,0.0,0.0,0.0
4,4,0.0,0.0,0.0
4,4,0.0,0.0,0.0
4,4,0.0,0.0,0.0
4,4,0.0,0.0,0.0
4,4,0.0,0.0,0.0
4,4,0.0,0.0,0.0
4,4,0.0,0.0,0.0
4,4,0.0,0.0,0.0
4,4,0.0,0.0,0.0
4,4,0.0,0.0,0.0
4,4,0.0,0.0,0.0
4,4,0.0,0.0,0.0
4,4,0.0,0.0,0.0
4,4,0.0,0.0,0.0
4,4,0.0,0.0,0.0
4,4,0.0,0.0,0.0
4,4,0.0,0.0,0.0
4,4,0.0,0.0,0.0
4,4,0.0,0.0,0.0
4,4,0.0,0.0,0.0
5,3,0.0,0.0,0.0
5,3,0.0,0.0,0.0
5,3,0.0,0.0,0.0
5,3,0.0,0.0,0.0
5,3,0.0,0.0,0.0
5,3,0.0,0.0,0.0
5,3,0.0,0.0,0.0
5,3,0.0,0.0,0.0
5,3,0.0,0.0,0.0
5,3,0.0,0.0,0.0
5,3,0.0,0.0,0.0
5,3,0.0,0.0,0.0
5,3,0.0,0.0,0.0
5,3,0.0,0.0,0.0
5,3,0.0,0.0,0.0
5,3,0.0,0.0,0.0
5,3,0.0,0.0,0.0
5,3,0.0,0.0,0.0
5,3,0.0,0.0,0.0
5,3,0.0,0.0,0.0
5,3,0.0,0.0,0.0
5,3,0.0,0.0,0.0
5,3,0.0,0.0,0.0
5,3,0.0,0.0,0.0
5,3,0.0,0.0,0.0
5,3,0.0,0.0,0.0
5,3,0.0,0.0,0.0
5,3,0.0,0.0,0.0
5,3,0.0,0.0,0.0
5,3,0.0,0.0,0.0
5,3,0.0,0.0,0.0
5,3,0.0,0.0,0.0
5,3,0.0,0.0,0.0
5,3,0.0,0.0,0.0
5,3,0.0,0.0,0.0
5,3,0.0,0.0,0.0
5,3,0.0,0.0,0.0
5,3,0.0,0.0,0.0
5,3,0.0,0.0,0.0
5,3,0.0,0.0,0.0
5,3,0.0,0.0,0.0
5,3,0.0,0.0,0.0
5,3,0.0,0.0,0.0
5,3,0.0,0.0,0.0
5,3,0.0,0.0,0.0
5,3,0.0,0.0,0.0
5,3,0.0,0.0,0.0
5,3,0.0,0.0,0.0
5,3,0.0,0.0,0.0
5,3,0.0,0.0,0.0
5,3,0.0,0.0,0.0
5,3,0.0,0.0,0.0
5,3,0.0,0.0,0.0
5,3,0.0,0.0,0.0
5,3,0.0,0.0,0.0
5,3,0.0,0.0,0.0
5,3,0.0,0.0,0.0
5,3,0.0,0.0,0.0
5,3,0.0,0.0,0.0
5,3,0.0,0.0,0.0
5,3,0.0,0.0,0.0
5,3,0.0,0.0,0.0
5,3,0.0,0.0,0.0
5,3,0.0,0.0,0.0
5,3,0.0,0.0,0.0
5,3,0.0,0.0,0.0
5,3,0.0,0.0,0.0
5,3,0.0,0.0,0.0
5,3,0.0,0.0,0.0
5,3,0.0,0.0,0.0
5,3,0.0,0.0,0.0
5,3,0.0,0.0,0.0
5,3,0.0,0.0,0.0
5,3,0.0,0.0,0.0
5,3,0.0,0.0,0.0
5,3,0.0,0.0,0.0
5,3,0.0,0.0,0.0
5,3,0.0,0.0,0.0
5,3,0.0,0.0,0.0
5,3,0.0,0.0,0.0
5,3,0.0,0.0,0.0
5,3,0.0,0.0,0.0
5,3,0.0,0.0,0.0
5,3,0.0,0.0,0.0
5,3,0.0,0.0,0.0
5,3,0.0,0.0,0.0
5,3,0.0,0.0,0.0
5,3,0.0,0.0,0.0
5,3,0.0,0.0,0.0
5,3,0.0,0.0,0.0
5,3,0.0,0.0,0.0
5,3,0.0,0.0,0.0
5,3,0.0,0.0,0.0
5,3,0.0,0.0,60.720000000000006
5,3,0.0,0.0,0.0
5,3,0.0,0.0,0.0
5,3,0.0,0.0,0.0
5,3,0.0,0.0,0.0
5,3,0.0,0.0,0.0
5,3,0.0,0.0,0.0
5,3,0.0,0.0,0.0
5,3,0.0,0.0,0.0
5,3,0.0,0.0,0.0
5,3,0.0,0.0,0.0
5,3,0.0,0.0,0.0
5,3,0.0,0.0,0.0
5,3,0.0,0.0,0.0
5,3,0.0,0.0,0.0
5,3,0.0,0.0,0.0
5,3,0.0,0.0,0.0
5,3,0.0,0.0,0.0
5,3,0.0,0.0,0.0
5,3,0.0,0.0,0.0
5,3,0.0,0.0,0.0
5,3,0.0,0.0,0.0
5,3,0.0,0.0,0.0
5,3,0.0,0.0,0.0
5,3,0.0,0.0,0.0
5,3,0.0,0.0,0.0
5,3,0.0,0.0,0.0
5,3,0.0,0.0,0.0
5,3,0.0,0.0,0.0
5,3,0.0,0.0,0.0
5,3,0.0,0.0,0.0
5,3,0.0,0.0,0.0
5,3,0.0,0.0,0.0
5,3,0.0,0.0,0.0
5,3,0.0,0.0,0.0
5,3,0.0,0.0,0.0
5,3,0.0,0.0,0.0
5,3,0.0,0.0,0.0
5,3,0.0,0.0,0.0
5,3,0.0,0.0,0.0
5,3,0.0,0.0,0.0
5,3,0.0,0.0,0.0
5,3,0.0,0.0,0.0
5,3,0.0,0.0,0.0
5,3,0.0,0.0,0.0
5,3,0.0,0.0,0.0
5,3,0.0,0.0,0.0
5,3,0.0,0.0,0.0
5,3,0.0,0.0,0.0
5,3,0.0,0.0,0.0
5,3,0.0,0.0,0.0
5,3,0.0,0.0,0.0
5,3,0.0,0.0,0.0
5,3,0.0,0.0,0.0
5,3,0.0,0.0,0.0
5,3,0.0,0.0,0.0
5,3,0.0,0.0,0.0
5,3,0.0,0.0,0.0
5,3,0.0,0.0,0.0
5,3,0.0,0.0,0.0
5,3,0.0,0.0,0.0
5,3,0.0,0.0,0.0
5,3,0.0,0.0,0.0
5,3,0.0,0.0,0.0
5,3,0.0,0.0,0.0
5,3,0.0,0.0,0.0
5,3,0.0,0.0,0.0
5,3,0.0,0.0,0.0
5,3,0.0,0.0,0.0
5,3,0.0,0.0,0.0
5,3,0.0,0.0,0.0
5,3,0.0,0.0,0.0
5,3,0.0,0.0,0.0
5,3,0.0,0.0,0.0
5,3,0.0,0.0,0.0
5,3,0.0,0.0,0.0
5,3,0.0,0.0,0.0
5,3,0.0,0.0,0.0
5,3,0.0,0.0,0.0
5,3,0.0,0.0,0.0
5,3,0.0,0.0,0.0
5,3,0.0,0.0,0.0
5,3,0.0,0.0,0.0
5,3,0.0,0.0,0.0
5,3,0.0,0.0,0.0
5,3,0.0,0.0,0.0
5,3,0.0,0.0,0.0
5,3,0.0,0.0,0.0
5,3,0.0,0.0,0.0
5,3,0.0,0.0,0.0
5,3,0.0,0.0,0.0
5,3,0.0,0.0,0.0
5,3,0.0,0.0,0.0
5,3,0.0,0.0,0.0
5,3,0.0,0.0,0.0
5,3,0.0,0.0,0.0
5,3,0.0,0.0,0.0
5,3,0.0,0.0,0.0
5,3,0.0,0.0,0.0
5,3,0.0,0.0,0.0
5,3,0.0,0.0,0.0
5,3,0.0,0.0,0.0
5,3,0.0,0.0,0.0
5,3,0.0,0.0,0.0
5,3,0.0,0.0,0.0
5,3,0.0,0.0,0.0
5,3,0.0,0.0,0.0
5,3,0.0,0.0,0.0
5,3,0.0,0.0,0.0
5,3,0.0,0.0,0.0
5,3,0.0,0.0,0.0
5,3,0.0,0.0,0.0
5,3,0.0,0.0,0.0
5,3,0.0,0.0,0.0
5,3,0.0,0.0,0.0
5,3,0.0,0.0,0.0
5,3,0.0,0.0,0.0
5,3,0.0,0.0,0.0
5,3,0.0,0.0,0.0
5,3,0.0,0.0,0.0
5,3,0.0,0.0,0.0
5,3,0.0,0.0,0.0
5,3,0.0,0.0,0.0
5,3,0.0,0.0,0.0
5,3,0.0,0.0,0.0
5,3,0.0,0.0,0.0
5,3,0.0,0.0,0.0
5,3,0.0,0.0,0.0
5,3,0.0,0.0,0.0
5,3,0.0,0.0,0.0
5,3,0.0,0.0,0.0
5,3,0.0,0.0,0.0
5,3,0.0,0.0,0.0
5,3,0.0,0.0,0.0
5,3,0.0,0.0,0.0
5,3,0.0,0.0,0.0
5,3,0.0,0.0,0.0
5,3,0.0,0.0,0.0
5,3,0.0,0.0,0.0
5,3,0.0,0.0,0.0
5,3,0.0,0.0,0.0
5,3,0.0,0.0,0.0
5,3,0.0,0.0,0.0
5,3,0.0,0.0,0.0
5,3,0.0,0.0,0.0
5,3,0.0,0.0,0.0
5,3,0.0,0.0,0.0
5,3,0.0,0.0,0.0
5,3,0.0,0.0,0.0
5,3,0.0,0.0,0.0
5,3,0.0,0.0,0.0
5,3,0.0,0.0,0.0
5,3,0.0,0.0,0.0
5,3,0.0,0.0,0.0
5,3,0.0,0.0,0.0
5,3,0.0,0.0,0.0
5,3,0.0,0.0,0.0
5,3,0.0,0.0,0.0
5,3,0.0,0.0,0.0
5,3,0.0,0.0,0.0
5,3,0.0,0.0,0.0
5,3,0.0,0.0,0.0
5,3,0.0,0.0,0.0
5,3,0.0,0.0,0.0
5,3,0.0,0.0,0.0
5,3,0.0,0.0,0.0
5,3,0.0,0.0,0.0
5,3,0.0,0.0,0.0
5,3,0.0,0.0,0.0
5,3,0.0,0.0,0.0
5,3,0.0,0.0,0.0
5,3,0.0,0.0,0.0
5,3,0.0,0.0,0.0
5,3,0.0,0.0,0.0
5,3,0.0,0.0,0.0
5,3,0.0,0.0,0.0
5,3,0.0,0.0,0.0
5,3,0.0,0.0,0.0
5,3,0.0,0.0,0.0
5,3,0.0,0.0,0.0
5,3,0.0,0.0,0.0
5,3,0.0,0.0,0.0
5,3,0.0,0.0,0.0
5,3,0.0,0.0,0.0
5,3,0.0,0.0,0.0
5,3,0.0,0.0,0.0
5,3,0.0,0.0,0.0
5,3,0.0,0.0,0.0
5,3,0.0,0.0,0.0
5,3,0.0,0.0,0.0
5,3,0.0,0.0,0.0
5,3,0.0,0.0,0.0
5,3,0.0,0.0,0.0
5,3,0.0,0.0,0.0
5,3,0.0,0.0,0.0
5,3,0.0,0.0,0.0
5,3,0.0,0.0,0.0
5,3,0.0,0.0,0.0
5,3,0.0,0.0,0.0
5,3,0.0,0.0,0.0
5,3,0.0,0.0,0.0
5,3,0.0,0.0,0.0
5,3,0.0,0.0,0.0
5,3,0.0,0.0,0.0
5,3,0.0,0.0,0.0
5,3,0.0,0.0,0.0
5,3,0.0,0.0,0.0
5,3,0.0,0.0,0.0
5,3,0.0,0.0,0.0
5,3,0.0,0.0,0.0
5,3,0.0,0.0,0.0
5,3,0.0,0.0,0.0
5,3,0.0,0.0,0.0
5,3,0.0,0.0,0.0
5,3,0.0,0.0,0.0
5,3,0.0,0.0,0.0
5,3,0.0,0.0,0.0
5,3,0.0,0.0,0.0
5,3,0.0,0.0,0.0
5,3,0.0,0.0,0.0
5,3,0.0,0.0,0.0
5,3,0.0,0.0,0.0
5,3,0.0,0.0,0.0
5,3,0.0,0.0,0.0
5,3,0.0,0.0,0.0
5,3,0.0,0.0,0.0
5,3,0.0,0.0,0.0
5,3,0.0,0.0,0.0
5,3,0.0,0.0,0.0
5,3,0.0,0.0,0.0
5,3,0.0,0.0,0.0
5,3,0.0,0.0,0.0
5,3,0.0,0.0,0.0
5,3,0.0,0.0,0.0
5,3,0.0,0.0,0.0
5,3,0.0,0.0,0.0
5,3,0.0,0.0,0.0
5,3,0.0,0.0,0.0
5,3,0.0,0.0,0.0
5,3,0.0,0.0,0.0
5,3,0.0,0.0,0.0
5,3,0.0,0.0,0.0
5,3,0.0,0.0,0.0
5,3,0.0,0.0,0.0
5,3,0.0,0.0,0.0
5,3,0.0,0.0,0.0
5,3,0.0,0.0,0.0
5,3,0.0,0.0,0.0
5,3,0.0,0.0,0.0
5,3,0.0,0.0,0.0
5,3,0.0,0.0,0.0
5,3,0.0,0.0,0.0
5,3,0.0,0.0,0.0
5,3,0.0,0.0,0.0
5,3,0.0,0.0,0.0
5,3,0.0,0.0,0.0
5,3,0.0,0.0,0.0
5,3,0.0,0.0,0.0
5,3,0.0,0.0,0.0
5,3,0.0,0.0,0.0
5,3,0.0,0.0,0.0
5,3,0.0,0.0,0.0
5,3,0.0,0.0,0.0
5,3,0.0,0.0,0.0
5,3,0.0,0.0,0.0
5,3,0.0,0.0,0.0
5,3,0.0,0.0,0.0
5,3,0.0,0.0,0.0
5,3,0.0,0.0,0.0
5,3,0.0,0.0,0.0
5,3,0.0,0.0,0.0
5,3,0.0,0.0,0.0
5,3,0.0,0.0,0.0
5,3,0.0,0.0,0.0
5,3,0.0,0.0,0.0
5,3,0.0,0.0,0.0
5,3,0.0,0.0,0.0
5,3,0.0,0.0,0.0
5,3,0.0,0.0,0.0
5,3,0.0,0.0,0.0
5,3,0.0,0.0,0.0
5,3,0.0,0.0,0.0
5,3,0.0,0.0,0.0
5,3,0.0,0.0,0.0
5,3,0.0,0.0,0.0
5,3,0.0,0.0,0.0
5,3,0.0,0.0,0.0
5,3,0.0,0.0,0.0
5,3,0.0,0.0,0.0
5,3,0.0,0.0,0.0
5,3,0.0,0.0,0.0
5,3,0.0,0.0,0.0
5,3,0.0,0.0,0.0
5,3,0.0,0.0,0.0
5,3,0.0,0.0,0.0
5,3,0.0,0.0,0.0
5,3,0.0,0.0,0.0
5,3,0.0,0.0,0.0
5,3,0.0,0.0,0.0
5,3,0.0,0.0,0.0
5,3,0.0,0.0,0.0
5,3,0.0,0.0,0.0
5,3,0.0,0.0,0.0
5,3,0.0,0.0,0.0
5,3,0.0,0.0,0.0
5,3,0.0,0.0,0.0
5,3,0.0,0.0,0.0
5,3,0.0,0.0,0.0
5,3,0.0,0.0,0.0
5,3,0.0,0.0,0.0
5,3,0.0,0.0,0.0
5,3,0.0,0.0,0.0
5,3,0.0,0.0,0.0
5,3,0.0,0.0,0.0
5,3,0.0,0.0,0.0
5,3,0.0,0.0,0.0
5,3,0.0,0.0,0.0
5,3,0.0,0.0,0.0
5,3,0.0,0.0,0.0
5,3,0.0,0.0,0.0
5,3,0.0,0.0,0.0
5,3,0.0,0.0,0.0
5,3,0.0,0.0,0.0
5,3,0.0,0.0,0.0
5,3,0.0,0.0,0.0
5,3,0.0,0.0,0.0
5,3,0.0,0.0,0.0
5,3,0.0,0.0,0.0
5,3,0.0,0.0,0.0
5,3,0.0,0.0,0.0
5,3,0.0,0.0,0.0
5,3,0.0,0.0,0.0
5,3,0.0,0.0,0.0
5,3,0.0,0.0,0.0
5,3,0.0,0.0,30.360000000000003
5,3,0.0,0.0,0.0
5,3,0.0,0.0,0.0
5,3,0.0,0.0,0.0
5,3,0.0,0.0,0.0
5,3,0.0,0.0,0.0
5,3,0.0,0.0,0.0
5,3,0.0,0.0,0.0
5,3,0.0,0.0,0.0
5,3,0.0,0.0,0.0
5,3,0.0,0.0,0.0
5,3,0.0,0.0,0.0
5,3,0.0,0.0,0.0
5,3,0.0,0.0,0.0
5,3,0.0,0.0,0.0
5,3,0.0,0.0,47.52
5,3,0.0,0.0,0.0
5,3,0.0,0.0,0.0
5,3,0.0,0.0,0.0
5,3,0.0,0.0,0.0
5,3,0.0,0.0,0.0
5,3,0.0,0.0,0.0
5,3,0.0,0.0,0.0
5,3,0.0,0.0,0.0
5,3,0.0,0.0,0.0
5,3,0.0,0.0,0.0
5,3,0.0,0.0,0.0
5,3,0.0,0.0,0.0
5,3,0.0,0.0,0.0
5,3,0.0,0.0,0.0
5,3,0.0,0.0,0.0
5,3,0.0,0.0,0.0
5,3,0.0,0.0,0.0
5,3,0.0,0.0,0.0
5,3,0.0,0.0,0.0
5,3,0.0,0.0,0.0
5,3,0.0,0.0,0.0
5,3,0.0,0.0,0.0
5,3,0.0,0.0,0.0
5,3,0.0,0.0,0.0
5,3,0.0,0.0,0.0
5,3,0.0,0.0,0.0
5,3,0.0,0.0,0.0
5,3,0.0,0.0,0.0
5,3,0.0,0.0,0.0
5,3,0.0,0.0,0.0
5,3,0.0,0.0,0.0
5,3,0.0,0.0,0.0
5,3,0.0,0.0,0.0
5,3,0.0,0.0,0.0
5,3,0.0,0.0,0.0
5,3,0.0,0.0,0.0
5,3,0.0,0.0,0.0
5,3,0.0,0.0,0.0
5,3,0.0,0.0,0.0
5,3,0.0,0.0,0.0
5,3,0.0,0.0,0.0
5,3,0.0,0.0,0.0
5,3,0.0,0.0,0.0
5,3,0.0,0.0,0.0
5,3,0.0,0.0,0.0
5,3,0.0,0.0,0.0
5,3,0.0,0.0,0.0
5,3,0.0,0.0,0.0
5,3,0.0,0.0,0.0
5,3,0.0,0.0,0.0
5,3,0.0,0.0,0.0
5,3,0.0,0.0,0.0
5,3,0.0,0.0,0.0
5,3,0.0,0.0,0.0
5,3,0.0,0.0,43.56
5,3,0.0,0.0,0.0
5,3,0.0,0.0,0.0
5,3,0.0,0.0,0.0
5,3,0.0,0.0,0.0
5,3,0.0,0.0,0.0
5,3,0.0,0.0,0.0
5,3,0.0,0.0,0.0
5,3,0.0,0.0,0.0
5,3,0.0,0.0,0.0
5,3,0.0,0.0,0.0
5,3,0.0,0.0,0.0
5,3,0.0,0.0,0.0
5,3,0.0,0.0,0.0
5,3,0.0,0.0,0.0
5,3,0.0,0.0,0.0
5,3,0.0,0.0,0.0
5,3,0.0,0.0,0.0
5,3,0.0,0.0,0.0
5,3,0.0,0.0,0.0
5,3,0.0,0.0,0.0
5,3,0.0,0.0,0.0
5,3,0.0,0.0,0.0
5,3,0.0,0.0,0.0
5,3,0.0,0.0,0.0
5,3,0.0,0.0,0.0
5,3,0.0,0.0,30.360000000000003
5,3,0.0,0.0,0.0
5,3,0.0,0.0,0.0
5,3,0.0,0.0,0.0
5,3,0.0,0.0,0.0
5,3,0.0,0.0,0.0
5,3,0.0,0.0,0.0
5,3,0.0,0.0,0.0
5,3,0.0,0.0,0.0
5,3,0.0,0.0,0.0
5,3,0.0,0.0,0.0
5,3,0.0,0.0,0.0
5,3,0.0,0.0,0.0
5,3,0.0,0.0,0.0
5,3,0.0,0.0,0.0
5,3,0.0,0.0,0.0
5,3,0.0,0.0,0.0
5,3,0.0,0.0,0.0
5,3,0.0,0.0,0.0
5,3,0.0,0.0,0.0
5,3,0.0,0.0,0.0
5,3,0.0,0.0,0.0
5,3,0.0,0.0,0.0
5,3,0.0,0.0,0.0
5,3,0.0,0.0,0.0
5,3,0.0,0.0,0.0
5,3,0.0,0.0,0.0
5,3,0.0,0.0,0.0
5,3,0.0,0.0,0.0
5,3,0.0,0.0,0.0
5,3,0.0,0.0,0.0
5,3,0.0,0.0,0.0
5,3,0.0,0.0,0.0
5,3,0.0,0.0,0.0
5,3,0.0,0.0,0.0
5,3,0.0,0.0,0.0
5,3,0.0,0.0,0.0
5,3,0.0,0.0,0.0
5,3,0.0,0.0,0.0
5,3,0.0,0.0,0.0
5,3,0.0,0.0,0.0
5,3,0.0,0.0,0.0
5,3,0.0,0.0,0.0
5,3,0.0,0.0,0.0
5,3,0.0,0.0,0.0
5,3,0.0,0.0,0.0
5,3,0.0,0.0,0.0
5,3,0.0,0.0,0.0
5,3,0.0,0.0,0.0
5,3,0.0,0.0,0.0
5,3,0.0,0.0,0.0
5,3,0.0,0.0,0.0
5,3,0.0,0.0,0.0
5,3,0.0,0.0,0.0
5,3,0.0,0.0,0.0
5,3,0.0,0.0,0.0
5,3,0.0,0.0,0.0
5,3,0.0,0.0,0.0
5,3,0.0,0.0,0.0
5,3,0.0,0.0,0.0
5,3,0.0,0.0,0.0
5,3,0.0,0.0,0.0
5,3,0.0,0.0,0.0
5,3,0.0,0.0,0.0
5,3,0.0,0.0,0.0
5,3,0.0,0.0,0.0
5,3,0.0,0.0,0.0
5,3,0.0,0.0,0.0
5,3,0.0,0.0,0.0
5,3,0.0,0.0,0.0
5,3,0.0,0.0,0.0
5,3,0.0,0.0,0.0
5,3,0.0,0.0,0.0
5,3,0.0,0.0,0.0
5,3,0.0,0.0,0.0
5,3,0.0,0.0,0.0
5,3,0.0,0.0,0.0
5,3,0.0,0.0,0.0
5,3,0.0,0.0,0.0
5,3,0.0,0.0,0.0
5,3,0.0,0.0,0.0
5,3,0.0,0.0,0.0
5,3,0.0,0.0,0.0
5,3,0.0,0.0,0.0
5,3,0.0,0.0,0.0
5,3,0.0,0.0,0.0
5,3,0.0,0.0,0.0
5,3,0.0,0.0,0.0
5,3,0.0,0.0,0.0
5,3,0.0,0.0,0.0
5,3,0.0,0.0,0.0
5,3,0.0,0.0,0.0
5,3,0.0,0.0,0.0
5,3,0.0,0.0,0.0
5,3,0.0,0.0,0.0
5,3,0.0,0.0,0.0
5,3,0.0,0.0,0.0
5,3,0.0,0.0,0.0
5,3,0.0,0.0,0.0
5,3,0.0,0.0,0.0
5,3,0.0,0.0,0.0
5,3,0.0,0.0,0.0
5,3,0.0,0.0,0.0
5,3,0.0,0.0,0.0
5,3,0.0,0.0,0.0
5,3,0.0,0.0,0.0
5,3,0.0,0.0,0.0
5,3,0.0,0.0,0.0
5,3,0.0,0.0,0.0
5,3,0.0,0.0,0.0
5,3,0.0,0.0,0.0
5,3,0.0,0.0,0.0
5,3,0.0,0.0,0.0
5,3,0.0,0.0,0.0
5,3,0.0,0.0,0.0
5,3,0.0,0.0,0.0
5,3,0.0,0.0,0.0
5,3,0.0,0.0,0.0
5,3,0.0,0.0,0.0
5,3,0.0,0.0,0.0
5,3,0.0,0.0,0.0
5,3,0.0,0.0,0.0
5,3,0.0,0.0,0.0
5,3,0.0,0.0,0.0
5,3,0.0,0.0,0.0
5,3,0.0,0.0,0.0
5,3,0.0,0.0,0.0
5,3,0.0,0.0,0.0
5,3,0.0,0.0,0.0
5,3,0.0,0.0,0.0
5,3,0.0,0.0,0.0
5,3,0.0,0.0,0.0
5,3,0.0,0.0,0.0
5,3,0.0,0.0,0.0
5,3,0.0,0.0,0.0
5,3,0.0,0.0,0.0
5,3,0.0,0.0,0.0
5,3,0.0,0.0,0.0
5,3,0.0,0.0,0.0
5,3,0.0,0.0,0.0
5,3,0.0,0.0,0.0
5,3,0.0,0.0,0.0
5,3,0.0,0.0,0.0
5,3,0.0,0.0,0.0
5,3,0.0,0.0,0.0
5,3,0.0,0.0,0.0
5,3,0.0,0.0,0.0
5,3,0.0,0.0,0.0
5,3,0.0,0.0,0.0
5,3,0.0,0.0,0.0
5,3,0.0,0.0,0.0
5,3,0.0,0.0,0.0
5,3,0.0,0.0,0.0
5,3,0.0,0.0,0.0
5,3,0.0,0.0,0.0
5,3,0.0,0.0,0.0
5,3,0.0,0.0,0.0
5,3,0.0,0.0,0.0
5,3,0.0,0.0,0.0
5,3,0.0,0.0,0.0
5,3,0.0,0.0,0.0
5,3,0.0,0.0,0.0
5,3,0.0,0.0,0.0
5,3,0.0,0.0,0.0
5,3,0.0,0.0,0.0
5,3,0.0,0.0,0.0
5,3,0.0,0.0,0.0
5,3,0.0,0.0,0.0
5,3,0.0,0.0,0.0
5,3,0.0,0.0,0.0
5,3,0.0,0.0,0.0
5,3,0.0,0.0,0.0
5,3,0.0,0.0,0.0
5,3,0.0,0.0,0.0
5,3,0.0,0.0,0.0
5,3,0.0,0.0,0.0
5,3,0.0,0.0,0.0
5,3,0.0,0.0,0.0
5,3,0.0,0.0,0.0
5,3,0.0,0.0,0.0
5,3,0.0,0.0,0.0
5,3,0.0,0.0,0.0
5,3,0.0,0.0,0.0
5,3,0.0,0.0,0.0
5,3,0.0,0.0,0.0
5,3,0.0,0.0,0.0
5,3,0.0,0.0,0.0
5,3,0.0,0.0,0.0
5,3,0.0,0.0,0.0
5,3,0.0,0.0,0.0
5,3,0.0,0.0,0.0
5,3,0.0,0.0,0.0
5,3,0.0,0.0,0.0
5,3,0.0,0.0,0.0
5,3,0.0,0.0,0.0
5,3,0.0,0.0,0.0
5,3,0.0,0.0,0.0
5,3,0.0,0.0,0.0
5,3,0.0,0.0,0.0
5,3,0.0,0.0,0.0
5,3,0.0,0.0,0.0
5,3,0.0,0.0,0.0
5,3,0.0,0.0,0.0
5,3,0.0,0.0,0.0
5,3,0.0,0.0,0.0
5,3,0.0,0.0,0.0
5,3,0.0,0.0,0.0
5,3,0.0,0.0,0.0
5,3,0.0,0.0,0.0
5,3,0.0,0.0,0.0
5,3,0.0,0.0,0.0
5,3,0.0,0.0,0.0
5,3,0.0,0.0,0.0
5,3,0.0,0.0,0.0
5,3,0.0,0.0,0.0
5,3,0.0,0.0,0.0
5,3,0.0,0.0,0.0
5,3,0.0,0.0,0.0
5,3,0.0,0.0,0.0
5,3,0.0,0.0,0.0
5,3,0.0,0.0,0.0
5,3,0.0,0.0,0.0
5,3,0.0,0.0,0.0
5,3,0.0,0.0,0.0
5,3,0.0,0.0,0.0
5,3,0.0,0.0,0.0
5,3,0.0,0.0,0.0
5,3,0.0,0.0,0.0
5,3,0.0,0.0,0.0
5,3,0.0,0.0,0.0
5,3,0.0,0.0,0.0
5,3,0.0,0.0,0.0
5,3,0.0,0.0,0.0
5,3,0.0,0.0,0.0
5,3,0.0,0.0,0.0
5,3,0.0,0.0,0.0
5,3,0.0,0.0,0.0
5,3,0.0,0.0,0.0
5,3,0.0,0.0,0.0
5,3,0.0,0.0,0.0
5,3,0.0,0.0,0.0
5,3,0.0,0.0,0.0
5,3,0.0,0.0,0.0
5,3,0.0,0.0,0.0
5,3,0.0,0.0,0.0
5,3,0.0,0.0,0.0
5,3,0.0,0.0,0.0
5,3,0.0,0.0,0.0
5,3,0.0,0.0,0.0
5,3,0.0,0.0,0.0
5,3,0.0,0.0,0.0
5,3,0.0,0.0,0.0
5,3,0.0,0.0,0.0
5,3,0.0,0.0,0.0
5,3,0.0,0.0,0.0
5,3,0.0,0.0,0.0
5,3,0.0,0.0,0.0
5,3,0.0,0.0,0.0
5,3,0.0,0.0,0.0
5,3,0.0,0.0,0.0
5,3,0.0,0.0,0.0
5,3,0.0,0.0,63.36000000000001
5,3,0.0,0.0,0.0
5,3,0.0,0.0,0.0
5,3,0.0,0.0,0.0
5,3,0.0,0.0,0.0
5,3,0.0,0.0,0.0
5,3,0.0,0.0,0.0
5,3,0.0,0.0,0.0
5,3,0.0,0.0,0.0
5,3,0.0,0.0,0.0
5,3,0.0,0.0,0.0
5,3,0.0,0.0,0.0
5,3,0.0,0.0,0.0
5,3,0.0,0.0,0.0
5,3,0.0,0.0,0.0
5,3,0.0,0.0,0.0
5,3,0.0,0.0,0.0
5,3,0.0,0.0,0.0
5,3,0.0,0.0,0.0
5,3,0.0,0.0,0.0
5,3,0.0,0.0,0.0
5,3,0.0,0.0,0.0
5,3,0.0,0.0,0.0
5,3,0.0,0.0,0.0
5,3,0.0,0.0,0.0
5,3,0.0,0.0,0.0
5,3,0.0,0.0,0.0
5,3,0.0,0.0,0.0
5,3,0.0,0.0,0.0
5,3,0.0,0.0,0.0
5,3,0.0,0.0,0.0
5,3,0.0,0.0,0.0
5,3,0.0,0.0,0.0
5,3,0.0,0.0,0.0
5,3,0.0,0.0,0.0
5,3,0.0,0.0,0.0
5,3,0.0,0.0,0.0
5,3,0.0,0.0,0.0
5,3,0.0,0.0,0.0
5,3,0.0,0.0,0.0
5,3,0.0,0.0,0.0
5,3,0.0,0.0,0.0
5,3,0.0,0.0,0.0
5,3,0.0,0.0,0.0
5,3,0.0,0.0,0.0
5,3,0.0,0.0,0.0
5,3,0.0,0.0,0.0
5,3,0.0,0.0,0.0
5,3,0.0,0.0,0.0
5,3,0.0,0.0,0.0
5,3,0.0,0.0,0.0
5,3,0.0,0.0,0.0
5,3,0.0,0.0,0.0
5,3,0.0,0.0,0.0
5,3,0.0,0.0,0.0
5,3,0.0,0.0,0.0
5,3,0.0,0.0,0.0
5,3,0.0,0.0,0.0
5,3,0.0,0.0,0.0
5,3,0.0,0.0,0.0
5,3,0.0,0.0,0.0
5,3,0.0,0.0,0.0
5,3,0.0,0.0,0.0
5,3,0.0,0.0,0.0
5,3,0.0,0.0,0.0
5,3,0.0,0.0,0.0
5,3,0.0,0.0,0.0
5,3,0.0,0.0,0.0
5,3,0.0,0.0,0.0
5,3,0.0,0.0,0.0
5,3,0.0,0.0,0.0
5,3,0.0,0.0,0.0
5,3,0.0,0.0,0.0
5,3,0.0,0.0,0.0
5,3,0.0,0.0,0.0
5,3,0.0,0.0,0.0
5,3,0.0,0.0,0.0
5,3,0.0,0.0,0.0
5,3,0.0,0.0,0.0
5,3,0.0,0.0,0.0
5,3,0.0,0.0,0.0
5,3,0.0,0.0,0.0
5,3,0.0,0.0,0.0
5,3,0.0,0.0,0.0
5,3,0.0,0.0,0.0
5,3,0.0,0.0,0.0
5,3,0.0,0.0,0.0
5,3,0.0,0.0,0.0
5,3,0.0,0.0,0.0
5,3,0.0,0.0,0.0
5,3,0.0,0.0,0.0
5,3,0.0,0.0,0.0
5,3,0.0,0.0,0.0
5,3,0.0,0.0,0.0
5,3,0.0,0.0,0.0
5,3,0.0,0.0,0.0
5,3,0.0,0.0,0.0
5,3,0.0,0.0,0.0
5,3,0.0,0.0,0.0
5,3,0.0,0.0,0.0
5,3,0.0,0.0,0.0
5,3,0.0,0.0,0.0
5,3,0.0,0.0,0.0
5,3,0.0,0.0,0.0
5,3,0.0,0.0,0.0
5,3,0.0,0.0,0.0
5,3,0.0,0.0,0.0
5,3,0.0,0.0,0.0
5,3,0.0,0.0,0.0
5,3,0.0,0.0,0.0
5,3,0.0,0.0,0.0
5,3,0.0,0.0,0.0
5,3,0.0,0.0,0.0
5,3,0.0,0.0,0.0
5,3,0.0,0.0,0.0
5,3,0.0,0.0,0.0
5,3,0.0,0.0,0.0
5,3,0.0,0.0,0.0
5,3,0.0,0.0,0.0
5,3,0.0,0.0,0.0
5,3,0.0,0.0,0.0
5,3,0.0,0.0,0.0
5,3,0.0,0.0,0.0
5,3,0.0,0.0,0.0
5,3,0.0,0.0,0.0
5,3,0.0,0.0,0.0
5,3,0.0,0.0,0.0
5,3,0.0,0.0,0.0
5,3,0.0,0.0,0.0
5,3,0.0,0.0,0.0
5,3,0.0,0.0,0.0
5,3,0.0,0.0,0.0
5,3,0.0,0.0,0.0
5,3,0.0,0.0,0.0
5,3,0.0,0.0,0.0
5,3,0.0,0.0,0.0
5,3,0.0,0.0,0.0
5,3,0.0,0.0,0.0
5,3,0.0,0.0,0.0
5,3,0.0,0.0,0.0
5,3,0.0,0.0,0.0
5,3,0.0,0.0,0.0
5,3,0.0,0.0,0.0
5,3,0.0,0.0,0.0
5,3,0.0,0.0,0.0
5,3,0.0,0.0,0.0
5,3,0.0,0.0,0.0
5,3,0.0,0.0,0.0
5,3,0.0,0.0,0.0
5,3,0.0,0.0,0.0
5,3,0.0,0.0,0.0
5,3,0.0,0.0,0.0
5,3,0.0,0.0,0.0
5,3,0.0,0.0,0.0
5,3,0.0,0.0,0.0
5,3,0.0,0.0,0.0
5,3,0.0,0.0,0.0
5,3,0.0,0.0,0.0
5,3,0.0,0.0,0.0
5,3,0.0,0.0,0.0
5,3,0.0,0.0,0.0
5,3,0.0,0.0,0.0
5,3,0.0,0.0,0.0
5,3,0.0,0.0,0.0
5,3,0.0,0.0,0.0
5,3,0.0,0.0,0.0
5,3,0.0,0.0,0.0
5,3,0.0,0.0,0.0
5,3,0.0,0.0,0.0
5,3,0.0,0.0,0.0
5,3,0.0,0.0,0.0
5,3,0.0,0.0,0.0
5,3,0.0,0.0,0.0
5,3,0.0,0.0,0.0
5,3,0.0,0.0,0.0
5,3,0.0,0.0,0.0
5,3,0.0,0.0,0.0
5,3,0.0,0.0,0.0
5,3,0.0,0.0,0.0
5,3,0.0,0.0,0.0
5,3,0.0,0.0,0.0
5,3,0.0,0.0,0.0
5,3,0.0,0.0,0.0
5,3,0.0,0.0,0.0
5,3,0.0,0.0,0.0
5,3,0.0,0.0,0.0
5,3,0.0,0.0,0.0
5,3,0.0,0.0,0.0
5,3,0.0,0.0,0.0
5,3,0.0,0.0,0.0
5,3,0.0,0.0,0.0
5,3,0.0,0.0,0.0
5,3,0.0,0.0,0.0
5,3,0.0,0.0,0.0
5,3,0.0,0.0,0.0
5,3,0.0,0.0,0.0
5,3,0.0,0.0,0.0
5,3,0.0,0.0,0.0
5,3,0.0,0.0,0.0
5,3,0.0,0.0,0.0
5,3,0.0,0.0,0.0
5,3,0.0,0.0,0.0
5,3,0.0,0.0,0.0
5,3,0.0,0.0,0.0
5,3,0.0,0.0,0.0
5,3,0.0,0.0,0.0
5,3,0.0,0.0,0.0
5,3,0.0,0.0,0.0
5,3,0.0,0.0,0.0
5,3,0.0,0.0,0.0
5,3,0.0,0.0,0.0
5,3,0.0,0.0,0.0
5,3,0.0,0.0,0.0
5,3,0.0,0.0,0.0
5,3,0.0,0.0,0.0
5,3,0.0,0.0,0.0
5,3,0.0,0.0,62.040000000000006
5,3,0.0,0.0,0.0
5,3,0.0,0.0,0.0
5,3,0.0,0.0,0.0
5,3,0.0,0.0,0.0
5,3,0.0,0.0,43.56
5,3,0.0,0.0,0.0
5,3,0.0,0.0,0.0
5,3,0.0,0.0,0.0
5,3,0.0,0.0,0.0
5,3,0.0,0.0,0.0
5,3,0.0,0.0,0.0
5,3,0.0,0.0,0.0
5,3,0.0,0.0,0.0
5,3,0.0,0.0,0.0
5,3,0.0,0.0,0.0
5,3,0.0,0.0,0.0
5,3,0.0,0.0,0.0
5,3,0.0,0.0,0.0
5,3,0.0,0.0,0.0
5,3,0.0,0.0,0.0
5,3,0.0,0.0,0.0
5,3,0.0,0.0,0.0
5,3,0.0,0.0,0.0
5,3,0.0,0.0,0.0
5,3,0.0,0.0,0.0
5,3,0.0,0.0,0.0
5,3,0.0,0.0,0.0
5,3,0.0,0.0,0.0
5,3,0.0,0.0,0.0
5,3,0.0,0.0,0.0
5,3,0.0,0.0,0.0
5,3,0.0,0.0,0.0
5,3,0.0,0.0,0.0
5,3,0.0,0.0,0.0
5,3,0.0,0.0,0.0
5,3,0.0,0.0,0.0
5,3,0.0,0.0,0.0
5,3,0.0,0.0,0.0
5,3,0.0,0.0,0.0
5,3,0.0,0.0,0.0
5,3,0.0,0.0,0.0
5,3,0.0,0.0,0.0
5,3,0.0,0.0,0.0
5,3,0.0,0.0,0.0
5,3,0.0,0.0,0.0
5,3,0.0,0.0,0.0
5,3,0.0,0.0,0.0
5,3,0.0,0.0,0.0
5,3,0.0,0.0,0.0
5,3,0.0,0.0,0.0
5,3,0.0,0.0,0.0
5,3,0.0,0.0,0.0
5,3,0.0,0.0,0.0
5,3,0.0,0.0,0.0
5,3,0.0,0.0,0.0
5,3,0.0,0.0,0.0
5,3,0.0,0.0,0.0
5,3,0.0,0.0,0.0
5,3,0.0,0.0,0.0
5,3,0.0,0.0,0.0
5,3,0.0,0.0,0.0
5,3,0.0,0.0,0.0
5,3,0.0,0.0,0.0
5,3,0.0,0.0,0.0
5,3,0.0,0.0,0.0
5,3,0.0,0.0,0.0
5,3,0.0,0.0,0.0
5,3,0.0,0.0,0.0
5,3,0.0,0.0,0.0
5,3,0.0,0.0,0.0
5,3,0.0,0.0,0.0
5,3,0.0,0.0,0.0
5,3,0.0,0.0,0.0
5,3,0.0,0.0,0.0
5,3,0.0,0.0,0.0
5,3,0.0,0.0,0.0
5,3,0.0,0.0,0.0
5,3,0.0,0.0,0.0
5,3,0.0,0.0,0.0
5,3,0.0,0.0,0.0
5,3,0.0,0.0,0.0
5,3,0.0,0.0,0.0
5,3,0.0,0.0,0.0
5,3,0.0,0.0,0.0
5,3,0.0,0.0,0.0
5,3,0.0,0.0,0.0
5,3,0.0,0.0,0.0
5,3,0.0,0.0,0.0
5,3,0.0,0.0,0.0
5,3,0.0,0.0,11.88
5,3,0.0,0.0,0.0
5,3,0.0,0.0,0.0
5,3,0.0,0.0,0.0
5,3,0.0,0.0,0.0
5,3,0.0,0.0,0.0
5,3,0.0,0.0,0.0
5,3,0.0,0.0,0.0
5,3,0.0,0.0,0.0
5,3,0.0,0.0,0.0
5,3,0.0,0.0,0.0
5,3,0.0,0.0,0.0
5,3,0.0,0.0,0.0
5,3,0.0,0.0,0.0
5,3,0.0,0.0,0.0
5,3,0.0,0.0,0.0
5,3,0.0,0.0,0.0
5,3,0.0,0.0,0.0
5,3,0.0,0.0,0.0
5,3,0.0,0.0,0.0
5,3,0.0,0.0,0.0
5,3,0.0,0.0,0.0
5,3,0.0,0.0,0.0
5,3,0.0,0.0,0.0
5,3,0.0,0.0,0.0
5,3,0.0,0.0,0.0
5,3,0.0,0.0,0.0
5,3,0.0,0.0,0.0
5,3,0.0,0.0,0.0
5,3,0.0,0.0,0.0
5,3,0.0,0.0,0.0
5,3,0.0,0.0,0.0
5,3,0.0,0.0,0.0
5,3,0.0,0.0,0.0
5,3,0.0,0.0,0.0
5,3,0.0,0.0,0.0
5,3,0.0,0.0,0.0
5,3,0.0,0.0,0.0
5,3,0.0,0.0,0.0
5,3,0.0,0.0,0.0
5,3,0.0,0.0,0.0
5,3,0.0,0.0,0.0
5,3,0.0,0.0,0.0
5,3,0.0,0.0,0.0
5,3,0.0,0.0,0.0
5,3,0.0,0.0,0.0
5,3,0.0,0.0,0.0
5,3,0.0,0.0,0.0
5,3,0.0,0.0,0.0
5,3,0.0,0.0,0.0
5,3,0.0,0.0,0.0
5,3,0.0,0.24460872423354907,14.520000000000001
5,3,0.0,0.0,0.0
5,3,0.0,0.0,0.0
5,3,0.0,0.0,0.0
5,3,0.0,0.0,0.0
5,3,0.0,0.0,0.0
5,3,0.0,0.0,0.0
5,3,0.0,0.0,0.0
5,3,0.0,0.0,0.0
5,3,0.0,0.0,0.0
5,3,0.0,0.0,0.0
5,3,0.0,0.0,0.0
5,3,0.0,0.0,0.0
5,3,0.0,0.0,0.0
5,3,0.0,0.0,0.0
5,3,0.0,0.0,0.0
5,3,0.0,0.0,0.0
5,3,0.0,0.0,0.0
5,3,0.0,0.0,0.0
5,3,0.0,0.0,0.0
5,3,0.0,0.0,0.0
5,3,0.0,0.0,0.0
5,3,0.0,0.0,0.0
5,3,0.0,0.0,0.0
5,3,0.0,0.0,0.0
5,3,0.0,0.0,0.0
5,3,0.0,0.0,0.0
5,3,0.0,0.0,0.0
5,3,0.0,0.0,0.0
5,3,0.0,0.0,0.0
5,3,0.0,0.0,0.0
5,3,0.0,0.0,0.0
5,3,0.0,0.0,0.0
5,3,0.0,0.0,0.0
5,3,0.0,0.0,0.0
5,3,0.0,0.0,0.0
5,3,0.0,0.0,0.0
5,3,0.0,0.0,0.0
5,3,0.0,0.0,0.0
5,3,0.0,0.0,0.0
5,3,0.0,0.0,0.0
5,3,0.0,0.0,0.0
5,3,0.0,0.0,0.0
5,3,0.0,0.0,0.0
5,3,0.0,0.0,0.0
5,3,0.0,0.0,0.0
5,3,0.0,0.0,0.0
5,3,0.0,0.0,0.0
5,3,0.0,0.0,0.0
5,3,0.0,0.0,0.0
5,3,0.0,0.0,0.0
5,3,0.0,0.0,0.0
5,3,0.0,0.0,0.0
5,3,0.0,0.0,0.0
5,3,0.0,0.0,0.0
5,3,0.0,0.0,0.0
5,3,0.0,0.0,0.0
5,3,0.0,0.0,0.0
5,3,0.0,0.0,0.0
5,3,0.0,0.0,0.0
5,3,0.0,0.0,0.0
5,3,0.0,0.0,0.0
5,3,0.0,0.0,0.0
5,3,0.0,0.0,0.0
5,3,0.0,0.0,0.0
5,3,0.0,0.0,0.0
5,3,0.0,0.0,0.0
5,3,0.0,0.0,0.0
5,3,0.0,0.0,0.0
5,3,0.0,0.0,0.0
5,3,0.0,0.0,0.0
5,3,0.0,0.0,0.0
5,3,0.0,0.0,0.0
5,3,0.0,0.0,0.0
5,3,0.0,0.0,0.0
5,3,0.0,0.0,0.0
5,3,0.0,0.0,0.0
5,3,0.0,0.0,0.0
5,3,0.0,0.0,0.0
5,3,0.0,0.0,0.0
5,3,0.0,0.0,0.0
5,3,0.0,0.0,0.0
5,3,0.0,0.0,0.0
5,3,0.0,0.0,0.0
5,3,0.0,0.0,0.0
5,3,0.0,0.0,0.0
5,3,0.0,0.0,0.0
5,3,0.0,0.0,0.0
5,3,0.0,0.0,0.0
5,3,0.0,0.0,0.0
5,3,0.0,0.0,0.0
5,3,0.0,0.0,0.0
5,3,0.0,0.0,0.0
5,3,0.0,0.0,0.0
5,3,0.0,0.0,0.0
5,3,0.0,0.0,0.0
5,3,0.0,0.0,0.0
5,3,0.0,0.0,0.0
5,3,0.0,0.0,0.0
5,3,0.0,0.0,0.0
5,3,0.0,0.0,0.0
5,3,0.0,0.0,0.0
5,3,0.0,0.0,0.0
5,3,0.0,0.0,0.0
5,3,0.0,0.0,0.0
5,3,0.0,0.0,0.0
5,3,0.0,0.0,0.0
5,3,0.0,0.0,0.0
5,3,0.0,0.0,0.0
5,3,0.0,0.0,0.0
5,3,0.0,0.0,0.0
5,3,0.0,0.0,0.0
5,3,0.0,0.0,0.0
5,3,0.0,0.0,0.0
5,3,0.0,0.0,0.0
5,3,0.0,0.0,0.0
5,3,0.0,0.0,0.0
5,3,0.0,0.0,0.0
5,3,0.0,0.0,0.0
5,3,0.0,0.0,0.0
5,3,0.0,0.0,0.0
5,3,0.0,0.0,0.0
5,3,0.0,0.0,0.0
5,3,0.0,0.0,0.0
5,3,0.0,0.0,0.0
5,3,0.0,0.0,0.0
5,3,0.0,0.0,0.0
5,3,0.0,0.0,0.0
5,3,0.0,0.0,0.0
5,3,0.0,0.0,0.0
5,3,0.0,0.0,0.0
5,3,0.0,0.0,0.0
5,3,0.0,0.0,0.0
5,3,0.0,0.0,0.0
5,3,0.0,0.0,0.0
5,3,0.0,0.0,0.0
5,3,0.0,0.0,0.0
5,3,0.0,0.0,0.0
5,3,0.0,0.0,0.0
5,3,0.0,0.0,0.0
5,3,0.0,0.0,0.0
5,3,0.0,0.0,0.0
5,3,0.0,0.0,0.0
5,3,0.0,0.0,0.0
5,3,0.0,0.0,0.0
5,3,0.0,0.0,0.0
5,3,0.0,0.0,0.0
5,3,0.0,0.0,0.0
5,3,0.0,0.0,0.0
5,3,0.0,0.0,0.0
5,3,0.0,0.0,0.0
5,3,0.0,0.0,0.0
5,3,0.0,0.0,0.0
5,3,0.0,0.0,0.0
5,3,0.0,0.0,0.0
5,3,0.0,0.0,0.0
5,3,0.0,0.0,0.0
5,3,0.0,0.0,0.0
5,3,0.0,0.0,0.0
5,3,0.0,0.0,0.0
5,3,0.0,0.0,0.0
5,3,0.0,0.0,0.0
5,3,0.0,0.0,0.0
5,3,0.0,0.0,0.0
5,3,0.0,0.0,0.0
5,3,0.0,0.0,0.0
5,3,0.0,0.0,0.0
5,3,0.0,0.0,0.0
5,3,0.0,0.0,0.0
5,3,0.0,0.0,0.0
5,3,0.0,0.0,0.0
5,3,0.0,0.0,0.0
5,3,0.0,0.0,0.0
5,3,0.0,0.0,0.0
5,3,0.0,0.0,0.0
5,3,0.0,0.0,0.0
5,3,0.0,0.0,0.0
5,3,0.0,0.0,0.0
5,3,0.0,0.0,0.0
5,3,0.0,0.0,0.0
5,3,0.0,0.0,0.0
5,3,0.0,0.0,0.0
5,3,0.0,0.0,0.0
5,3,0.0,0.0,0.0
5,3,0.0,0.0,0.0
5,3,0.0,0.0,0.0
5,3,0.0,0.0,0.0
5,3,0.0,0.0,0.0
5,3,0.0,0.0,0.0
5,3,0.0,0.0,0.0
5,3,0.0,0.0,0.0
5,3,0.0,0.0,0.0
5,3,0.0,0.0,0.0
5,3,0.0,0.0,0.0
5,3,0.0,0.0,0.0
5,3,0.0,0.0,0.0
5,3,0.0,0.0,0.0
5,3,0.0,0.0,0.0
5,3,0.0,0.0,0.0
5,3,0.0,0.0,0.0
5,3,0.0,0.0,0.0
5,3,0.0,0.0,0.0
5,3,0.0,0.0,0.0
5,3,0.0,0.0,0.0
5,3,0.0,0.0,0.0
5,3,0.0,0.0,0.0
5,3,0.0,0.0,0.0
5,3,0.0,0.0,14.520000000000001
5,3,0.0,0.0,0.0
5,3,0.0,0.0,0.0
5,3,0.0,0.0,0.0
5,3,0.0,0.0,0.0
5,3,0.0,0.0,0.0
5,3,0.0,0.0,0.0
5,3,0.0,0.0,0.0
5,3,0.0,0.0,0.0
5,3,0.0,0.0,0.0
5,3,0.0,0.0,0.0
5,3,0.0,0.0,0.0
5,3,0.0,0.0,0.0
5,3,0.0,0.0,0.0
5,3,0.0,0.0,0.0
5,3,0.0,0.0,0.0
5,3,0.0,0.0,0.0
5,3,0.0,0.0,0.0
5,3,0.0,0.0,0.0
5,3,0.0,0.0,0.0
5,3,0.0,0.0,0.0
5,3,0.0,0.0,0.0
5,3,0.0,0.0,0.0
5,3,0.0,0.0,0.0
5,3,0.0,0.0,0.0
5,3,0.0,0.0,0.0
5,3,0.0,0.0,0.0
5,3,0.0,0.0,0.0
5,3,0.0,0.0,0.0
5,3,0.0,0.0,0.0
5,3,0.0,0.0,0.0
5,3,0.0,0.0,0.0
5,3,0.0,0.0,0.0
5,3,0.0,0.0,0.0
5,3,0.0,0.0,0.0
5,3,0.0,0.0,0.0
5,3,0.0,0.0,0.0
5,3,0.0,0.0,0.0
5,3,0.0,0.0,0.0
5,3,0.0,0.0,0.0
5,3,0.0,0.0,0.0
5,3,0.0,0.0,0.0
5,3,0.0,0.0,0.0
5,3,0.0,0.0,0.0
5,3,0.0,0.0,0.0
5,3,0.0,0.0,0.0
5,3,0.0,0.0,0.0
5,3,0.0,0.0,0.0
5,3,0.0,0.0,0.0
5,3,0.0,0.0,0.0
5,3,0.0,0.0,0.0
5,3,0.0,0.0,0.0
5,3,0.0,0.0,0.0
5,3,0.0,0.0,0.0
5,3,0.0,0.0,0.0
5,3,0.0,0.0,0.0
5,3,0.0,0.0,0.0
5,3,0.0,0.0,0.0
5,3,0.0,0.0,0.0
5,3,0.0,0.0,0.0
5,3,0.0,0.0,0.0
5,3,0.0,0.0,0.0
5,3,0.0,0.0,0.0
5,3,0.0,0.0,0.0
5,3,0.0,0.0,0.0
5,3,0.0,0.0,0.0
5,3,0.0,0.0,0.0
5,3,0.0,0.0,0.0
5,3,0.0,0.0,0.0
5,3,0.0,0.0,0.0
5,3,0.0,0.0,0.0
5,3,0.0,0.0,0.0
5,3,0.0,0.0,0.0
5,3,0.0,0.0,0.0
5,3,0.0,0.0,0.0
5,3,0.0,0.0,0.0
5,3,0.0,0.0,0.0
5,3,0.0,0.0,0.0
5,3,0.0,0.0,0.0
5,3,0.0,0.0,0.0
5,3,0.0,0.0,0.0
5,3,0.0,0.0,0.0
5,3,0.0,0.0,0.0
5,3,0.0,0.0,0.0
5,3,0.0,0.0,0.0
5,3,0.0,0.0,0.0
5,3,0.0,0.0,0.0
5,3,0.0,0.0,0.0
5,3,0.0,0.0,0.0
5,3,0.0,0.0,0.0
5,3,0.0,0.0,0.0
5,3,0.0,0.0,0.0
5,3,0.0,0.0,0.0
5,3,0.0,0.0,0.0
5,3,0.0,0.0,0.0
5,3,0.0,0.0,0.0
5,3,0.0,0.0,0.0
5,3,0.0,0.0,0.0
5,3,0.0,0.0,0.0
5,3,0.0,0.0,0.0
5,3,0.0,0.0,0.0
5,3,0.0,0.0,0.0
5,3,0.0,0.0,0.0
5,3,0.0,0.0,0.0
5,3,0.0,0.0,0.0
5,3,0.0,0.0,0.0
5,3,0.0,0.0,0.0
5,3,0.0,0.0,0.0
5,3,0.0,0.0,0.0
5,3,0.0,0.0,0.0
5,3,0.0,0.0,0.0
5,3,0.0,0.0,0.0
5,3,0.0,0.0,0.0
5,3,0.0,0.0,0.0
5,3,0.0,0.0,0.0
5,3,0.0,0.0,0.0
5,3,0.0,0.0,0.0
5,3,0.0,0.0,0.0
5,3,0.0,0.0,0.0
5,3,0.0,0.0,0.0
5,3,0.0,0.0,0.0
5,3,0.0,0.0,0.0
5,3,0.0,0.0,0.0
5,3,0.0,0.0,0.0
5,3,0.0,0.0,0.0
5,3,0.0,0.0,0.0
5,3,0.0,0.0,0.0
5,3,0.0,0.0,9.24
5,3,0.0,0.0,0.0
5,3,0.0,0.0,0.0
5,3,0.0,0.0,0.0
5,3,0.0,0.0,0.0
5,3,0.0,0.0,0.0
5,3,0.0,0.0,0.0
5,3,0.0,0.0,0.0
5,3,0.0,0.0,0.0
5,3,0.0,0.0,0.0
5,3,0.0,0.0,0.0
5,3,0.0,0.0,0.0
5,3,0.0,0.0,0.0
5,3,0.0,0.0,0.0
5,3,0.0,0.0,0.0
5,3,0.0,0.0,0.0
5,3,0.0,0.0,0.0
5,3,0.0,0.0,0.0
5,3,0.0,0.0,0.0
5,3,0.0,0.0,0.0
5,3,0.0,0.0,0.0
5,3,0.0,0.0,0.0
5,3,0.0,0.0,0.0
5,3,0.0,0.0,0.0
5,3,0.0,0.0,0.0
5,3,0.0,0.0,0.0
5,3,0.0,0.0,0.0
5,3,0.0,0.0,0.0
5,3,0.0,0.0,0.0
5,3,0.0,0.0,0.0
5,3,0.0,0.0,0.0
5,3,0.0,0.0,0.0
5,3,0.0,0.0,0.0
5,3,0.0,0.0,0.0
5,3,0.0,0.0,0.0
5,3,0.0,0.0,0.0
5,3,0.0,0.0,0.0
5,3,0.0,0.0,0.0
5,3,0.0,0.0,0.0
5,3,0.0,0.0,0.0
5,3,0.0,0.0,0.0
5,3,0.0,0.0,0.0
5,3,0.0,0.0,0.0
5,3,0.0,0.0,0.0
5,3,0.0,0.0,0.0
5,3,0.0,0.0,0.0
5,3,0.0,0.0,0.0
5,3,0.0,0.0,0.0
5,3,0.0,0.0,0.0
5,3,0.0,0.0,0.0
5,3,0.0,0.0,0.0
5,3,0.0,0.0,0.0
5,3,0.0,0.0,0.0
5,3,0.0,0.0,0.0
5,3,0.0,0.0,0.0
5,3,0.0,0.0,0.0
5,3,0.0,0.0,0.0
5,3,0.0,0.0,0.0
5,3,0.0,0.0,0.0
5,3,0.0,0.0,0.0
5,3,0.0,0.0,0.0
5,3,0.0,0.0,0.0
5,3,0.0,0.0,0.0
5,3,0.0,0.0,0.0
5,3,0.0,0.0,0.0
5,3,0.0,0.0,0.0
5,3,0.0,0.0,0.0
5,3,0.0,0.0,0.0
5,3,0.0,0.0,0.0
5,3,0.0,0.0,0.0
5,3,0.0,0.0,0.0
5,3,0.0,0.0,0.0
5,3,0.0,0.0,0.0
5,3,0.0,0.0,0.0
5,3,0.0,0.0,0.0
5,3,0.0,0.0,0.0
5,3,0.0,0.0,0.0
5,3,0.0,0.0,0.0
5,3,0.0,0.0,0.0
5,3,0.0,0.0,0.0
5,3,0.0,0.0,0.0
5,3,0.0,0.0,0.0
5,3,0.0,0.0,0.0
5,3,0.0,0.0,0.0
5,3,0.0,0.0,0.0
5,3,0.0,0.0,0.0
5,3,0.0,0.0,0.0
5,3,0.0,0.0,0.0
5,3,0.0,0.0,0.0
5,3,0.0,0.0,0.0
5,3,0.0,0.0,0.0
5,3,0.0,0.0,0.0
5,3,0.0,0.0,0.0
5,3,0.0,0.0,0.0
5,3,0.0,0.0,0.0
5,3,0.0,0.0,0.0
5,3,0.0,0.0,0.0
5,3,0.0,0.0,0.0
5,3,0.0,0.0,0.0
5,3,0.0,0.0,0.0
5,3,0.0,0.0,0.0
5,3,0.0,0.0,0.0
5,3,0.0,0.0,0.0
5,3,0.0,0.0,0.0
5,3,0.0,0.0,0.0
5,3,0.0,0.0,0.0
5,3,0.0,0.0,0.0
5,3,0.0,0.0,0.0
5,3,0.0,0.0,0.0
5,3,0.0,0.0,0.0
5,3,0.0,0.0,0.0
5,3,0.0,0.0,0.0
5,3,0.0,0.0,0.0
5,3,0.0,0.0,0.0
5,3,0.0,0.0,0.0
5,3,0.0,0.0,0.0
5,3,0.0,0.0,0.0
5,3,0.0,0.0,0.0
5,3,0.0,0.0,0.0
5,3,0.0,0.0,0.0
5,3,0.0,0.0,0.0
5,3,0.0,0.0,0.0
5,3,0.0,0.0,0.0
5,3,0.0,0.0,0.0
5,3,0.0,0.0,0.0
5,3,0.0,0.0,0.0
5,3,0.0,0.0,0.0
5,3,0.0,0.0,0.0
5,3,0.0,0.0,0.0
5,3,0.0,0.0,0.0
5,3,0.0,0.0,0.0
5,3,0.0,0.0,0.0
5,3,0.0,0.0,0.0
5,3,0.0,0.0,0.0
5,3,0.0,0.0,0.0
5,3,0.0,0.0,0.0
5,3,0.0,0.0,0.0
5,3,0.0,0.0,0.0
5,3,0.0,0.0,0.0
5,3,0.0,0.0,0.0
5,3,0.0,0.0,0.0
5,3,0.0,0.0,0.0
5,3,0.0,0.0,0.0
5,3,0.0,0.0,0.0
5,3,0.0,0.0,0.0
5,3,0.0,0.0,0.0
5,3,0.0,0.0,0.0
5,3,0.0,0.0,0.0
5,3,0.0,0.0,0.0
5,3,0.0,0.0,0.0
5,3,0.0,0.0,0.0
5,3,0.0,0.0,0.0
5,3,0.0,0.0,0.0
5,3,0.0,0.0,0.0
5,3,0.0,0.0,0.0
5,3,0.0,0.0,0.0
5,3,0.0,0.0,0.0
5,3,0.0,0.0,0.0
5,3,0.0,0.0,0.0
5,3,0.0,0.0,0.0
5,3,0.0,0.0,0.0
5,3,0.0,0.0,0.0
5,3,0.0,0.0,0.0
5,3,0.0,0.0,0.0
5,3,0.0,0.0,0.0
5,3,0.0,0.0,0.0
5,3,0.0,0.0,0.0
5,3,0.0,0.0,0.0
5,3,0.0,0.0,0.0
5,3,0.0,0.0,0.0
5,3,0.0,0.0,0.0
5,3,0.0,0.0,0.0
5,3,0.0,0.0,0.0
5,3,0.0,0.0,0.0
5,3,0.0,0.0,0.0
5,3,0.0,0.0,0.0
5,3,0.0,0.0,0.0
5,3,0.0,0.0,0.0
5,3,0.0,0.0,0.0
5,3,0.0,0.0,0.0
5,3,0.0,0.0,0.0
5,3,0.0,0.0,0.0
5,3,0.0,0.0,0.0
5,3,0.0,0.0,0.0
5,3,0.0,0.0,0.0
5,3,0.0,0.0,0.0
5,3,0.0,0.0,0.0
5,3,0.0,0.0,0.0
5,3,0.0,0.0,0.0
5,3,0.0,0.0,0.0
5,3,0.0,0.0,0.0
5,3,0.0,0.0,0.0
5,3,0.0,0.0,0.0
5,3,0.0,0.0,0.0
5,3,0.0,0.0,0.0
5,3,0.0,0.0,0.0
5,3,0.0,0.0,0.0
5,3,0.0,0.0,0.0
5,3,0.0,0.0,0.0
5,3,0.0,0.0,0.0
5,3,0.0,0.0,0.0
5,3,0.0,0.0,0.0
5,3,0.0,0.0,0.0
5,3,0.0,0.0,0.0
5,3,0.0,0.0,0.0
5,3,0.0,0.0,0.0
5,3,0.0,0.0,0.0
5,3,0.0,0.0,0.0
5,3,0.0,0.0,0.0
5,3,0.0,0.0,0.0
5,3,0.0,0.0,0.0
5,3,0.0,0.0,0.0
5,3,0.0,0.0,0.0
5,3,0.0,0.0,0.0
5,3,0.0,0.0,0.0
5,3,0.0,0.0,0.0
5,3,0.0,0.0,0.0
5,3,0.0,0.0,0.0
5,3,0.0,0.0,0.0
5,3,0.0,0.0,0.0
5,3,0.0,0.0,0.0
5,3,0.0,0.0,0.0
5,3,0.0,0.0,0.0
5,3,0.0,0.0,0.0
5,3,0.0,0.0,0.0
5,3,0.0,0.0,0.0
5,3,0.0,0.0,0.0
5,3,0.0,0.0,0.0
5,3,0.0,0.0,0.0
5,3,0.0,0.0,0.0
5,3,0.0,0.0,0.0
5,3,0.0,0.0,0.0
5,3,0.0,0.0,0.0
5,3,0.0,0.0,0.0
5,3,0.0,0.0,0.0
5,3,0.0,0.0,0.0
5,3,0.0,0.0,0.0
5,3,0.0,0.0,0.0
5,3,0.0,0.0,0.0
5,3,0.0,0.0,0.0
5,3,0.0,0.0,0.0
5,3,0.0,0.0,0.0
5,3,0.0,0.0,0.0
5,3,0.0,0.0,0.0
5,3,0.0,0.0,0.0
5,3,0.0,0.0,0.0
5,3,0.0,0.0,0.0
5,3,0.0,0.0,0.0
5,3,0.0,0.0,0.0
5,3,0.0,0.0,0.0
5,3,0.0,0.0,0.0
5,3,0.0,0.0,0.0
5,3,0.0,0.0,0.0
5,3,0.0,0.0,0.0
5,3,0.0,0.0,0.0
5,3,0.0,0.0,0.0
5,3,0.0,0.0,0.0
5,3,0.0,0.0,0.0
5,3,0.0,0.0,0.0
5,3,0.0,0.0,0.0
5,3,0.0,0.0,0.0
5,3,0.0,0.0,0.0
5,3,0.0,0.0,0.0
5,3,0.0,0.0,0.0
5,3,0.0,0.0,0.0
5,3,0.0,0.0,0.0
5,3,0.0,0.0,0.0
5,3,0.0,0.0,0.0
5,3,0.0,0.0,0.0
5,3,0.0,0.0,0.0
5,3,0.0,0.0,0.0
5,3,0.0,0.0,0.0
5,3,0.0,0.0,0.0
5,3,0.0,0.0,0.0
5,3,0.0,0.0,0.0
5,3,0.0,0.0,0.0
5,3,0.0,0.0,0.0
5,3,0.0,0.0,0.0
5,3,0.0,0.0,0.0
5,3,0.0,0.0,0.0
5,3,0.0,0.0,0.0
5,3,0.0,0.0,0.0
5,3,0.0,0.0,0.0
5,3,0.0,0.0,0.0
5,3,0.0,0.0,0.0
5,3,0.0,0.0,0.0
5,3,0.0,0.0,0.0
5,3,0.0,0.0,0.0
5,3,0.0,0.0,0.0
5,3,0.0,0.0,0.0
5,3,0.0,0.0,0.0
5,3,0.0,0.0,0.0
5,3,0.0,0.0,0.0
5,3,0.0,0.0,0.0
5,3,0.0,0.0,0.0
5,3,0.0,0.0,0.0
5,3,0.0,0.0,0.0
5,3,0.0,0.0,0.0
5,3,0.0,0.0,0.0
5,3,0.0,0.0,0.0
5,3,0.0,0.0,0.0
5,3,0.0,0.0,0.0
5,3,0.0,0.0,0.0
5,3,0.0,0.0,0.0
5,3,0.0,0.0,0.0
5,3,0.0,0.0,0.0
5,3,0.0,0.0,0.0
5,3,0.0,0.0,0.0
5,3,0.0,0.0,0.0
5,3,0.0,0.0,0.0
5,3,0.0,0.0,0.0
5,3,0.0,0.0,0.0
5,3,0.0,0.0,0.0
5,3,0.0,0.0,0.0
5,3,0.0,0.0,0.0
5,3,0.0,0.0,0.0
5,3,0.0,0.0,0.0
5,3,0.0,0.0,0.0
5,3,0.0,0.0,0.0
5,3,0.0,0.0,0.0
5,3,0.0,0.0,0.0
5,3,0.0,0.0,0.0
5,3,0.0,0.0,0.0
5,3,0.0,0.0,0.0
5,3,0.0,0.0,0.0
5,3,0.0,0.0,0.0
5,3,0.0,0.0,0.0
5,3,0.0,0.0,0.0
5,3,0.0,0.0,0.0
5,3,0.0,0.0,0.0
5,3,0.0,0.0,0.0
5,3,0.0,0.0,0.0
5,3,0.0,0.0,0.0
5,3,0.0,0.0,0.0
5,3,0.0,0.0,0.0
5,3,0.0,0.0,0.0
5,3,0.0,0.0,0.0
5,3,0.0,0.0,0.0
5,3,0.0,0.0,0.0
5,3,0.0,0.0,0.0
5,3,0.0,0.0,0.0
5,3,0.0,0.0,0.0
5,3,0.0,0.0,0.0
5,3,0.0,0.0,0.0
5,3,0.0,0.0,0.0
5,3,0.0,0.0,0.0
5,3,0.0,0.0,0.0
5,3,0.0,0.0,0.0
5,3,0.0,0.0,0.0
5,3,0.0,0.0,0.0
5,3,0.0,0.0,0.0
5,3,0.0,0.0,0.0
5,3,0.0,0.0,0.0
5,3,0.0,0.0,0.0
5,3,0.0,0.0,0.0
5,3,0.0,0.0,0.0
5,3,0.0,0.0,0.0
5,3,0.0,0.0,0.0
5,3,0.0,0.0,0.0
5,3,0.0,0.0,0.0
5,3,0.0,0.0,0.0
5,3,0.0,0.0,0.0
5,3,0.0,0.0,0.0
5,3,0.0,0.0,0.0
5,3,0.0,0.0,0.0
5,3,0.0,0.0,0.0
5,3,0.0,0.0,0.0
5,3,0.0,0.0,0.0
5,3,0.0,0.0,0.0
5,3,0.0,0.0,0.0
5,3,0.0,0.0,0.0
5,3,0.0,0.0,0.0
5,3,0.0,0.0,0.0
5,3,0.0,0.0,0.0
5,3,0.0,0.0,0.0
5,3,0.0,0.0,0.0
5,3,0.0,0.0,0.0
5,3,0.0,0.0,0.0
5,3,0.0,0.0,0.0
5,3,0.0,0.0,0.0
5,3,0.0,0.0,0.0
5,3,0.0,0.0,0.0
5,3,0.0,0.0,0.0
5,3,0.0,0.0,0.0
5,3,0.0,0.0,0.0
5,3,0.0,0.0,0.0
5,3,0.0,0.0,0.0
5,3,0.0,0.0,0.0
5,3,0.0,0.0,0.0
5,3,0.0,0.0,0.0
5,3,0.0,0.0,0.0
5,3,0.0,0.0,0.0
5,3,0.0,0.0,0.0
5,3,0.0,0.0,0.0
5,3,0.0,0.0,0.0
5,3,0.0,0.0,0.0
5,3,0.0,0.0,0.0
5,3,0.0,0.0,0.0
5,3,0.0,0.0,0.0
5,3,0.0,0.0,0.0
5,3,0.0,0.0,0.0
5,3,0.0,0.0,0.0
5,3,0.0,0.0,0.0
5,3,0.0,0.0,0.0
5,3,0.0,0.0,0.0
5,3,0.0,0.0,0.0
5,3,0.0,0.0,0.0
5,3,0.0,0.0,0.0
5,3,0.0,0.0,0.0
5,3,0.0,0.0,0.0
5,3,0.0,0.0,0.0
5,3,0.0,0.0,0.0
5,3,0.0,0.0,0.0
5,3,0.0,0.0,0.0
5,3,0.0,0.0,0.0
5,3,0.0,0.0,0.0
5,3,0.0,0.0,0.0
5,3,0.0,0.0,0.0
5,3,0.0,0.0,0.0
5,3,0.0,0.0,0.0
5,3,0.0,0.0,0.0
5,3,0.0,0.0,0.0
5,3,0.0,0.0,0.0
5,3,0.0,0.0,0.0
5,3,0.0,0.0,0.0
5,3,0.0,0.0,0.0
5,3,0.0,0.0,0.0
5,3,0.0,0.0,0.0
5,3,0.0,0.0,0.0
5,3,0.0,0.0,0.0
5,3,0.0,0.0,0.0
5,3,0.0,0.0,0.0
5,3,0.0,0.0,0.0
5,3,0.0,0.0,0.0
5,3,0.0,0.0,0.0
5,3,0.0,0.0,0.0
5,3,0.0,0.0,0.0
5,3,0.0,0.0,0.0
5,3,0.0,0.0,0.0
5,3,0.0,0.0,0.0
5,3,0.0,0.0,0.0
5,3,0.0,0.0,0.0
5,3,0.0,0.0,0.0
5,3,0.0,0.0,0.0
5,3,0.0,0.0,0.0
5,3,0.0,0.0,0.0
5,3,0.0,0.0,0.0
5,3,0.0,0.0,0.0
5,3,0.0,0.0,0.0
5,3,0.0,0.0,0.0
5,3,0.0,0.0,0.0
5,3,0.0,0.0,0.0
5,3,0.0,0.0,0.0
5,3,0.0,0.0,0.0
5,3,0.0,0.0,0.0
5,3,0.0,0.0,0.0
5,3,0.0,0.0,0.0
5,3,0.0,0.0,0.0
5,3,0.0,0.0,0.0
5,3,0.0,0.0,0.0
5,3,0.0,0.0,0.0
5,3,0.0,0.0,0.0
5,3,0.0,0.0,0.0
5,3,0.0,0.0,0.0
5,3,0.0,0.0,0.0
5,3,0.0,0.0,0.0
5,3,0.0,0.0,0.0
5,3,0.0,0.0,0.0
5,3,0.0,0.0,0.0
5,3,0.0,0.0,0.0
5,3,0.0,0.0,0.0
5,3,0.0,0.0,0.0
5,3,0.0,0.0,0.0
5,3,0.0,0.0,0.0
5,3,0.0,0.0,0.0
5,3,0.0,0.0,0.0
5,3,0.0,0.0,0.0
5,3,0.0,0.0,0.0
5,3,0.0,0.0,0.0
5,3,0.0,0.0,0.0
5,3,0.0,0.0,0.0
5,3,0.0,0.0,0.0
5,3,0.0,0.0,0.0
5,3,0.0,0.0,0.0
5,3,0.0,0.0,0.0
5,3,0.0,0.0,0.0
5,3,0.0,0.0,0.0
5,3,0.0,0.0,0.0
5,3,0.0,0.0,0.0
5,3,0.0,0.0,0.0
5,3,0.0,0.0,0.0
5,3,0.0,0.0,0.0
5,3,0.0,0.0,0.0
5,3,0.0,0.0,0.0
5,3,0.0,0.0,0.0
5,3,0.0,0.0,0.0
5,3,0.0,0.0,0.0
5,3,0.0,0.0,0.0
5,3,0.0,0.0,0.0
5,3,0.0,0.0,0.0
5,3,0.0,0.0,0.0
5,3,0.0,0.0,0.0
5,3,0.0,0.0,0.0
5,3,0.0,0.0,0.0
5,3,0.0,0.0,0.0
5,3,0.0,0.0,0.0
5,3,0.0,0.0,0.0
5,3,0.0,0.0,0.0
5,3,0.0,0.0,0.0
5,3,0.0,0.0,0.0
5,3,0.0,0.0,0.0
5,3,0.0,0.0,0.0
5,3,0.0,0.0,0.0
5,3,0.0,0.0,0.0
5,3,0.0,0.0,0.0
5,3,0.0,0.0,0.0
5,3,0.0,0.0,0.0
5,3,0.0,0.0,0.0
5,3,0.0,0.0,0.0
5,3,0.0,0.0,0.0
5,3,0.0,0.0,0.0
5,3,0.0,0.0,0.0
5,3,0.0,0.0,0.0
5,3,0.0,0.0,0.0
5,3,0.0,0.0,0.0
5,3,0.0,0.0,0.0
5,3,0.0,0.0,0.0
5,3,0.0,0.0,0.0
5,3,0.0,0.0,0.0
5,3,0.0,0.0,0.0
5,3,0.0,0.0,0.0
5,3,0.0,0.0,0.0
5,3,0.0,0.0,0.0
5,3,0.0,0.0,0.0
5,3,0.0,0.0,0.0
5,3,0.0,0.0,0.0
5,3,0.0,0.0,0.0
5,3,0.0,0.0,0.0
5,3,0.0,0.0,0.0
5,3,0.0,0.0,0.0
5,3,0.0,0.0,0.0
5,3,0.0,0.0,0.0
5,3,0.0,0.0,0.0
5,3,0.0,0.0,0.0
5,3,0.0,0.0,0.0
5,3,0.0,0.0,0.0
5,3,0.0,0.0,0.0
5,3,0.0,0.0,0.0
5,3,0.0,0.0,0.0
5,3,0.0,0.0,0.0
5,3,0.0,0.0,0.0
5,3,0.0,0.0,0.0
5,3,0.0,0.0,0.0
5,3,0.0,0.0,0.0
5,3,0.0,0.0,0.0
5,3,0.0,0.0,0.0
5,3,0.0,0.0,0.0
5,3,0.0,0.0,0.0
5,3,0.0,0.0,0.0
5,3,0.0,0.0,0.0
5,3,0.0,0.0,0.0
5,3,0.0,0.0,0.0
5,3,0.0,0.0,0.0
5,3,0.0,0.0,0.0
5,3,0.0,0.0,0.0
5,3,0.0,0.0,0.0
5,3,0.0,0.0,0.0
5,3,0.0,0.0,0.0
5,3,0.0,0.0,0.0
5,3,0.0,0.0,0.0
5,3,0.0,0.0,0.0
5,3,0.0,0.0,0.0
5,3,0.0,0.0,0.0
5,3,0.0,0.0,0.0
5,3,0.0,0.0,0.0
5,3,0.0,0.0,0.0
5,3,0.0,0.0,0.0
5,3,0.0,0.0,0.0
5,3,0.0,0.0,0.0
5,3,0.0,0.0,0.0
5,3,0.0,0.0,0.0
5,3,0.0,0.0,0.0
5,3,0.0,0.0,0.0
5,3,0.0,0.0,0.0
5,3,0.0,0.0,0.0
5,3,0.0,0.0,0.0
5,3,0.0,0.0,0.0
5,3,0.0,0.0,0.0
5,3,0.0,0.0,0.0
5,3,0.0,0.0,0.0
5,3,0.0,0.0,0.0
5,3,0.0,0.0,0.0
5,3,0.0,0.0,0.0
5,3,0.0,0.0,0.0
5,3,0.0,0.0,0.0
5,3,0.0,0.0,60.720000000000006
5,3,0.0,0.0,0.0
5,3,0.0,0.0,0.0
5,3,0.0,0.0,0.0
5,3,0.0,0.0,31.680000000000003
5,3,0.0,0.0,0.0
5,3,0.0,0.0,0.0
5,3,0.0,0.0,0.0
5,3,0.0,0.0,0.0
5,3,0.0,0.0,0.0
5,3,0.0,0.0,0.0
5,3,0.0,0.0,0.0
5,3,0.0,0.0,0.0
5,3,0.0,0.0,0.0
5,3,0.0,0.0,0.0
5,3,0.0,0.0,0.0
5,3,0.0,0.0,0.0
5,3,0.0,0.0,0.0
5,3,0.0,0.0,0.0
5,3,0.0,0.0,0.0
5,3,0.0,0.0,0.0
5,3,0.0,0.0,0.0
5,3,0.0,0.0,0.0
5,3,0.0,0.0,0.0
5,3,0.0,0.0,0.0
5,3,0.0,0.0,0.0
5,3,0.0,0.0,0.0
5,3,0.0,0.0,0.0
5,3,0.0,0.0,0.0
5,3,0.0,0.0,0.0
5,3,0.0,0.0,0.0
5,3,0.0,0.0,0.0
5,3,0.0,0.0,0.0
5,3,0.0,0.0,0.0
5,3,0.0,0.0,0.0
5,3,0.0,0.0,0.0
5,3,0.0,0.0,0.0
5,3,0.0,0.0,0.0
5,3,0.0,0.0,0.0
5,3,0.0,0.0,0.0
5,3,0.0,0.0,0.0
5,3,0.0,0.0,0.0
5,3,0.0,0.0,0.0
5,3,0.0,0.0,0.0
5,3,0.0,0.0,0.0
5,3,0.0,0.0,0.0
5,3,0.0,0.0,0.0
5,3,0.0,0.0,0.0
5,3,0.0,0.0,0.0
5,3,0.0,0.0,0.0
5,3,0.0,0.0,0.0
5,3,0.0,0.0,0.0
5,3,0.0,0.0,0.0
5,3,0.0,0.0,0.0
5,3,0.0,0.0,0.0
5,3,0.0,0.0,0.0
5,3,0.0,0.0,0.0
5,3,0.0,0.0,0.0
5,3,0.0,0.0,0.0
5,3,0.0,0.0,0.0
5,3,0.0,0.0,0.0
5,3,0.0,0.0,0.0
5,3,0.0,0.0,0.0
5,3,0.0,0.0,0.0
5,3,0.0,0.0,0.0
5,3,0.0,0.0,0.0
5,3,0.0,0.0,0.0
5,3,0.0,0.0,0.0
5,3,0.0,0.0,0.0
5,3,0.0,0.0,0.0
5,3,0.0,0.0,0.0
5,3,0.0,0.0,0.0
5,3,0.0,0.0,0.0
5,3,0.0,0.0,0.0
5,3,0.0,0.0,0.0
5,3,0.0,0.0,0.0
5,3,0.0,0.0,0.0
5,3,0.0,0.0,0.0
5,3,0.0,0.0,0.0
5,3,0.0,0.0,0.0
5,3,0.0,0.0,0.0
5,3,0.0,0.0,0.0
5,3,0.0,0.0,0.0
5,3,0.0,0.0,0.0
5,3,0.0,0.0,0.0
5,3,0.0,0.0,0.0
5,3,0.0,0.0,0.0
5,3,0.0,0.0,0.0
5,3,0.0,0.0,0.0
5,3,0.0,0.0,0.0
5,3,0.0,0.0,0.0
5,3,0.0,0.0,0.0
5,3,0.0,0.0,0.0
5,3,0.0,0.0,66.0
5,3,0.0,0.0,0.0
5,3,0.0,0.0,0.0
5,3,0.0,0.0,0.0
5,3,0.0,0.0,0.0
5,3,0.0,0.0,0.0
5,3,0.0,0.0,0.0
5,3,0.0,0.0,0.0
5,3,0.0,0.0,0.0
5,3,0.0,0.0,0.0
5,3,0.0,0.0,0.0
5,3,0.0,0.0,0.0
5,3,0.0,0.0,0.0
5,3,0.0,0.0,0.0
5,3,0.0,0.0,0.0
5,3,0.0,0.0,0.0
5,3,0.0,0.0,0.0
5,3,0.0,0.0,0.0
5,3,0.0,0.0,0.0
5,3,0.0,0.0,0.0
5,3,0.0,0.0,0.0
5,3,0.0,0.0,0.0
5,3,0.0,0.0,0.0
5,3,0.0,0.0,0.0
5,3,0.0,0.0,0.0
5,3,0.0,0.0,0.0
5,3,0.0,0.0,0.0
5,3,0.0,0.0,0.0
5,3,0.0,0.0,0.0
5,3,0.0,0.0,0.0
5,3,0.0,0.0,0.0
5,3,0.0,0.0,0.0
5,3,0.0,0.0,0.0
5,3,0.0,0.0,0.0
5,3,0.0,0.0,0.0
5,3,0.0,0.0,0.0
5,3,0.0,0.0,0.0
5,3,0.0,0.0,0.0
5,3,0.0,0.0,0.0
5,3,0.0,0.0,0.0
5,3,0.0,0.0,0.0
5,3,0.0,0.0,0.0
5,3,0.0,0.0,0.0
5,3,0.0,0.0,0.0
5,3,0.0,0.0,0.0
5,3,0.0,0.0,0.0
5,3,0.0,0.0,0.0
5,3,0.0,0.0,0.0
5,3,0.0,0.0,0.0
5,3,0.0,0.0,0.0
5,3,0.0,0.0,0.0
5,3,0.0,0.0,0.0
5,3,0.0,0.0,0.0
5,3,0.0,0.0,0.0
5,3,0.0,0.0,0.0
5,3,0.0,0.0,0.0
5,3,0.0,0.0,0.0
5,3,0.0,0.0,0.0
5,3,0.0,0.0,0.0
5,3,0.0,0.0,0.0
5,3,0.0,0.0,0.0
5,3,0.0,0.0,0.0
5,3,0.0,0.0,0.0
5,3,0.0,0.0,0.0
5,3,0.0,0.0,0.0
5,3,0.0,0.0,0.0
5,3,0.0,0.0,0.0
5,3,0.0,0.0,0.0
5,3,0.0,0.0,0.0
5,3,0.0,0.0,0.0
5,3,0.0,0.0,0.0
5,3,0.0,0.0,0.0
5,3,0.0,0.0,0.0
5,3,0.0,0.0,0.0
5,3,0.0,0.0,0.0
5,3,0.0,0.0,0.0
5,3,0.0,0.0,0.0
5,3,0.0,0.0,0.0
5,3,0.0,0.0,0.0
5,3,0.0,0.0,0.0
5,3,0.0,0.0,0.0
5,3,0.0,0.0,0.0
5,3,0.0,0.0,0.0
5,3,0.0,0.0,0.0
5,3,0.0,0.0,0.0
5,3,0.0,0.0,0.0
5,3,0.0,0.0,0.0
5,3,0.0,0.0,0.0
5,3,0.0,0.0,0.0
5,3,0.0,0.0,0.0
5,3,0.0,0.0,0.0
5,3,0.0,0.0,0.0
5,3,0.0,0.0,0.0
5,3,0.0,0.0,0.0
5,3,0.0,0.0,0.0
5,3,0.0,0.0,0.0
5,3,0.0,0.0,0.0
5,3,0.0,0.0,0.0
5,3,0.0,0.0,0.0
5,3,0.0,0.0,0.0
5,3,0.0,0.0,0.0
5,3,0.0,0.0,0.0
5,3,0.0,0.0,0.0
5,3,0.0,0.0,0.0
5,3,0.0,0.0,0.0
5,3,0.0,0.0,0.0
5,3,0.0,0.0,0.0
5,3,0.0,0.0,0.0
5,3,0.0,0.0,0.0
5,3,0.0,0.0,0.0
5,3,0.0,0.0,0.0
5,3,0.0,0.0,0.0
5,3,0.0,0.0,0.0
5,3,0.0,0.0,0.0
5,3,0.0,0.0,0.0
5,3,0.0,0.0,0.0
5,3,0.0,0.0,0.0
5,3,0.0,0.0,0.0
5,3,0.0,0.0,0.0
5,3,0.0,0.0,0.0
5,3,0.0,0.0,0.0
5,3,0.0,0.0,0.0
5,3,0.0,0.0,0.0
5,3,0.0,0.0,0.0
5,3,0.0,0.0,0.0
5,3,0.0,0.0,0.0
5,3,0.0,0.0,0.0
5,3,0.0,0.0,0.0
5,3,0.0,0.0,0.0
5,3,0.0,0.0,0.0
5,3,0.0,0.0,0.0
5,3,0.0,0.0,0.0
5,3,0.0,0.0,0.0
5,3,0.0,0.0,0.0
5,3,0.0,0.0,0.0
5,3,0.0,0.0,0.0
5,3,0.0,0.0,0.0
5,3,0.0,0.0,0.0
5,3,0.0,0.0,0.0
5,3,0.0,0.0,0.0
5,3,0.0,0.0,0.0
5,3,0.0,0.0,0.0
5,3,0.0,0.0,0.0
5,3,0.0,0.0,0.0
5,3,0.0,0.0,0.0
5,3,0.0,0.0,0.0
5,3,0.0,0.0,0.0
5,3,0.0,0.0,0.0
5,3,0.0,0.0,39.6
5,3,0.0,0.0,0.0
5,3,0.0,0.0,30.360000000000003
5,3,0.0,0.0,0.0
5,3,0.0,0.0,0.0
5,3,0.0,0.0,0.0
5,3,0.0,0.0,0.0
5,3,0.0,0.0,0.0
5,3,0.0,0.0,0.0
5,3,0.0,0.0,0.0
5,3,0.0,0.0,0.0
5,3,0.0,0.0,0.0
5,3,0.0,0.0,0.0
5,3,0.0,0.0,0.0
5,3,0.0,0.0,0.0
5,3,0.0,0.0,0.0
5,3,0.0,0.0,0.0
5,3,0.0,0.0,0.0
5,3,0.0,0.0,0.0
5,3,0.0,0.0,0.0
5,3,0.0,0.0,0.0
5,3,0.0,0.0,0.0
5,3,0.0,0.0,0.0
5,3,0.0,0.0,0.0
5,3,0.0,0.0,0.0
5,3,0.0,0.0,0.0
5,3,0.0,0.0,0.0
5,3,0.0,0.0,0.0
5,3,0.0,0.0,0.0
5,3,0.0,0.0,0.0
5,3,0.0,0.0,0.0
5,3,0.0,0.0,0.0
5,3,0.0,0.0,0.0
5,3,0.0,0.0,0.0
5,3,0.0,0.0,0.0
5,3,0.0,0.0,0.0
5,3,0.0,0.0,0.0
5,3,0.0,0.0,0.0
5,3,0.0,0.0,0.0
5,3,0.0,0.0,0.0
5,3,0.0,0.0,0.0
5,3,0.0,0.0,60.720000000000006
5,3,0.0,0.0,0.0
5,3,0.0,0.0,0.0
5,3,0.0,0.0,0.0
5,3,0.0,0.0,0.0
5,3,0.0,0.0,0.0
5,3,0.0,0.0,0.0
5,3,0.0,0.0,0.0
5,3,0.0,0.0,0.0
5,3,0.0,0.0,0.0
5,3,0.0,0.0,0.0
5,3,0.0,0.0,0.0
5,3,0.0,0.0,0.0
5,3,0.0,0.0,0.0
5,3,0.0,0.0,0.0
5,3,0.0,0.0,0.0
5,3,0.0,0.0,0.0
5,3,0.0,0.0,0.0
5,3,0.0,0.0,0.0
5,3,0.0,0.0,0.0
5,3,0.0,0.0,0.0
5,3,0.0,0.0,0.0
5,3,0.0,0.0,0.0
5,3,0.0,0.0,0.0
5,3,0.0,0.0,0.0
5,3,0.0,0.0,0.0
5,3,0.0,0.0,0.0
5,3,0.0,0.0,0.0
5,3,0.0,0.0,0.0
5,3,0.0,0.0,0.0
5,3,0.0,0.0,0.0
5,3,0.0,0.0,0.0
5,3,0.0,0.0,0.0
5,3,0.0,0.0,0.0
5,3,0.0,0.0,0.0
5,3,0.0,0.0,0.0
5,3,0.0,0.0,0.0
5,3,0.0,0.0,0.0
5,3,0.0,0.0,0.0
5,3,0.0,0.0,0.0
5,3,0.0,0.0,0.0
5,3,0.0,0.0,0.0
5,3,0.0,0.0,0.0
5,3,0.0,0.0,0.0
5,3,0.0,0.0,0.0
5,3,0.0,0.0,0.0
5,3,0.0,0.0,0.0
5,3,0.0,0.0,0.0
5,3,0.0,0.0,0.0
5,3,0.0,0.0,0.0
5,3,0.0,0.0,0.0
5,3,0.0,0.0,0.0
5,3,0.0,0.0,0.0
5,3,0.0,0.0,0.0
5,3,0.0,0.0,0.0
5,3,0.0,0.0,0.0
5,3,0.0,0.0,0.0
5,3,0.0,0.0,0.0
5,3,0.0,0.0,0.0
5,3,0.0,0.0,0.0
5,3,0.0,0.0,0.0
5,3,0.0,0.0,0.0
5,3,0.0,0.0,0.0
5,3,0.0,0.0,0.0
5,3,0.0,0.0,0.0
5,3,0.0,0.0,0.0
5,3,0.0,0.0,0.0
5,3,0.0,0.0,0.0
5,3,0.0,0.0,0.0
5,3,0.0,0.0,0.0
5,3,0.0,0.0,0.0
5,3,0.0,0.0,0.0
5,3,0.0,0.0,0.0
5,3,0.0,0.0,0.0
5,3,0.0,0.0,0.0
5,3,0.0,0.0,0.0
5,3,0.0,0.0,0.0
5,3,0.0,0.0,0.0
5,3,0.0,0.0,0.0
5,3,0.0,0.0,0.0
5,3,0.0,0.0,0.0
5,3,0.0,0.0,0.0
5,3,0.0,0.0,0.0
5,3,0.0,0.0,0.0
5,3,0.0,0.0,0.0
5,3,0.0,0.0,0.0
5,3,0.0,0.0,0.0
5,3,0.0,0.0,0.0
5,3,0.0,0.0,0.0
5,3,0.0,0.0,0.0
5,3,0.0,0.0,0.0
5,3,0.0,0.0,0.0
5,3,0.0,0.0,0.0
5,3,0.0,0.0,0.0
5,3,0.0,0.0,0.0
5,3,0.0,0.0,0.0
5,3,0.0,0.0,0.0
5,3,0.0,0.0,0.0
5,3,0.0,0.0,0.0
5,3,0.0,0.0,0.0
5,3,0.0,0.0,0.0
5,3,0.0,0.0,0.0
5,3,0.0,0.0,0.0
5,3,0.0,0.0,0.0
5,3,0.0,0.0,0.0
5,3,0.0,0.0,0.0
5,3,0.0,0.0,0.0
5,3,0.0,0.0,0.0
5,3,0.0,0.0,0.0
5,3,0.0,0.0,0.0
5,3,0.0,0.0,0.0
5,3,0.0,0.0,0.0
5,3,0.0,0.0,0.0
5,3,0.0,0.0,0.0
5,3,0.0,0.0,0.0
5,3,0.0,0.0,0.0
5,3,0.0,0.0,0.0
5,3,0.0,0.0,0.0
5,3,0.0,0.0,0.0
5,3,0.0,0.0,0.0
5,3,0.0,0.0,0.0
5,3,0.0,0.0,0.0
5,3,0.0,0.0,0.0
5,3,0.0,0.0,0.0
5,3,0.0,0.0,0.0
5,3,0.0,0.0,0.0
5,3,0.0,0.0,0.0
5,3,0.0,0.0,0.0
5,3,0.0,0.0,0.0
5,3,0.0,0.0,0.0
5,3,0.0,0.0,0.0
5,3,0.0,0.0,0.0
5,3,0.0,0.0,0.0
5,3,0.0,0.0,0.0
5,3,0.0,0.0,0.0
5,3,0.0,0.0,0.0
5,3,0.0,0.0,0.0
5,3,0.0,0.0,0.0
5,3,0.0,0.0,0.0
5,3,0.0,0.0,0.0
5,3,0.0,0.0,0.0
5,3,0.0,0.0,0.0
5,3,0.0,0.0,0.0
5,3,0.0,0.0,0.0
5,3,0.0,0.0,0.0
5,3,0.0,0.0,0.0
5,3,0.0,0.0,0.0
5,3,0.0,0.0,0.0
5,3,0.0,0.0,0.0
5,3,0.0,0.0,0.0
5,3,0.0,0.0,0.0
5,3,0.0,0.0,0.0
5,3,0.0,0.0,0.0
5,3,0.0,0.0,0.0
5,3,0.0,0.0,0.0
5,3,0.0,0.0,0.0
5,3,0.0,0.0,0.0
5,3,0.0,0.0,0.0
5,3,0.0,0.0,0.0
5,3,0.0,0.0,0.0
5,3,0.0,0.0,0.0
5,3,0.0,0.0,0.0
5,3,0.0,0.0,0.0
5,3,0.0,0.0,0.0
5,3,0.0,0.0,0.0
5,3,0.0,0.0,0.0
5,3,0.0,0.0,0.0
5,3,0.0,0.0,0.0
5,3,0.0,0.0,0.0
5,3,0.0,0.0,0.0
5,3,0.0,0.0,0.0
5,3,0.0,0.0,0.0
5,3,0.0,0.0,0.0
5,3,0.0,0.0,0.0
5,3,0.0,0.0,0.0
5,3,0.0,0.0,0.0
5,3,0.0,0.0,0.0
5,3,0.0,0.0,0.0
5,3,0.0,0.0,0.0
5,3,0.0,0.0,0.0
5,3,0.0,0.0,0.0
5,3,0.0,0.0,0.0
5,3,0.0,0.0,0.0
5,3,0.0,0.0,0.0
5,3,0.0,0.0,0.0
5,3,0.0,0.0,0.0
5,3,0.0,0.0,0.0
5,3,0.0,0.0,0.0
5,3,0.0,0.0,0.0
5,3,0.0,0.0,0.0
5,3,0.0,0.0,0.0
5,3,0.0,0.0,0.0
5,3,0.0,0.0,0.0
5,3,0.0,0.0,0.0
5,3,0.0,0.0,0.0
5,3,0.0,0.0,0.0
5,3,0.0,0.0,62.040000000000006
5,3,0.0,0.0,0.0
5,3,0.0,0.0,0.0
5,3,0.0,0.0,0.0
5,3,0.0,0.0,0.0
5,3,0.0,0.0,0.0
5,3,0.0,0.0,0.0
5,3,0.0,0.0,0.0
5,3,0.0,0.0,0.0
5,3,0.0,0.0,0.0
5,3,0.0,0.0,0.0
5,3,0.0,0.0,0.0
5,3,0.0,0.0,0.0
5,3,0.0,0.0,0.0
5,3,0.0,0.0,0.0
5,3,0.0,0.0,0.0
5,3,0.0,0.0,0.0
5,3,0.0,0.0,0.0
5,3,0.0,0.0,0.0
5,3,0.0,0.0,0.0
5,3,0.0,0.0,0.0
5,3,0.0,0.0,0.0
5,3,0.0,0.0,0.0
5,3,0.0,0.0,0.0
5,3,0.0,0.0,0.0
5,3,0.0,0.0,0.0
5,3,0.0,0.0,0.0
5,3,0.0,0.0,0.0
5,3,0.0,0.0,0.0
5,3,0.0,0.0,0.0
5,3,0.0,0.0,0.0
5,3,0.0,0.0,0.0
5,3,0.0,0.0,0.0
5,3,0.0,0.0,0.0
5,3,0.0,0.0,0.0
5,3,0.0,0.0,0.0
5,3,0.0,0.0,0.0
5,3,0.0,0.0,0.0
5,3,0.0,0.0,0.0
5,3,0.0,0.0,0.0
5,3,0.0,0.0,0.0
5,3,0.0,0.0,0.0
5,3,0.0,0.0,0.0
5,3,0.0,0.0,0.0
5,3,0.0,0.0,0.0
5,3,0.0,0.0,0.0
5,3,0.0,0.0,0.0
5,3,0.0,0.0,0.0
5,3,0.0,0.0,0.0
5,3,0.0,0.0,0.0
5,3,0.0,0.0,0.0
5,3,0.0,0.0,0.0
5,3,0.0,0.0,0.0
5,3,0.0,0.0,0.0
5,3,0.0,0.0,0.0
5,3,0.0,0.0,0.0
5,3,0.0,0.0,0.0
5,3,0.0,0.0,0.0
5,3,0.0,0.0,0.0
5,3,0.0,0.0,0.0
5,3,0.0,0.0,0.0
5,3,0.0,0.0,0.0
5,3,0.0,0.0,0.0
5,3,0.0,0.0,0.0
5,3,0.0,0.0,0.0
5,3,0.0,0.0,0.0
5,3,0.0,0.0,0.0
5,3,0.0,0.0,0.0
5,3,0.0,0.0,0.0
5,3,0.0,0.0,0.0
5,3,0.0,0.0,0.0
5,3,0.0,0.0,0.0
5,3,0.0,0.0,0.0
5,3,0.0,0.0,0.0
5,3,0.0,0.0,0.0
5,3,0.0,0.0,0.0
5,3,0.0,0.0,0.0
5,3,0.0,0.0,0.0
5,3,0.0,0.0,0.0
5,3,0.0,0.0,0.0
5,3,0.0,0.0,0.0
5,3,0.0,0.0,0.0
5,3,0.0,0.0,0.0
5,3,0.0,0.0,0.0
5,3,0.0,0.0,0.0
5,3,0.0,0.0,0.0
5,3,0.0,0.0,0.0
5,3,0.0,0.0,0.0
5,3,0.0,0.0,0.0
5,3,0.0,0.0,0.0
5,3,0.0,0.0,0.0
5,3,0.0,0.0,0.0
5,3,0.0,0.0,0.0
5,3,0.0,0.0,0.0
5,3,0.0,0.0,0.0
5,3,0.0,0.0,0.0
5,3,0.0,0.0,0.0
5,3,0.0,0.0,0.0
5,3,0.0,0.0,0.0
5,3,0.0,0.0,0.0
5,3,0.0,0.0,0.0
5,3,0.0,0.0,0.0
5,3,0.0,0.0,0.0
5,3,0.0,0.0,0.0
5,3,0.0,0.0,0.0
5,3,0.0,0.0,0.0
5,3,0.0,0.0,0.0
5,3,0.0,0.0,0.0
5,3,0.0,0.0,0.0
5,3,0.0,0.0,0.0
5,3,0.0,0.0,0.0
5,3,0.0,0.0,0.0
5,3,0.0,0.0,0.0
5,3,0.0,0.0,0.0
5,3,0.0,0.0,0.0
5,3,0.0,0.0,0.0
5,3,0.0,0.0,0.0
5,3,0.0,0.0,0.0
5,3,0.0,0.0,0.0
5,3,0.0,0.0,0.0
5,3,0.0,0.0,0.0
5,3,0.0,0.0,0.0
5,3,0.0,0.0,0.0
5,3,0.0,0.0,0.0
5,3,0.0,0.0,0.0
5,3,0.0,0.0,0.0
5,3,0.0,0.0,0.0
5,3,0.0,0.0,0.0
5,3,0.0,0.0,0.0
5,3,0.0,0.0,0.0
5,3,0.0,0.0,0.0
5,3,0.0,0.0,0.0
5,3,0.0,0.0,0.0
5,3,0.0,0.0,0.0
5,3,0.0,0.0,0.0
5,3,0.0,0.0,0.0
5,3,0.0,0.0,0.0
5,3,0.0,0.0,0.0
5,3,0.0,0.0,0.0
5,3,0.0,0.0,0.0
5,3,0.0,0.0,0.0
5,3,0.0,0.0,0.0
5,3,0.0,0.0,0.0
5,3,0.0,0.0,0.0
5,3,0.0,0.0,0.0
5,3,0.0,0.0,0.0
5,3,0.0,0.0,0.0
5,3,0.0,0.0,0.0
5,3,0.0,0.0,0.0
5,3,0.0,0.0,0.0
5,3,0.0,0.0,0.0
5,3,0.0,0.0,0.0
5,3,0.0,0.0,0.0
5,3,0.0,0.0,0.0
5,3,0.0,0.0,0.0
5,3,0.0,0.0,0.0
5,3,0.0,0.0,0.0
5,3,0.0,0.0,0.0
5,3,0.0,0.0,0.0
5,3,0.0,0.0,0.0
5,3,0.0,0.0,0.0
5,3,0.0,0.0,0.0
5,3,0.0,0.0,0.0
5,3,0.0,0.0,0.0
5,3,0.0,0.0,0.0
5,3,0.0,0.0,0.0
5,3,0.0,0.0,0.0
5,3,0.0,0.0,0.0
5,3,0.0,0.0,0.0
5,3,0.0,0.0,0.0
5,3,0.0,0.0,0.0
5,3,0.0,0.0,0.0
5,3,0.0,0.0,0.0
5,3,0.0,0.0,0.0
5,3,0.0,0.0,0.0
5,3,0.0,0.0,0.0
5,3,0.0,0.0,0.0
5,3,0.0,0.0,0.0
5,3,0.0,0.0,0.0
5,3,0.0,0.0,0.0
5,3,0.0,0.0,0.0
5,3,0.0,0.0,0.0
5,3,0.0,0.0,0.0
5,3,0.0,0.0,0.0
5,3,0.0,0.0,0.0
5,3,0.0,0.0,0.0
5,3,0.0,0.0,0.0
5,3,0.0,0.0,0.0
5,3,0.0,0.0,0.0
5,3,0.0,0.0,0.0
5,3,0.0,0.0,0.0
5,3,0.0,0.0,0.0
5,3,0.0,0.0,0.0
5,3,0.0,0.0,0.0
5,3,0.0,0.0,0.0
5,3,0.0,0.0,0.0
5,3,0.0,0.0,0.0
5,3,0.0,0.0,0.0
5,3,0.0,0.0,0.0
5,3,0.0,0.0,0.0
5,3,0.0,0.0,0.0
5,3,0.0,0.0,0.0
5,3,0.0,0.0,0.0
5,3,0.0,0.0,0.0
5,3,0.0,0.0,0.0
5,3,0.0,0.0,0.0
5,3,0.0,0.0,0.0
5,3,0.0,0.0,0.0
5,3,0.0,0.0,0.0
5,3,0.0,0.0,0.0
5,3,0.0,0.0,0.0
5,3,0.0,0.0,0.0
5,3,0.0,0.0,0.0
5,3,0.0,0.0,0.0
5,3,0.0,0.0,0.0
5,3,0.0,0.0,0.0
5,3,0.0,0.0,0.0
5,3,0.0,0.0,0.0
5,3,0.0,0.0,0.0
5,3,0.0,0.0,0.0
5,3,0.0,0.0,0.0
5,3,0.0,0.0,0.0
5,3,0.0,0.0,0.0
5,3,0.0,0.0,0.0
5,3,0.0,0.0,0.0
5,3,0.0,0.0,0.0
5,3,0.0,0.0,0.0
5,3,0.0,0.0,0.0
5,3,0.0,0.0,0.0
5,3,0.0,0.0,0.0
5,3,0.0,0.0,0.0
5,3,0.0,0.0,0.0
5,3,0.0,0.0,0.0
5,3,0.0,0.0,0.0
5,3,0.0,0.0,0.0
5,3,0.0,0.0,0.0
5,3,0.0,0.0,0.0
5,3,0.0,0.0,0.0
5,3,0.0,0.0,0.0
5,3,0.0,0.0,0.0
5,3,0.0,0.0,0.0
5,3,0.0,0.0,0.0
5,3,0.0,0.0,0.0
5,3,0.0,0.0,0.0
5,3,0.0,0.0,0.0
5,3,0.0,0.0,0.0
5,3,0.0,0.0,0.0
5,3,0.0,0.0,0.0
5,3,0.0,0.0,0.0
5,3,0.0,0.0,0.0
5,3,0.0,0.0,0.0
5,3,0.0,0.0,0.0
5,3,0.0,0.0,0.0
5,3,0.0,0.0,0.0
5,3,0.0,0.0,0.0
5,3,0.0,0.0,0.0
5,3,0.0,0.0,0.0
5,3,0.0,0.0,0.0
5,3,0.0,0.0,0.0
5,3,0.0,0.0,0.0
5,3,0.0,0.0,0.0
5,3,0.0,0.0,0.0
5,3,0.0,0.0,0.0
5,3,0.0,0.0,0.0
5,3,0.0,0.0,0.0
5,3,0.0,0.0,0.0
5,3,0.0,0.0,0.0
5,3,0.0,0.0,0.0
5,3,0.0,0.0,0.0
5,3,0.0,0.0,0.0
5,3,0.0,0.0,0.0
5,3,0.0,0.0,0.0
5,3,0.0,0.0,0.0
5,3,0.0,0.0,0.0
5,3,0.0,0.0,0.0
5,3,0.0,0.0,0.0
5,3,0.0,0.0,0.0
5,3,0.0,0.0,0.0
5,3,0.0,0.0,0.0
5,3,0.0,0.0,0.0
5,3,0.0,0.0,0.0
5,3,0.0,0.0,0.0
5,3,0.0,0.0,0.0
5,3,0.0,0.0,0.0
5,3,0.0,0.0,0.0
5,3,0.0,0.0,0.0
5,3,0.0,0.0,0.0
5,3,0.0,0.0,0.0
5,3,0.0,0.0,0.0
5,3,0.0,0.0,0.0
5,3,0.0,0.0,0.0
5,3,0.0,0.0,0.0
5,3,0.0,0.0,0.0
5,3,0.0,0.0,0.0
5,3,0.0,0.0,0.0
5,3,0.0,0.0,0.0
5,3,0.0,0.0,0.0
5,3,0.0,0.0,0.0
5,3,0.0,0.0,0.0
5,3,0.0,0.0,0.0
5,3,0.0,0.0,0.0
5,3,0.0,0.0,0.0
5,3,0.0,0.0,0.0
5,3,0.0,0.0,0.0
5,3,0.0,0.0,0.0
5,3,0.0,0.0,0.0
5,3,0.0,0.0,0.0
5,3,0.0,0.0,0.0
5,3,0.0,0.0,0.0
5,3,0.0,0.0,0.0
5,3,0.0,0.0,0.0
5,3,0.0,0.0,0.0
5,3,0.0,0.0,0.0
5,3,0.0,0.0,0.0
5,3,0.0,0.0,0.0
5,3,0.0,0.0,0.0
5,3,0.0,0.0,0.0
5,3,0.0,0.0,0.0
5,3,0.0,0.0,0.0
5,3,0.0,0.0,0.0
5,3,0.0,0.0,0.0
5,3,0.0,0.0,0.0
5,3,0.0,0.0,0.0
5,3,0.0,0.0,0.0
5,3,0.0,0.0,0.0
5,3,0.0,0.0,0.0
5,3,0.0,0.0,0.0
5,3,0.0,0.0,0.0
5,3,0.0,0.0,0.0
5,3,0.0,0.0,0.0
5,3,0.0,0.0,0.0
5,3,0.0,0.0,0.0
5,3,0.0,0.0,0.0
5,3,0.0,0.0,0.0
5,3,0.0,0.0,0.0
5,3,0.0,0.0,0.0
5,3,0.0,0.0,0.0
5,3,0.0,0.0,0.0
5,3,0.0,0.0,0.0
5,3,0.0,0.0,0.0
5,3,0.0,0.0,0.0
5,3,0.0,0.0,0.0
5,3,0.0,0.0,0.0
5,3,0.0,0.0,0.0
5,3,0.0,0.0,0.0
5,3,0.0,0.0,0.0
5,3,0.0,0.0,0.0
5,3,0.0,0.0,0.0
5,3,0.0,0.0,0.0
5,3,0.0,0.0,0.0
5,3,0.0,0.0,0.0
5,3,0.0,0.0,0.0
5,3,0.0,0.0,0.0
5,3,0.0,0.0,0.0
5,3,0.0,0.0,0.0
5,3,0.0,0.0,0.0
5,3,0.0,0.0,0.0
5,3,0.0,0.0,0.0
5,3,0.0,0.0,0.0
5,3,0.0,0.0,0.0
5,3,0.0,0.0,0.0
5,3,0.0,0.0,0.0
5,3,0.0,0.0,0.0
5,3,0.0,0.0,0.0
5,3,0.0,0.0,0.0
5,3,0.0,0.0,0.0
5,3,0.0,0.0,0.0
5,3,0.0,0.0,0.0
5,3,0.0,0.0,0.0
5,3,0.0,0.0,0.0
5,3,0.0,0.0,0.0
5,3,0.0,0.0,0.0
5,3,0.0,0.0,0.0
5,3,0.0,0.0,0.0
5,3,0.0,0.0,0.0
5,3,0.0,0.0,0.0
5,3,0.0,0.0,0.0
5,3,0.0,0.0,0.0
5,3,0.0,0.0,0.0
5,3,0.0,0.0,0.0
5,3,0.0,0.0,0.0
5,3,0.0,0.0,0.0
5,3,0.0,0.0,0.0
5,3,0.0,0.0,0.0
5,3,0.0,0.0,0.0
5,3,0.0,0.0,0.0
5,3,0.0,0.0,0.0
5,3,0.0,0.0,0.0
5,3,0.0,0.0,0.0
5,3,0.0,0.0,0.0
5,3,0.0,0.0,0.0
5,3,0.0,0.0,0.0
5,3,0.0,0.0,0.0
5,3,0.0,0.0,0.0
5,3,0.0,0.0,0.0
5,3,0.0,0.0,0.0
5,3,0.0,0.0,0.0
5,3,0.0,0.0,0.0
5,3,0.0,0.0,0.0
5,3,0.0,0.0,0.0
5,3,0.0,0.0,0.0
5,3,0.0,0.0,0.0
5,3,0.0,0.0,0.0
5,3,0.0,0.0,0.0
5,3,0.0,0.0,0.0
5,3,0.0,0.0,0.0
5,3,0.0,0.0,0.0
5,3,0.0,0.0,0.0
5,3,0.0,0.0,0.0
5,3,0.0,0.0,0.0
5,3,0.0,0.0,0.0
5,3,0.0,0.0,0.0
5,3,0.0,0.0,0.0
5,3,0.0,0.0,0.0
5,3,0.0,0.0,0.0
5,3,0.0,0.0,0.0
5,3,0.0,0.0,0.0
5,3,0.0,0.0,0.0
5,3,0.0,0.0,0.0
5,3,0.0,0.0,0.0
5,3,0.0,0.0,0.0
5,3,0.0,0.0,0.0
5,3,0.0,0.0,0.0
5,3,0.0,0.0,0.0
5,3,0.0,0.0,0.0
5,3,0.0,0.0,0.0
5,3,0.0,0.0,0.0
5,3,0.0,0.0,0.0
5,3,0.0,0.0,0.0
5,3,0.0,0.0,0.0
5,3,0.0,0.0,0.0
5,3,0.0,0.0,0.0
5,3,0.0,0.0,0.0
5,3,0.0,0.0,0.0
5,3,0.0,0.0,0.0
5,3,0.0,0.0,0.0
5,3,0.0,0.0,0.0
5,3,0.0,0.0,0.0
5,3,0.0,0.0,0.0
5,3,0.0,0.0,0.0
5,3,0.0,0.0,0.0
5,3,0.0,0.0,0.0
5,3,0.0,0.0,0.0
5,3,0.0,0.0,0.0
5,3,0.0,0.0,0.0
5,3,0.0,0.0,0.0
5,3,0.0,0.0,0.0
5,3,0.0,0.0,0.0
5,3,0.0,0.0,0.0
5,3,0.0,0.0,0.0
5,3,0.0,0.0,0.0
5,3,0.0,0.0,0.0
5,3,0.0,0.0,0.0
5,3,0.0,0.0,0.0
5,3,0.0,0.0,0.0
5,3,0.0,0.0,0.0
5,3,0.0,0.0,0.0
5,3,0.0,0.0,0.0
5,3,0.0,0.0,0.0
5,3,0.0,0.0,0.0
5,3,0.0,0.0,0.0
5,3,0.0,0.0,0.0
5,3,0.0,0.0,0.0
5,3,0.0,0.0,0.0
5,3,0.0,0.0,0.0
5,3,0.0,0.0,0.0
5,3,0.0,0.0,0.0
5,3,0.0,0.0,0.0
5,3,0.0,0.0,0.0
5,3,0.0,0.0,0.0
5,3,0.0,0.0,0.0
5,3,0.0,0.0,0.0
5,3,0.0,0.0,0.0
5,3,0.0,0.0,0.0
5,3,0.0,0.0,0.0
5,3,0.0,0.0,0.0
5,3,0.0,0.0,0.0
5,3,0.0,0.0,0.0
5,3,0.0,0.0,0.0
5,3,0.0,0.0,0.0
5,3,0.0,0.0,0.0
5,3,0.0,0.0,0.0
5,3,0.0,0.0,0.0
5,3,0.0,0.0,0.0
5,3,0.0,0.0,0.0
5,3,0.0,0.0,0.0
5,3,0.0,0.0,0.0
5,3,0.0,0.0,0.0
5,3,0.0,0.0,0.0
5,3,0.0,0.0,0.0
5,3,0.0,0.0,0.0
5,3,0.0,0.0,0.0
5,3,0.0,0.0,0.0
5,3,0.0,0.0,0.0
5,3,0.0,0.0,0.0
5,3,0.0,0.0,0.0
5,3,0.0,0.0,0.0
5,3,0.0,0.0,0.0
5,3,0.0,0.0,0.0
5,3,0.0,0.0,0.0
5,3,0.0,0.0,0.0
5,3,0.0,0.0,0.0
5,3,0.0,0.0,0.0
5,3,0.0,0.0,0.0
5,3,0.0,0.0,7.920000000000001
5,3,0.0,0.0,0.0
5,3,0.0,0.0,0.0
5,3,0.0,0.0,0.0
5,3,0.0,0.0,0.0
5,3,0.0,0.0,0.0
5,3,0.0,0.0,0.0
5,3,0.0,0.0,0.0
5,3,0.0,0.0,0.0
5,3,0.0,0.0,0.0
5,3,0.0,0.0,0.0
5,3,0.0,0.0,0.0
5,3,0.0,0.0,0.0
5,3,0.0,0.0,0.0
5,3,0.0,0.0,0.0
5,3,0.0,0.0,0.0
5,3,0.0,0.0,0.0
5,3,0.0,0.0,0.0
5,3,0.0,0.0,0.0
5,3,0.0,0.0,0.0
5,3,0.0,0.0,0.0
5,3,0.0,0.0,0.0
5,3,0.0,0.0,0.0
5,3,0.0,0.0,0.0
5,3,0.0,0.0,0.0
5,3,0.0,0.0,0.0
5,3,0.0,0.0,0.0
5,3,0.0,0.0,0.0
5,3,0.0,0.0,0.0
5,3,0.0,0.0,0.0
5,3,0.0,0.0,0.0
5,3,0.0,0.0,0.0
5,3,0.0,0.0,0.0
5,3,0.0,0.0,0.0
5,3,0.0,0.0,0.0
5,3,0.0,0.0,0.0
5,3,0.0,0.0,0.0
5,3,0.0,0.0,0.0
5,3,0.0,0.0,0.0
5,3,0.0,0.0,0.0
5,3,0.0,0.0,0.0
5,3,0.0,0.0,0.0
5,3,0.0,0.0,0.0
5,3,0.0,0.0,0.0
5,3,0.0,0.0,0.0
5,3,0.0,0.0,0.0
5,3,0.0,0.0,0.0
5,3,0.0,0.0,0.0
5,3,0.0,0.0,0.0
5,3,0.0,0.0,0.0
5,3,0.0,0.0,0.0
5,3,0.0,0.0,0.0
5,3,0.0,0.0,0.0
5,3,0.0,0.0,0.0
5,3,0.0,0.0,0.0
5,3,0.0,0.0,0.0
5,3,0.0,0.0,0.0
5,3,0.0,0.0,0.0
5,3,0.0,0.0,0.0
5,3,0.0,0.0,0.0
5,3,0.0,0.0,0.0
5,3,0.0,0.0,0.0
5,3,0.0,0.0,0.0
5,3,0.0,0.0,0.0
5,3,0.0,0.0,0.0
5,3,0.0,0.0,0.0
5,3,0.0,0.0,0.0
5,3,0.0,0.0,0.0
5,3,0.0,0.0,0.0
5,3,0.0,0.0,0.0
5,3,0.0,0.0,0.0
5,3,0.0,0.0,0.0
5,3,0.0,0.0,0.0
5,3,0.0,0.0,0.0
5,3,0.0,0.0,0.0
5,3,0.0,0.0,0.0
5,3,0.0,0.0,0.0
5,3,0.0,0.0,0.0
5,3,0.0,0.0,0.0
5,3,0.0,0.0,0.0
5,3,0.0,0.0,0.0
5,3,0.0,0.0,0.0
5,3,0.0,0.0,0.0
5,3,0.0,0.0,0.0
5,3,0.0,0.0,0.0
5,3,0.0,0.0,0.0
5,3,0.0,0.0,0.0
5,3,0.0,0.0,0.0
5,3,0.0,0.0,0.0
5,3,0.0,0.0,0.0
5,3,0.0,0.0,0.0
5,3,0.0,0.0,0.0
5,3,0.0,0.0,0.0
5,3,0.0,0.0,0.0
5,3,0.0,0.0,0.0
5,3,0.0,0.0,0.0
5,3,0.0,0.0,0.0
5,3,0.0,0.0,0.0
5,3,0.0,0.0,0.0
5,3,0.0,0.0,0.0
5,3,0.0,0.0,0.0
5,3,0.0,0.0,0.0
5,3,0.0,0.0,0.0
5,3,0.0,0.0,0.0
5,3,0.0,0.0,0.0
5,3,0.0,0.0,0.0
5,3,0.0,0.0,0.0
5,3,0.0,0.0,0.0
5,3,0.0,0.0,0.0
5,3,0.0,0.0,0.0
5,3,0.0,0.0,0.0
5,3,0.0,0.0,0.0
5,3,0.0,0.0,0.0
5,3,0.0,0.0,0.0
5,3,0.0,0.0,0.0
5,3,0.0,0.0,0.0
5,3,0.0,0.0,0.0
5,3,0.0,0.0,0.0
5,3,0.0,0.0,0.0
5,3,0.0,0.0,0.0
5,3,0.0,0.0,0.0
5,3,0.0,0.0,0.0
5,3,0.0,0.0,0.0
5,3,0.0,0.0,0.0
5,3,0.0,0.0,0.0
5,3,0.0,0.0,0.0
5,3,0.0,0.0,0.0
5,3,0.0,0.0,0.0
5,3,0.0,0.0,0.0
5,3,0.0,0.0,0.0
5,3,0.0,0.0,0.0
5,3,0.0,0.0,0.0
5,3,0.0,0.0,0.0
5,3,0.0,0.0,0.0
5,3,0.0,0.0,0.0
5,3,0.0,0.0,0.0
5,3,0.0,0.0,0.0
5,3,0.0,0.0,0.0
5,3,0.0,0.0,0.0
5,3,0.0,0.0,0.0
5,3,0.0,0.0,0.0
5,3,0.0,0.0,0.0
5,3,0.0,0.0,0.0
5,3,0.0,0.0,0.0
5,3,0.0,0.0,0.0
5,3,0.0,0.0,0.0
5,3,0.0,0.0,0.0
5,3,0.0,0.0,0.0
5,3,0.0,0.0,0.0
5,3,0.0,0.0,0.0
5,3,0.0,0.0,0.0
5,3,0.0,0.0,0.0
5,3,0.0,0.0,0.0
5,3,0.0,0.0,0.0
5,3,0.0,0.0,0.0
5,3,0.0,0.0,0.0
5,3,0.0,0.0,0.0
5,3,0.0,0.0,0.0
5,3,0.0,0.0,0.0
5,3,0.0,0.0,0.0
5,3,0.0,0.0,0.0
5,3,0.0,0.0,0.0
5,3,0.0,0.0,0.0
5,3,0.0,0.0,0.0
5,3,0.0,0.0,0.0
5,3,0.0,0.0,0.0
5,3,0.0,0.0,0.0
5,3,0.0,0.0,0.0
5,3,0.0,0.0,0.0
5,3,0.0,0.0,0.0
5,3,0.0,0.0,0.0
5,3,0.0,0.0,0.0
5,3,0.0,0.0,0.0
5,3,0.0,0.0,0.0
5,3,0.0,0.0,0.0
5,3,0.0,0.0,0.0
5,3,0.0,0.0,0.0
5,3,0.0,0.0,0.0
5,3,0.0,0.0,0.0
5,3,0.0,0.0,0.0
5,3,0.0,0.0,0.0
5,3,0.0,0.0,0.0
5,3,0.0,0.0,0.0
5,3,0.0,0.0,0.0
5,3,0.0,0.0,0.0
5,3,0.0,0.0,0.0
5,3,0.0,0.0,0.0
5,3,0.0,0.0,0.0
5,3,0.0,0.661071406296756,60.720000000000006
5,3,0.0,0.0,0.0
5,3,0.0,0.0,0.0
5,3,0.0,0.0,0.0
5,3,0.0,0.0,0.0
5,3,0.0,0.0,0.0
5,3,0.0,0.0,0.0
5,3,0.0,0.0,0.0
5,3,0.0,0.0,0.0
5,3,0.0,0.0,0.0
5,3,0.0,0.0,0.0
5,3,0.0,0.0,0.0
5,3,0.0,0.0,0.0
5,3,0.0,0.0,0.0
5,3,0.0,0.0,0.0
5,3,0.0,0.0,0.0
5,3,0.0,0.0,0.0
5,3,0.0,0.0,0.0
5,3,0.0,0.0,0.0
5,3,0.0,0.0,0.0
5,3,0.0,0.0,0.0
5,3,0.0,0.0,0.0
5,3,0.0,0.0,0.0
5,3,0.0,0.0,0.0
5,3,0.0,0.0,0.0
5,3,0.0,0.0,0.0
5,3,0.0,0.0,0.0
5,3,0.0,0.0,0.0
5,3,0.0,0.0,0.0
5,3,0.0,0.0,0.0
5,3,0.0,0.0,0.0
5,3,0.0,0.0,0.0
5,3,0.0,0.0,0.0
5,3,0.0,0.0,0.0
5,3,0.0,0.0,0.0
5,3,0.0,0.0,0.0
5,3,0.0,0.0,0.0
5,3,0.0,0.0,0.0
5,3,0.0,0.0,0.0
5,3,0.0,0.0,0.0
5,3,0.0,0.0,0.0
5,3,0.0,0.0,0.0
5,3,0.0,0.0,0.0
5,3,0.0,0.0,0.0
5,3,0.0,0.0,0.0
5,3,0.0,0.0,0.0
5,3,0.0,0.0,0.0
5,3,0.0,0.0,0.0
5,3,0.0,0.0,0.0
5,3,0.0,0.0,0.0
5,3,0.0,0.0,0.0
5,3,0.0,0.0,0.0
5,3,0.0,0.0,0.0
5,3,0.0,0.0,0.0
5,3,0.0,0.0,0.0
5,3,0.0,0.0,0.0
5,3,0.0,0.0,0.0
5,3,0.0,0.0,0.0
5,3,0.0,0.0,0.0
5,3,0.0,0.0,0.0
5,3,0.0,0.0,0.0
5,3,0.0,0.0,0.0
5,3,0.0,0.0,0.0
5,3,0.0,0.0,0.0
5,3,0.0,0.0,0.0
5,3,0.0,0.0,0.0
5,3,0.0,0.0,0.0
5,3,0.0,0.0,0.0
5,3,0.0,0.0,0.0
5,3,0.0,0.0,0.0
5,3,0.0,0.0,0.0
5,3,0.0,0.0,0.0
5,3,0.0,0.0,0.0
5,3,0.0,0.0,0.0
5,3,0.0,0.0,0.0
5,3,0.0,0.0,0.0
5,3,0.0,0.0,0.0
5,3,0.0,0.0,0.0
5,3,0.0,0.0,0.0
5,3,0.0,0.0,0.0
5,3,0.0,0.0,0.0
5,3,0.0,0.0,0.0
5,3,0.0,0.0,0.0
5,3,0.0,0.0,0.0
5,3,0.0,0.0,0.0
5,3,0.0,0.0,0.0
5,3,0.0,0.0,0.0
5,3,0.0,0.0,0.0
5,3,0.0,0.0,0.0
5,3,0.0,0.0,0.0
5,3,0.0,0.0,0.0
5,3,0.0,0.0,0.0
5,3,0.0,0.0,0.0
5,3,0.0,0.0,0.0
5,3,0.0,0.0,0.0
5,3,0.0,0.0,0.0
5,3,0.0,0.0,0.0
5,3,0.0,0.0,0.0
5,3,0.0,0.0,0.0
5,3,0.0,0.0,0.0
5,3,0.0,0.0,0.0
5,3,0.0,0.0,0.0
5,3,0.0,0.0,0.0
5,3,0.0,0.0,0.0
5,3,0.0,0.0,0.0
5,3,0.0,0.0,0.0
5,3,0.0,0.0,0.0
5,3,0.0,0.0,0.0
5,3,0.0,0.0,0.0
5,3,0.0,0.0,0.0
5,3,0.0,0.0,0.0
5,3,0.0,0.0,0.0
5,3,0.0,0.0,0.0
5,3,0.0,0.0,0.0
5,3,0.0,0.0,0.0
5,3,0.0,0.0,0.0
5,3,0.0,0.0,0.0
5,3,0.0,0.0,0.0
5,3,0.0,0.0,0.0
5,3,0.0,0.0,0.0
5,3,0.0,0.0,0.0
5,3,0.0,0.0,0.0
5,3,0.0,0.0,0.0
5,3,0.0,0.0,0.0
5,3,0.0,0.0,0.0
5,3,0.0,0.0,0.0
5,3,0.0,0.0,0.0
5,3,0.0,0.0,0.0
5,3,0.0,0.0,0.0
5,3,0.0,0.0,0.0
5,3,0.0,0.0,0.0
5,3,0.0,0.0,0.0
5,3,0.0,0.0,0.0
5,3,0.0,0.0,0.0
5,3,0.0,0.0,0.0
5,3,0.0,0.0,0.0
5,3,0.0,0.0,0.0
5,3,0.0,0.0,0.0
5,3,0.0,0.0,0.0
5,3,0.0,0.0,0.0
5,3,0.0,0.0,0.0
5,3,0.0,0.0,0.0
5,3,0.0,0.0,30.360000000000003
5,3,0.0,0.0,0.0
5,3,0.0,0.0,0.0
5,3,0.0,0.0,0.0
5,3,0.0,0.0,0.0
5,3,0.0,0.0,0.0
5,3,0.0,0.0,0.0
5,3,0.0,0.0,0.0
5,3,0.0,0.0,0.0
5,3,0.0,0.0,0.0
5,3,0.0,0.0,0.0
5,3,0.0,0.0,0.0
5,3,0.0,0.0,0.0
5,3,0.0,0.0,0.0
5,3,0.0,0.0,0.0
5,3,0.0,0.0,0.0
5,3,0.0,0.0,0.0
5,3,0.0,0.0,0.0
5,3,0.0,0.0,0.0
5,3,0.0,0.0,0.0
5,3,0.0,0.0,0.0
5,3,0.0,0.0,0.0
5,3,0.0,0.0,0.0
5,3,0.0,0.0,0.0
5,3,0.0,0.0,0.0
5,3,0.0,0.0,0.0
5,3,0.0,0.0,0.0
5,3,0.0,0.0,0.0
5,3,0.0,0.0,0.0
5,3,0.0,0.0,0.0
5,3,0.0,0.0,0.0
5,3,0.0,0.0,0.0
5,3,0.0,0.0,0.0
5,3,0.0,0.0,0.0
5,3,0.0,0.0,0.0
5,3,0.0,0.0,0.0
5,3,0.0,0.0,0.0
5,3,0.0,0.0,0.0
5,3,0.0,0.0,0.0
5,3,0.0,0.0,0.0
5,3,0.0,0.0,0.0
5,3,0.0,0.0,0.0
5,3,0.0,0.0,0.0
5,3,0.0,0.0,0.0
5,3,0.0,0.0,0.0
5,3,0.0,0.0,0.0
5,3,0.0,0.0,0.0
5,3,0.0,0.0,0.0
5,3,0.0,0.0,0.0
5,3,0.0,0.0,0.0
5,3,0.0,0.0,0.0
5,3,0.0,0.0,0.0
5,3,0.0,0.0,0.0
5,3,0.0,0.0,0.0
5,3,0.0,0.0,0.0
5,3,0.0,0.0,0.0
5,3,0.0,0.0,0.0
5,3,0.0,0.0,0.0
5,3,0.0,0.0,0.0
5,3,0.0,0.0,0.0
5,3,0.0,0.0,0.0
5,3,0.0,0.0,0.0
5,3,0.0,0.0,0.0
5,3,0.0,0.0,0.0
5,3,0.0,0.0,0.0
5,3,0.0,0.0,0.0
5,3,0.0,0.0,0.0
5,3,0.0,0.0,0.0
5,3,0.0,0.0,0.0
5,3,0.0,0.0,0.0
5,3,0.0,0.0,0.0
5,3,0.0,0.0,0.0
5,3,0.0,0.0,0.0
5,3,0.0,0.0,0.0
5,3,0.0,0.0,0.0
5,3,0.0,0.0,0.0
5,3,0.0,0.0,0.0
5,3,0.0,0.0,0.0
5,3,0.0,0.0,0.0
5,3,0.0,0.0,0.0
5,3,0.0,0.0,0.0
5,3,0.0,0.0,0.0
5,3,0.0,0.0,0.0
5,3,0.0,0.0,0.0
5,3,0.0,0.0,0.0
5,3,0.0,0.0,0.0
5,3,0.0,0.0,0.0
5,3,0.0,0.0,0.0
5,3,0.0,0.0,0.0
5,3,0.0,0.0,0.0
5,3,0.0,0.0,0.0
5,3,0.0,0.0,0.0
5,3,0.0,0.0,0.0
5,3,0.0,0.0,0.0
5,3,0.0,0.0,0.0
5,3,0.0,0.0,0.0
5,3,0.0,0.0,0.0
5,3,0.0,0.0,0.0
5,3,0.0,0.0,0.0
5,3,0.0,0.0,0.0
5,3,0.0,0.0,0.0
5,3,0.0,0.0,0.0
5,3,0.0,0.0,0.0
5,3,0.0,0.0,0.0
5,3,0.0,0.0,0.0
5,3,0.0,0.0,0.0
5,3,0.0,0.0,0.0
5,3,0.0,0.0,0.0
5,3,0.0,0.0,0.0
5,3,0.0,0.0,0.0
5,3,0.0,0.0,0.0
5,3,0.0,0.0,0.0
5,3,0.0,0.0,0.0
5,3,0.0,0.0,0.0
5,3,0.0,0.0,0.0
5,3,0.0,0.0,0.0
5,3,0.0,0.0,0.0
5,3,0.0,0.0,0.0
5,3,0.0,0.0,0.0
5,3,0.0,0.0,0.0
5,3,0.0,0.0,0.0
5,3,0.0,0.0,0.0
5,3,0.0,0.0,0.0
5,3,0.0,0.0,0.0
5,3,0.0,0.0,0.0
5,3,0.0,0.0,0.0
5,3,0.0,0.0,0.0
5,3,0.0,0.0,0.0
5,3,0.0,0.0,0.0
5,3,0.0,0.0,0.0
5,3,0.0,0.0,0.0
5,3,0.0,0.0,0.0
5,3,0.0,0.0,0.0
5,3,0.0,0.0,0.0
5,3,0.0,0.0,0.0
5,3,0.0,0.0,0.0
5,3,0.0,0.0,0.0
5,3,0.0,0.0,0.0
5,3,0.0,0.0,0.0
5,3,0.0,0.0,0.0
5,3,0.0,0.0,0.0
5,3,0.0,0.0,0.0
5,3,0.0,0.0,0.0
5,3,0.0,0.0,0.0
5,3,0.0,0.0,0.0
5,3,0.0,0.0,0.0
5,3,0.0,0.0,0.0
5,3,0.0,0.0,0.0
5,3,0.0,0.0,0.0
5,3,0.0,0.0,0.0
5,3,0.0,0.0,0.0
5,3,0.0,0.0,0.0
5,3,0.0,0.0,0.0
5,3,0.0,0.0,0.0
5,3,0.0,0.0,0.0
5,3,0.0,0.0,0.0
5,3,0.0,0.0,0.0
5,3,0.0,0.0,0.0
5,3,0.0,0.0,0.0
5,3,0.0,0.0,0.0
5,3,0.0,0.0,0.0
5,3,0.0,0.0,0.0
5,3,0.0,0.0,0.0
5,3,0.0,0.0,0.0
5,3,0.0,0.0,0.0
5,3,0.0,0.0,0.0
5,3,0.0,0.0,0.0
5,3,0.0,0.0,0.0
5,3,0.0,0.0,0.0
5,3,0.0,0.0,0.0
5,3,0.0,0.0,0.0
5,3,0.0,0.0,0.0
5,3,0.0,0.0,0.0
5,3,0.0,0.0,0.0
5,3,0.0,0.0,0.0
5,3,0.0,0.0,0.0
5,3,0.0,0.0,0.0
5,3,0.0,0.0,0.0
5,3,0.0,0.0,0.0
5,3,0.0,0.0,0.0
5,3,0.0,0.0,0.0
5,3,0.0,0.0,0.0
5,3,0.0,0.0,0.0
5,3,0.0,0.0,0.0
5,3,0.0,0.0,0.0
5,3,0.0,0.0,43.56
5,3,0.0,0.0,0.0
5,3,0.0,0.0,0.0
5,3,0.0,0.0,0.0
5,3,0.0,0.0,0.0
5,3,0.0,0.0,0.0
5,3,0.0,0.0,0.0
5,3,0.0,0.0,0.0
5,3,0.0,0.0,0.0
5,3,0.0,0.0,0.0
5,3,0.0,0.0,0.0
5,3,0.0,0.0,0.0
5,3,0.0,0.0,0.0
5,3,0.0,0.0,0.0
5,3,0.0,0.0,0.0
5,3,0.0,0.0,0.0
5,3,0.0,0.0,0.0
5,3,0.0,0.0,0.0
5,3,0.0,0.0,0.0
5,3,0.0,0.0,0.0
5,3,0.0,0.0,0.0
5,3,0.0,0.0,0.0
5,3,0.0,0.0,0.0
5,3,0.0,0.0,0.0
5,3,0.0,0.0,0.0
5,3,0.0,0.0,0.0
5,3,0.0,0.0,0.0
5,3,0.0,0.0,0.0
5,3,0.0,0.0,0.0
5,3,0.0,0.0,0.0
5,3,0.0,0.0,0.0
5,3,0.0,0.0,0.0
5,3,0.0,0.0,0.0
5,3,0.0,0.0,0.0
5,3,0.0,0.0,0.0
5,3,0.0,0.0,0.0
5,3,0.0,0.0,0.0
5,3,0.0,0.0,0.0
5,3,0.0,0.0,0.0
5,3,0.0,0.0,0.0
5,3,0.0,0.0,0.0
5,3,0.0,0.0,0.0
5,3,0.0,0.0,0.0
5,3,0.0,0.0,0.0
5,3,0.0,0.0,0.0
5,3,0.0,0.0,0.0
5,3,0.0,0.0,0.0
5,3,0.0,0.0,0.0
5,3,0.0,0.0,0.0
5,3,0.0,0.0,0.0
5,3,0.0,0.0,0.0
5,3,0.0,0.0,0.0
5,3,0.0,0.0,0.0
5,3,0.0,0.0,0.0
5,3,0.0,0.0,0.0
5,3,0.0,0.0,0.0
5,3,0.0,0.0,0.0
5,3,0.0,0.0,0.0
5,3,0.0,0.0,0.0
5,3,0.0,0.0,0.0
5,3,0.0,0.0,0.0
5,3,0.0,0.0,0.0
5,3,0.0,0.0,0.0
5,3,0.0,0.0,0.0
5,3,0.0,0.0,0.0
5,3,0.0,0.0,0.0
5,3,0.0,0.0,0.0
5,3,0.0,0.0,0.0
5,3,0.0,0.0,0.0
5,3,0.0,0.0,0.0
5,3,0.0,0.0,0.0
5,3,0.0,0.0,0.0
5,3,0.0,0.0,0.0
5,3,0.0,0.0,0.0
5,3,0.0,0.0,0.0
5,3,0.0,0.0,0.0
5,3,0.0,0.0,0.0
5,3,0.0,0.0,0.0
5,3,0.0,0.0,0.0
5,3,0.0,0.0,0.0
5,3,0.0,0.0,0.0
5,3,0.0,0.0,0.0
5,3,0.0,0.0,0.0
5,3,0.0,0.0,0.0
5,3,0.0,0.0,30.360000000000003
5,3,0.0,0.0,0.0
5,3,0.0,0.0,0.0
5,3,0.0,0.0,0.0
5,3,0.0,0.0,0.0
5,3,0.0,0.0,0.0
5,3,0.0,0.0,0.0
5,3,0.0,0.0,0.0
5,3,0.0,0.0,0.0
5,3,0.0,0.0,0.0
5,3,0.0,0.0,0.0
5,3,0.0,0.0,0.0
5,3,0.0,0.0,0.0
5,3,0.0,0.0,0.0
5,3,0.0,0.0,0.0
5,3,0.0,0.0,0.0
5,3,0.0,0.0,0.0
5,3,0.0,0.0,0.0
5,3,0.0,0.0,0.0
5,3,0.0,0.0,0.0
5,3,0.0,0.0,0.0
5,3,0.0,0.0,0.0
5,3,0.0,0.0,0.0
5,3,0.0,0.0,0.0
5,3,0.0,0.0,0.0
5,3,0.0,0.0,0.0
5,3,0.0,0.0,0.0
5,3,0.0,0.0,0.0
5,3,0.0,0.0,0.0
5,3,0.0,0.0,0.0
5,3,0.0,0.0,0.0
5,3,0.0,0.0,0.0
5,3,0.0,0.0,0.0
5,3,0.0,0.0,0.0
5,3,0.0,0.0,0.0
5,3,0.0,0.0,0.0
5,3,0.0,0.0,0.0
5,3,0.0,0.0,0.0
5,3,0.0,0.0,0.0
5,3,0.0,0.0,0.0
5,3,0.0,0.0,0.0
5,3,0.0,0.0,0.0
5,3,0.0,0.0,0.0
5,3,0.0,0.0,0.0
5,3,0.0,0.0,0.0
5,3,0.0,0.0,0.0
5,3,0.0,0.0,0.0
5,3,0.0,0.0,0.0
5,3,0.0,0.0,0.0
5,3,0.0,0.0,0.0
5,3,0.0,0.0,0.0
5,3,0.0,0.0,0.0
5,3,0.0,0.0,0.0
5,3,0.0,0.0,0.0
5,3,0.0,0.0,0.0
5,3,0.0,0.0,0.0
5,3,0.0,0.0,0.0
5,3,0.0,0.0,0.0
5,3,0.0,0.0,0.0
5,3,0.0,0.0,0.0
5,3,0.0,0.0,0.0
5,3,0.0,0.0,0.0
5,3,0.0,0.0,0.0
5,3,0.0,0.0,0.0
5,3,0.0,0.0,0.0
5,3,0.0,0.0,0.0
5,3,0.0,0.0,0.0
5,3,0.0,0.0,0.0
5,3,0.0,0.0,0.0
5,3,0.0,0.0,0.0
5,3,0.0,0.0,0.0
5,3,0.0,0.0,0.0
5,3,0.0,0.0,0.0
5,3,0.0,0.0,0.0
5,3,0.0,0.0,0.0
5,3,0.0,0.0,0.0
5,3,0.0,0.0,0.0
5,3,0.0,0.0,0.0
5,3,0.0,0.0,0.0
5,3,0.0,0.0,0.0
5,3,0.0,0.0,0.0
5,3,0.0,0.0,0.0
5,3,0.0,0.0,0.0
5,3,0.0,0.0,0.0
5,3,0.0,0.0,0.0
5,3,0.0,0.0,0.0
5,3,0.0,0.0,0.0
5,3,0.0,0.0,0.0
5,3,0.0,0.0,0.0
5,3,0.0,0.0,0.0
5,3,0.0,0.0,0.0
5,3,0.0,0.0,0.0
5,3,0.0,0.0,0.0
5,3,0.0,0.0,0.0
5,3,0.0,0.0,0.0
5,3,0.0,0.0,0.0
5,3,0.0,0.0,0.0
5,3,0.0,0.0,0.0
5,3,0.0,0.0,0.0
5,3,0.0,0.0,0.0
5,3,0.0,0.0,0.0
5,3,0.0,0.0,0.0
5,3,0.0,0.0,0.0
5,3,0.0,0.0,0.0
5,3,0.0,0.0,0.0
5,3,0.0,0.0,0.0
5,3,0.0,0.0,0.0
5,3,0.0,0.0,0.0
5,3,0.0,0.0,0.0
5,3,0.0,0.0,0.0
5,3,0.0,0.0,0.0
5,3,0.0,0.0,0.0
5,3,0.0,0.0,0.0
5,3,0.0,0.0,0.0
5,3,0.0,0.0,0.0
5,3,0.0,0.0,0.0
5,3,0.0,0.0,0.0
5,3,0.0,0.0,0.0
5,3,0.0,0.0,0.0
5,3,0.0,0.0,0.0
5,3,0.0,0.0,0.0
5,3,0.0,0.0,0.0
5,3,0.0,0.0,0.0
5,3,0.0,0.0,0.0
5,3,0.0,0.0,0.0
5,3,0.0,0.0,0.0
5,3,0.0,0.0,0.0
5,3,0.0,0.0,0.0
5,3,0.0,0.0,0.0
5,3,0.0,0.0,0.0
5,3,0.0,0.0,0.0
5,3,0.0,0.0,0.0
5,3,0.0,0.0,0.0
5,3,0.0,0.0,0.0
5,3,0.0,0.0,0.0
5,3,0.0,0.0,0.0
5,3,0.0,0.0,0.0
5,3,0.0,0.0,0.0
5,3,0.0,0.0,0.0
5,3,0.0,0.0,0.0
5,3,0.0,0.0,0.0
5,3,0.0,0.0,0.0
5,3,0.0,0.0,0.0
5,3,0.0,0.0,0.0
5,3,0.0,0.0,0.0
5,3,0.0,0.0,0.0
5,3,0.0,0.0,0.0
5,3,0.0,0.0,0.0
5,3,0.0,0.0,0.0
5,3,0.0,0.0,0.0
5,3,0.0,0.0,0.0
5,3,0.0,0.0,0.0
5,3,0.0,0.0,0.0
5,3,0.0,0.0,0.0
5,3,0.0,0.0,0.0
5,3,0.0,0.0,0.0
5,3,0.0,0.0,0.0
5,3,0.0,0.0,0.0
5,3,0.0,0.0,0.0
5,3,0.0,0.0,0.0
5,3,0.0,0.0,0.0
5,3,0.0,0.0,0.0
5,3,0.0,0.0,0.0
5,3,0.0,0.0,0.0
5,3,0.0,0.0,0.0
5,3,0.0,0.0,0.0
5,3,0.0,0.0,0.0
5,3,0.0,0.0,0.0
5,3,0.0,0.0,0.0
5,3,0.0,0.0,0.0
5,3,0.0,0.0,0.0
5,3,0.0,0.0,0.0
5,3,0.0,0.0,0.0
5,3,0.0,0.0,0.0
5,3,0.0,0.0,0.0
5,3,0.0,0.0,0.0
5,3,0.0,0.0,0.0
5,3,0.0,0.0,0.0
5,3,0.0,0.0,0.0
5,3,0.0,0.0,0.0
5,3,0.0,0.0,0.0
5,3,0.0,0.0,0.0
5,3,0.0,0.0,0.0
5,3,0.0,0.0,0.0
5,3,0.0,0.0,0.0
5,3,0.0,0.0,0.0
5,3,0.0,0.0,0.0
5,3,0.0,0.0,0.0
5,3,0.0,0.0,0.0
5,3,0.0,0.0,43.56
5,3,0.0,0.0,0.0
5,3,0.0,0.0,0.0
5,3,0.0,0.0,0.0
5,3,0.0,0.0,0.0
5,3,0.0,0.0,0.0
5,3,0.0,0.0,0.0
5,3,0.0,0.0,0.0
5,3,0.0,0.0,0.0
5,3,0.0,0.0,0.0
5,3,0.0,0.0,0.0
5,3,0.0,0.0,0.0
5,3,0.0,0.0,0.0
5,3,0.0,0.0,0.0
5,3,0.0,0.0,0.0
5,3,0.0,0.0,0.0
5,3,0.0,0.0,0.0
5,3,0.0,0.0,0.0
5,3,0.0,0.0,0.0
5,3,0.0,0.0,0.0
5,3,0.0,0.0,0.0
5,3,0.0,0.0,0.0
5,3,0.0,0.0,0.0
5,3,0.0,0.0,0.0
5,3,0.0,0.0,0.0
5,3,0.0,0.0,0.0
5,3,0.0,0.0,0.0
5,3,0.0,0.0,0.0
5,3,0.0,0.0,0.0
5,3,0.0,0.0,0.0
5,3,0.0,0.0,0.0
5,3,0.0,0.0,0.0
5,3,0.0,0.0,0.0
5,3,0.0,0.0,0.0
5,3,0.0,0.0,0.0
5,3,0.0,0.0,0.0
5,3,0.0,0.0,0.0
5,3,0.0,0.0,0.0
5,3,0.0,0.0,0.0
5,3,0.0,0.0,0.0
5,3,0.0,0.0,0.0
5,3,0.0,0.0,0.0
5,3,0.0,0.0,0.0
5,3,0.0,0.0,0.0
5,3,0.0,0.0,0.0
5,3,0.0,0.0,0.0
5,3,0.0,0.0,0.0
5,3,0.0,0.0,0.0
5,3,0.0,0.0,0.0
5,3,0.0,0.0,0.0
5,3,0.0,0.0,0.0
5,3,0.0,0.0,0.0
5,3,0.0,0.0,0.0
5,3,0.0,0.0,0.0
5,3,0.0,0.0,0.0
5,3,0.0,0.0,0.0
5,3,0.0,0.0,0.0
5,3,0.0,0.0,0.0
5,3,0.0,0.0,0.0
5,3,0.0,0.0,0.0
5,3,0.0,0.0,0.0
5,3,0.0,0.0,0.0
5,3,0.0,0.0,0.0
5,3,0.0,0.0,0.0
5,3,0.0,0.0,0.0
5,3,0.0,0.0,0.0
5,3,0.0,0.0,0.0
5,3,0.0,0.0,0.0
5,3,0.0,0.0,0.0
5,3,0.0,0.0,0.0
5,3,0.0,0.0,0.0
5,3,0.0,0.0,0.0
5,3,0.0,0.0,0.0
5,3,0.0,0.0,0.0
5,3,0.0,0.0,0.0
5,3,0.0,0.0,0.0
5,3,0.0,0.0,0.0
5,3,0.0,0.0,0.0
5,3,0.0,0.0,0.0
5,3,0.0,0.0,0.0
5,3,0.0,0.0,0.0
5,3,0.0,0.0,0.0
5,3,0.0,0.0,0.0
5,3,0.0,0.0,0.0
5,3,0.0,0.0,0.0
5,3,0.0,0.0,0.0
5,3,0.0,0.0,0.0
5,3,0.0,0.0,0.0
5,3,0.0,0.0,0.0
5,3,0.0,0.0,0.0
5,3,0.0,0.0,0.0
5,3,0.0,0.0,0.0
5,3,0.0,0.0,0.0
5,3,0.0,0.0,0.0
5,3,0.0,0.0,0.0
5,3,0.0,0.0,0.0
5,3,0.0,0.0,0.0
5,3,0.0,0.0,0.0
5,3,0.0,0.0,0.0
5,3,0.0,0.0,0.0
5,3,0.0,0.0,0.0
5,3,0.0,0.0,0.0
5,3,0.0,0.0,0.0
5,3,0.0,0.0,0.0
5,3,0.0,0.0,0.0
5,3,0.0,0.0,0.0
5,3,0.0,0.0,0.0
5,3,0.0,0.0,0.0
5,3,0.0,0.0,0.0
5,3,0.0,0.0,0.0
5,3,0.0,0.0,0.0
5,3,0.0,0.0,0.0
5,3,0.0,0.0,0.0
5,3,0.0,0.0,0.0
5,3,0.0,0.0,0.0
5,3,0.0,0.0,0.0
5,3,0.0,0.0,0.0
5,3,0.0,0.0,0.0
5,3,0.0,0.0,0.0
5,3,0.0,0.0,0.0
5,3,0.0,0.0,0.0
5,3,0.0,0.0,0.0
5,3,0.0,0.0,0.0
5,3,0.0,0.0,0.0
5,3,0.0,0.0,0.0
5,3,0.0,0.0,0.0
5,3,0.0,0.0,0.0
5,3,0.0,0.0,0.0
5,3,0.0,0.0,0.0
5,3,0.0,0.0,0.0
5,3,0.0,0.0,0.0
5,3,0.0,0.0,0.0
5,3,0.0,0.0,0.0
5,3,0.0,0.0,0.0
5,3,0.0,0.0,0.0
5,3,0.0,0.0,0.0
5,3,0.0,0.0,0.0
5,3,0.0,0.0,0.0
5,3,0.0,0.0,0.0
5,3,0.0,0.0,0.0
5,3,0.0,0.0,0.0
5,3,0.0,0.0,0.0
5,3,0.0,0.0,0.0
5,3,0.0,0.0,0.0
5,3,0.0,0.0,0.0
5,3,0.0,0.0,0.0
5,3,0.0,0.0,0.0
5,3,0.0,0.0,0.0
5,3,0.0,0.0,0.0
5,3,0.0,0.0,0.0
5,3,0.0,0.0,0.0
5,3,0.0,0.0,0.0
5,3,0.0,0.0,0.0
5,3,0.0,0.0,0.0
5,3,0.0,0.0,0.0
5,3,0.0,0.0,0.0
5,3,0.0,0.0,0.0
5,3,0.0,0.0,0.0
5,3,0.0,0.0,0.0
5,3,0.0,0.0,0.0
5,3,0.0,0.0,0.0
5,3,0.0,0.0,0.0
5,3,0.0,0.0,0.0
5,3,0.0,0.0,0.0
5,3,0.0,0.0,0.0
5,3,0.0,0.0,0.0
5,3,0.0,0.0,0.0
5,3,0.0,0.0,0.0
5,3,0.0,0.0,0.0
5,3,0.0,0.0,0.0
5,3,0.0,0.0,0.0
5,3,0.0,0.0,0.0
5,3,0.0,0.0,0.0
5,3,0.0,0.0,0.0
5,3,0.0,0.0,0.0
5,3,0.0,0.0,0.0
5,3,0.0,0.0,0.0
5,3,0.0,0.0,0.0
5,3,0.0,0.0,0.0
5,3,0.0,0.0,0.0
5,3,0.0,0.0,0.0
5,3,0.0,0.0,0.0
5,3,0.0,0.0,0.0
5,3,0.0,0.0,0.0
5,3,0.0,0.0,0.0
5,3,0.0,0.0,0.0
5,3,0.0,0.0,0.0
5,3,0.0,0.0,0.0
5,3,0.0,0.0,0.0
5,3,0.0,0.0,0.0
5,3,0.0,0.0,0.0
5,3,0.0,0.0,0.0
5,3,0.0,0.0,0.0
5,3,0.0,0.0,0.0
5,3,0.0,0.0,0.0
5,3,0.0,0.0,0.0
5,3,0.0,0.0,0.0
5,3,0.0,0.0,0.0
5,3,0.0,0.0,0.0
5,3,0.0,0.0,0.0
5,3,0.0,0.0,0.0
5,3,0.0,0.0,0.0
5,3,0.0,0.0,0.0
5,3,0.0,0.0,0.0
5,3,0.0,0.0,0.0
5,3,0.0,0.0,0.0
5,3,0.0,0.0,0.0
5,3,0.0,0.0,0.0
5,3,0.0,0.0,0.0
5,3,0.0,0.0,0.0
5,3,0.0,0.0,0.0
5,3,0.0,0.0,0.0
5,3,0.0,0.0,0.0
5,3,0.0,0.0,0.0
5,3,0.0,0.0,0.0
5,3,0.0,0.0,0.0
5,3,0.0,0.0,0.0
5,3,0.0,0.0,0.0
5,3,0.0,0.0,0.0
5,3,0.0,0.0,0.0
5,3,0.0,0.0,0.0
5,3,0.0,0.0,0.0
5,3,0.0,0.0,0.0
5,3,0.0,0.0,0.0
5,3,0.0,0.0,0.0
5,3,0.0,0.0,0.0
5,3,0.0,0.0,0.0
5,3,0.0,0.0,0.0
5,3,0.0,0.0,0.0
5,3,0.0,0.0,0.0
5,3,0.0,0.0,0.0
5,3,0.0,0.0,0.0
5,3,0.0,0.0,0.0
5,3,0.0,0.0,0.0
5,3,0.0,0.0,0.0
5,3,0.0,0.0,0.0
5,3,0.0,0.0,0.0
5,3,0.0,0.0,0.0
5,3,0.0,0.0,0.0
5,3,0.0,0.0,0.0
5,3,0.0,0.0,0.0
5,3,0.0,0.0,0.0
5,3,0.0,0.0,0.0
5,3,0.0,0.0,0.0
5,3,0.0,0.0,0.0
5,3,0.0,0.0,0.0
5,3,0.0,0.0,0.0
5,3,0.0,0.0,0.0
5,3,0.0,0.0,0.0
5,3,0.0,0.0,0.0
5,3,0.0,0.0,0.0
5,3,0.0,0.0,0.0
5,3,0.0,0.0,0.0
5,3,0.0,0.0,0.0
5,3,0.0,0.0,0.0
5,3,0.0,0.0,0.0
5,3,0.0,0.0,0.0
5,3,0.0,0.0,0.0
5,3,0.0,0.0,0.0
5,3,0.0,0.0,0.0
5,3,0.0,0.0,0.0
5,3,0.0,0.0,0.0
5,3,0.0,0.0,0.0
5,3,0.0,0.0,0.0
5,3,0.0,0.0,0.0
5,3,0.0,0.0,0.0
5,3,0.0,0.0,0.0
5,3,0.0,0.0,0.0
5,3,0.0,0.0,0.0
5,3,0.0,0.0,0.0
5,3,0.0,0.0,0.0
5,3,0.0,0.0,0.0
5,3,0.0,0.0,0.0
5,3,0.0,0.0,0.0
5,3,0.0,0.0,0.0
5,3,0.0,0.0,0.0
5,3,0.0,0.0,0.0
5,3,0.0,0.0,0.0
5,3,0.0,0.0,0.0
5,3,0.0,0.0,0.0
5,3,0.0,0.0,0.0
5,3,0.0,0.0,0.0
5,3,0.0,0.0,0.0
5,3,0.0,0.0,0.0
5,3,0.0,0.0,0.0
5,3,0.0,0.0,0.0
5,3,0.0,0.0,0.0
5,3,0.0,0.0,0.0
5,3,0.0,0.0,0.0
5,3,0.0,0.0,0.0
5,3,0.0,0.0,0.0
5,3,0.0,0.0,0.0
5,3,0.0,0.0,0.0
5,3,0.0,0.0,0.0
5,3,0.0,0.0,0.0
5,3,0.0,0.0,0.0
5,3,0.0,0.0,0.0
5,3,0.0,0.0,0.0
5,3,0.0,0.0,0.0
5,3,0.0,0.0,0.0
5,3,0.0,0.0,0.0
5,3,0.0,0.0,0.0
5,3,0.0,0.0,0.0
5,3,0.0,0.0,0.0
5,3,0.0,0.0,0.0
5,3,0.0,0.0,0.0
5,3,0.0,0.0,0.0
5,3,0.0,0.0,0.0
5,3,0.0,0.0,0.0
5,3,0.0,0.0,0.0
5,3,0.0,0.0,0.0
5,3,0.0,0.0,0.0
5,3,0.0,0.0,0.0
5,3,0.0,0.0,0.0
5,3,0.0,0.0,0.0
5,3,0.0,0.0,0.0
5,3,0.0,0.0,0.0
5,3,0.0,0.0,0.0
5,3,0.0,0.0,0.0
5,3,0.0,0.0,0.0
5,3,0.0,0.0,0.0
5,3,0.0,0.0,0.0
5,3,0.0,0.0,0.0
5,3,0.0,0.0,0.0
5,3,0.0,0.0,0.0
5,3,0.0,0.0,0.0
5,3,0.0,0.0,0.0
5,3,0.0,0.0,0.0
5,3,0.0,0.0,0.0
5,3,0.0,0.0,0.0
5,3,0.0,0.0,0.0
5,3,0.0,0.0,0.0
5,3,0.0,0.0,0.0
5,3,0.0,0.0,0.0
5,3,0.0,0.0,0.0
5,3,0.0,0.0,0.0
5,3,0.0,0.0,0.0
5,3,0.0,0.0,0.0
5,3,0.0,0.0,0.0
5,3,0.0,0.0,0.0
5,3,0.0,0.0,0.0
5,3,0.0,0.0,0.0
5,3,0.0,0.0,0.0
5,3,0.0,0.0,0.0
5,3,0.0,0.0,0.0
5,3,0.0,0.0,0.0
5,3,0.0,0.0,0.0
5,3,0.0,0.0,0.0
5,3,0.0,0.0,0.0
5,3,0.0,0.0,0.0
5,3,0.0,0.0,0.0
5,3,0.0,0.0,0.0
5,3,0.0,0.0,0.0
5,3,0.0,0.0,0.0
5,3,0.0,0.0,0.0
5,3,0.0,0.0,0.0
5,3,0.0,0.0,0.0
5,3,0.0,0.0,0.0
5,3,0.0,0.0,0.0
5,3,0.0,0.0,0.0
5,3,0.0,0.0,0.0
5,3,0.0,0.0,0.0
5,3,0.0,0.0,0.0
5,3,0.0,0.0,0.0
5,3,0.0,0.0,0.0
5,3,0.0,0.0,0.0
5,3,0.0,0.0,0.0
5,3,0.0,0.0,0.0
5,3,0.0,0.0,0.0
5,3,0.0,0.0,0.0
5,3,0.0,0.0,0.0
5,3,0.0,0.0,0.0
5,3,0.0,0.0,0.0
5,3,0.0,0.0,0.0
5,3,0.0,0.0,0.0
5,3,0.0,0.0,0.0
5,3,0.0,0.0,0.0
5,3,0.0,0.0,0.0
5,3,0.0,0.0,0.0
5,3,0.0,0.0,0.0
5,3,0.0,0.0,0.0
5,3,0.0,0.0,0.0
5,3,0.0,0.0,0.0
5,3,0.0,0.0,0.0
5,3,0.0,0.0,0.0
5,3,0.0,0.0,0.0
5,3,0.0,0.0,0.0
5,3,0.0,0.0,0.0
5,3,0.0,0.0,0.0
5,3,0.0,0.0,0.0
5,3,0.0,0.0,0.0
5,3,0.0,0.0,0.0
5,3,0.0,0.0,0.0
5,3,0.0,0.0,0.0
5,3,0.0,0.0,0.0
5,3,0.0,0.0,0.0
5,3,0.0,0.0,0.0
5,3,0.0,0.0,0.0
5,3,0.0,0.0,0.0
5,3,0.0,0.0,0.0
5,3,0.0,0.0,0.0
5,3,0.0,0.0,0.0
5,3,0.0,0.0,0.0
5,3,0.0,0.0,0.0
5,3,0.0,0.0,0.0
5,3,0.0,0.0,0.0
5,3,0.0,0.0,0.0
5,3,0.0,0.0,0.0
5,3,0.0,0.0,0.0
5,3,0.0,0.0,0.0
5,3,0.0,0.0,0.0
5,3,0.0,0.0,0.0
5,3,0.0,0.0,0.0
5,3,0.0,0.0,0.0
5,3,0.0,0.0,0.0
5,3,0.0,0.0,0.0
5,3,0.0,0.0,0.0
5,3,0.0,0.0,0.0
5,3,0.0,0.0,0.0
5,3,0.0,0.0,0.0
5,3,0.0,0.0,0.0
5,3,0.0,0.0,0.0
5,3,0.0,0.0,0.0
5,3,0.0,0.0,0.0
5,3,0.0,0.0,0.0
5,3,0.0,0.0,0.0
5,3,0.0,0.0,0.0
5,3,0.0,0.0,0.0
5,3,0.0,0.0,0.0
5,3,0.0,0.0,0.0
5,3,0.0,0.0,0.0
5,3,0.0,0.0,0.0
5,3,0.0,0.0,0.0
5,3,0.0,0.0,0.0
5,3,0.0,0.0,0.0
5,3,0.0,0.0,0.0
5,3,0.0,0.0,0.0
5,3,0.0,0.0,0.0
5,3,0.0,0.0,0.0
5,3,0.0,0.0,0.0
5,3,0.0,0.0,0.0
5,3,0.0,0.0,0.0
5,3,0.0,0.0,0.0
5,3,0.0,0.0,0.0
5,3,0.0,0.0,0.0
5,3,0.0,0.0,0.0
5,3,0.0,0.0,0.0
5,3,0.0,0.0,0.0
5,3,0.0,0.0,0.0
5,3,0.0,0.0,0.0
5,3,0.0,0.0,0.0
5,3,0.0,0.0,0.0
5,3,0.0,0.0,0.0
5,3,0.0,0.0,0.0
5,3,0.0,0.0,0.0
5,3,0.0,0.0,0.0
5,3,0.0,0.0,0.0
5,3,0.0,0.0,0.0
5,3,0.0,0.0,0.0
5,3,0.0,0.0,0.0
5,3,0.0,0.0,0.0
5,3,0.0,0.0,0.0
5,3,0.0,0.0,0.0
5,3,0.0,0.0,0.0
5,3,0.0,0.0,0.0
5,3,0.0,0.0,0.0
5,3,0.0,0.0,0.0
5,3,0.0,0.0,0.0
5,3,0.0,0.0,0.0
5,3,0.0,0.0,0.0
5,3,0.0,0.0,0.0
5,3,0.0,0.0,0.0
5,3,0.0,0.0,0.0
5,3,0.0,0.0,0.0
5,3,0.0,0.0,0.0
5,3,0.0,0.0,0.0
5,3,0.0,0.0,0.0
5,3,0.0,0.0,0.0
5,3,0.0,0.0,0.0
5,3,0.0,0.0,0.0
5,3,0.0,0.0,0.0
5,3,0.0,0.0,0.0
5,3,0.0,0.0,0.0
5,3,0.0,0.0,0.0
5,3,0.0,0.0,0.0
5,3,0.0,0.0,0.0
5,3,0.0,0.0,0.0
5,3,0.0,0.0,0.0
5,3,0.0,0.0,0.0
5,3,0.0,0.0,0.0
5,3,0.0,0.0,0.0
5,3,0.0,0.0,0.0
5,3,0.0,0.0,0.0
5,3,0.0,0.0,0.0
5,3,0.0,0.0,0.0
5,3,0.0,0.0,0.0
5,3,0.0,0.0,0.0
5,3,0.0,0.0,0.0
5,3,0.0,0.0,0.0
5,3,0.0,0.0,0.0
5,3,0.0,0.0,0.0
5,3,0.0,0.0,0.0
5,3,0.0,0.0,0.0
5,3,0.0,0.0,0.0
5,3,0.0,0.0,0.0
5,3,0.0,0.0,0.0
5,3,0.0,0.0,0.0
5,3,0.0,0.0,0.0
5,3,0.0,0.0,0.0
5,3,0.0,0.0,0.0
5,3,0.0,0.0,0.0
5,3,0.0,0.0,0.0
5,3,0.0,0.0,0.0
5,3,0.0,0.0,0.0
5,3,0.0,0.0,0.0
5,3,0.0,0.0,0.0
5,3,0.0,0.0,0.0
5,3,0.0,0.0,0.0
5,3,0.0,0.0,0.0
5,3,0.0,0.0,0.0
5,3,0.0,0.0,0.0
5,3,0.0,0.0,0.0
5,3,0.0,0.0,0.0
5,3,0.0,0.0,0.0
5,3,0.0,0.0,0.0
5,3,0.0,0.0,0.0
5,3,0.0,0.0,0.0
5,3,0.0,0.0,0.0
5,3,0.0,0.0,0.0
5,3,0.0,0.0,0.0
5,3,0.0,0.0,0.0
5,3,0.0,0.0,0.0
5,3,0.0,0.0,0.0
5,3,0.0,0.0,0.0
5,3,0.0,0.0,0.0
5,3,0.0,0.0,0.0
5,3,0.0,0.0,0.0
5,3,0.0,0.0,0.0
5,3,0.0,0.0,0.0
5,3,0.0,0.0,0.0
5,3,0.0,0.0,0.0
5,3,0.0,0.0,0.0
5,3,0.0,0.0,0.0
5,3,0.0,0.0,0.0
5,3,0.0,0.0,0.0
5,3,0.0,0.0,0.0
5,3,0.0,0.0,0.0
5,3,0.0,0.0,0.0
5,3,0.0,0.0,0.0
5,3,0.0,0.0,0.0
5,3,0.0,0.0,0.0
5,3,0.0,0.0,0.0
5,3,0.0,0.0,0.0
5,3,0.0,0.0,0.0
5,3,0.0,0.0,0.0
5,3,0.0,0.0,0.0
5,3,0.0,0.0,0.0
5,3,0.0,0.0,0.0
5,3,0.0,0.0,0.0
5,3,0.0,0.0,0.0
5,3,0.0,0.0,0.0
5,3,0.0,0.0,0.0
5,3,0.0,0.0,0.0
5,3,0.0,0.0,0.0
5,3,0.0,0.0,0.0
5,3,0.0,0.0,0.0
5,3,0.0,0.0,0.0
5,3,0.0,0.0,0.0
5,3,0.0,0.0,0.0
5,3,0.0,0.0,0.0
5,3,0.0,0.0,0.0
5,3,0.0,0.0,0.0
5,3,0.0,0.0,0.0
5,3,0.0,0.0,0.0
5,3,0.0,0.0,0.0
5,3,0.0,0.0,0.0
5,3,0.0,0.0,0.0
5,3,0.0,0.0,0.0
5,3,0.0,0.0,0.0
5,3,0.0,0.0,0.0
5,3,0.0,0.0,0.0
5,3,0.0,0.0,0.0
5,3,0.0,0.0,0.0
5,3,0.0,0.0,0.0
5,3,0.0,0.0,0.0
5,3,0.0,0.0,0.0
5,3,0.0,0.0,0.0
5,3,0.0,0.0,0.0
5,3,0.0,0.0,0.0
5,3,0.0,0.0,0.0
5,3,0.0,0.0,0.0
5,3,0.0,0.0,0.0
5,3,0.0,0.0,0.0
5,3,0.0,0.0,0.0
5,3,0.0,0.0,0.0
5,3,0.0,0.0,0.0
5,3,0.0,0.0,0.0
5,3,0.0,0.0,0.0
5,3,0.0,0.0,0.0
5,3,0.0,0.0,0.0
5,3,0.0,0.0,0.0
5,3,0.0,0.0,0.0
5,3,0.0,0.0,0.0
5,3,0.0,0.0,0.0
5,3,0.0,0.0,0.0
5,3,0.0,0.0,0.0
5,3,0.0,0.0,0.0
5,3,0.0,0.0,0.0
5,3,0.0,0.0,0.0
5,3,0.0,0.0,0.0
5,3,0.0,0.0,0.0
5,3,0.0,0.0,0.0
5,3,0.0,0.0,0.0
5,3,0.0,0.0,0.0
5,3,0.0,0.0,0.0
5,3,0.0,0.0,0.0
5,3,0.0,0.0,0.0
5,3,0.0,0.0,0.0
5,3,0.0,0.0,0.0
5,3,0.0,0.0,0.0
5,3,0.0,0.0,0.0
5,3,0.0,0.0,0.0
5,3,0.0,0.0,0.0
5,3,0.0,0.0,0.0
5,3,0.0,0.0,0.0
5,3,0.0,0.0,0.0
5,3,0.0,0.0,0.0
5,3,0.0,0.0,0.0
5,3,0.0,0.0,0.0
5,3,0.0,0.0,0.0
5,3,0.0,0.0,0.0
5,3,0.0,0.0,0.0
5,3,0.0,0.0,0.0
5,3,0.0,0.0,0.0
5,3,0.0,0.0,0.0
5,3,0.0,0.0,0.0
5,3,0.0,0.0,0.0
5,3,0.0,0.0,0.0
5,3,0.0,0.0,0.0
5,3,0.0,0.0,0.0
5,3,0.0,0.0,0.0
5,3,0.0,0.0,0.0
5,3,0.0,0.0,0.0
5,3,0.0,0.0,0.0
5,3,0.0,0.0,0.0
5,3,0.0,0.0,0.0
5,3,0.0,0.0,0.0
5,3,0.0,0.0,0.0
5,3,0.0,0.0,30.360000000000003
5,3,0.0,0.0,0.0
5,3,0.0,0.0,0.0
5,3,0.0,0.0,0.0
5,3,0.0,0.0,0.0
5,3,0.0,0.0,0.0
5,3,0.0,0.0,0.0
5,3,0.0,0.0,0.0
5,3,0.0,0.0,0.0
5,3,0.0,0.0,0.0
5,3,0.0,0.0,0.0
5,3,0.0,0.0,0.0
5,3,0.0,0.0,0.0
5,3,0.0,0.0,0.0
5,3,0.0,0.0,0.0
5,3,0.0,0.0,0.0
5,3,0.0,0.0,0.0
5,3,0.0,0.0,0.0
5,3,0.0,0.0,0.0
5,3,0.0,0.0,0.0
5,3,0.0,0.0,0.0
5,3,0.0,0.0,0.0
5,3,0.0,0.0,0.0
5,3,0.0,0.0,0.0
5,3,0.0,0.0,0.0
5,3,0.0,0.0,0.0
5,3,0.0,0.0,0.0
5,3,0.0,0.0,0.0
5,3,0.0,0.0,0.0
5,3,0.0,0.0,0.0
5,3,0.0,0.0,0.0
5,3,0.0,0.0,0.0
5,3,0.0,0.0,0.0
5,3,0.0,0.0,0.0
5,3,0.0,0.0,0.0
5,3,0.0,0.0,0.0
5,3,0.0,0.0,0.0
5,3,0.0,0.0,0.0
5,3,0.0,0.0,0.0
5,3,0.0,0.0,0.0
5,3,0.0,0.0,0.0
5,3,0.0,0.0,0.0
5,3,0.0,0.0,0.0
5,3,0.0,0.0,0.0
5,3,0.0,0.0,0.0
5,3,0.0,0.0,0.0
5,3,0.0,0.0,0.0
5,3,0.0,0.0,0.0
5,3,0.0,0.0,0.0
5,3,0.0,0.0,0.0
5,3,0.0,0.0,0.0
5,3,0.0,0.0,0.0
5,3,0.0,0.0,0.0
5,3,0.0,0.0,0.0
5,3,0.0,0.0,0.0
5,3,0.0,0.0,0.0
5,3,0.0,0.0,0.0
5,3,0.0,0.0,0.0
5,3,0.0,0.0,0.0
5,3,0.0,0.0,0.0
5,3,0.0,0.0,0.0
5,3,0.0,0.0,0.0
5,3,0.0,0.0,0.0
5,3,0.0,0.0,0.0
5,3,0.0,0.0,0.0
5,3,0.0,0.0,0.0
5,3,0.0,0.0,0.0
5,3,0.0,0.0,0.0
5,3,0.0,0.0,0.0
5,3,0.0,0.0,0.0
5,3,0.0,0.0,0.0
5,3,0.0,0.0,33.0
5,3,0.0,0.0,0.0
5,3,0.0,0.0,0.0
5,3,0.0,0.0,0.0
5,3,0.0,0.0,14.520000000000001
5,3,0.0,0.0,0.0
5,3,0.0,0.0,0.0
5,3,0.0,0.0,0.0
5,3,0.0,0.0,0.0
5,3,0.0,0.0,0.0
5,3,0.0,0.0,0.0
5,3,0.0,0.0,0.0
5,3,0.0,0.0,0.0
5,3,0.0,0.0,0.0
5,3,0.0,0.0,0.0
5,3,0.0,0.0,0.0
5,3,0.0,0.0,0.0
5,3,0.0,0.0,0.0
5,3,0.0,0.0,0.0
5,3,0.0,0.0,0.0
5,3,0.0,0.0,0.0
5,3,0.0,0.0,0.0
5,3,0.0,0.0,0.0
5,3,0.0,0.0,0.0
5,3,0.0,0.0,0.0
5,3,0.0,0.0,0.0
5,3,0.0,0.0,0.0
5,3,0.0,0.0,0.0
5,3,0.0,0.0,0.0
5,3,0.0,0.0,0.0
5,3,0.0,0.0,0.0
5,3,0.0,0.0,0.0
5,3,0.0,0.0,0.0
5,3,0.0,0.0,0.0
5,3,0.0,0.0,0.0
5,3,0.0,0.0,0.0
5,3,0.0,0.0,0.0
5,3,0.0,0.0,0.0
5,3,0.0,0.0,0.0
5,3,0.0,0.0,0.0
5,3,0.0,0.0,0.0
5,3,0.0,0.0,0.0
5,3,0.0,0.0,0.0
5,3,0.0,0.0,0.0
5,3,0.0,0.0,0.0
5,3,0.0,0.0,0.0
5,3,0.0,0.0,0.0
5,3,0.0,0.0,0.0
5,3,0.0,0.0,0.0
5,3,0.0,0.0,0.0
5,3,0.0,0.0,0.0
5,3,0.0,0.0,0.0
5,3,0.0,0.0,0.0
5,3,0.0,0.0,0.0
5,3,0.0,0.0,0.0
5,3,0.0,0.0,0.0
5,3,0.0,0.0,0.0
5,3,0.0,0.0,0.0
5,3,0.0,0.0,0.0
5,3,0.0,0.0,0.0
5,3,0.0,0.0,0.0
5,3,0.0,0.0,0.0
5,3,0.0,0.0,0.0
5,3,0.0,0.0,0.0
5,3,0.0,0.0,0.0
5,3,0.0,0.0,0.0
5,3,0.0,0.0,0.0
5,3,0.0,0.0,0.0
5,3,0.0,0.0,0.0
5,3,0.0,0.0,0.0
5,3,0.0,0.0,0.0
5,3,0.0,0.0,0.0
5,3,0.0,0.0,0.0
5,3,0.0,0.0,0.0
5,3,0.0,0.0,0.0
5,3,0.0,0.0,0.0
5,3,0.0,0.0,0.0
5,3,0.0,0.0,0.0
5,3,0.0,0.0,0.0
5,3,0.0,0.0,0.0
5,3,0.0,0.0,0.0
5,3,0.0,0.0,0.0
5,3,0.0,0.0,0.0
5,3,0.0,0.0,0.0
5,3,0.0,0.0,0.0
5,3,0.0,0.0,0.0
5,3,0.0,0.0,0.0
5,3,0.0,0.0,0.0
5,3,0.0,0.0,0.0
5,3,0.0,0.0,0.0
5,3,0.0,0.0,0.0
5,3,0.0,0.0,0.0
5,3,0.0,0.0,0.0
5,3,0.0,0.0,0.0
5,3,0.0,0.0,0.0
5,3,0.0,0.0,0.0
5,3,0.0,0.0,0.0
5,3,0.0,0.0,0.0
5,3,0.0,0.0,0.0
5,3,0.0,0.0,0.0
5,3,0.0,0.0,0.0
5,3,0.0,0.0,0.0
5,3,0.0,0.0,0.0
5,3,0.0,0.0,0.0
5,3,0.0,0.0,0.0
5,3,0.0,0.0,0.0
5,3,0.0,0.0,0.0
5,3,0.0,0.0,0.0
5,3,0.0,0.0,0.0
5,3,0.0,0.0,0.0
5,3,0.0,0.0,0.0
5,3,0.0,0.0,0.0
5,3,0.0,0.0,0.0
5,3,0.0,0.0,0.0
5,3,0.0,0.0,0.0
5,3,0.0,0.0,0.0
5,3,0.0,0.0,0.0
5,3,0.0,0.0,0.0
5,3,0.0,0.0,0.0
5,3,0.0,0.0,0.0
5,3,0.0,0.0,0.0
5,3,0.0,0.0,0.0
5,3,0.0,0.0,0.0
5,3,0.0,0.0,0.0
5,3,0.0,0.0,0.0
5,3,0.0,0.0,0.0
5,3,0.0,0.0,0.0
5,3,0.0,0.0,0.0
5,3,0.0,0.0,0.0
5,3,0.0,0.0,0.0
5,3,0.0,0.0,0.0
5,3,0.0,0.0,0.0
5,3,0.0,0.0,0.0
5,3,0.0,0.0,0.0
5,3,0.0,0.0,0.0
5,3,0.0,0.0,0.0
5,3,0.0,0.0,0.0
5,3,0.0,0.0,0.0
5,3,0.0,0.0,0.0
5,3,0.0,0.0,0.0
5,3,0.0,0.0,0.0
5,3,0.0,0.0,0.0
5,3,0.0,0.0,0.0
5,3,0.0,0.0,0.0
5,3,0.0,0.0,0.0
5,3,0.0,0.0,0.0
5,3,0.0,0.0,0.0
5,3,0.0,0.0,0.0
5,3,0.0,0.0,0.0
5,3,0.0,0.0,0.0
6,2,0.0,0.0,0.0
6,2,0.0,0.0,0.0
6,2,0.0,0.0,0.0
6,2,0.0,0.0,0.0
6,2,0.0,0.0,0.0
6,2,0.0,0.0,0.0
6,2,0.0,0.0,0.0
6,2,0.0,0.0,0.0
6,2,0.0,0.0,0.0
6,2,0.0,0.0,0.0
6,2,0.0,0.0,0.0
6,2,0.0,0.0,0.0
6,2,0.0,0.0,0.0
6,2,0.0,0.0,0.0
6,2,0.0,0.0,0.0
6,2,0.0,0.0,0.0
6,2,0.0,0.0,0.0
6,2,0.0,0.0,0.0
6,2,0.0,0.0,0.0
6,2,0.0,0.0,0.0
6,2,0.0,0.0,0.0
6,2,0.0,0.0,0.0
6,2,0.0,0.0,0.0
6,2,0.0,0.0,0.0
6,2,0.0,0.0,0.0
6,2,0.0,0.0,0.0
6,2,0.0,0.0,0.0
6,2,0.0,0.0,0.0
6,2,0.0,0.0,0.0
6,2,0.0,0.0,0.0
6,2,0.0,0.0,0.0
6,2,0.0,0.0,0.0
6,2,0.0,0.0,0.0
6,2,0.0,0.0,0.0
6,2,0.0,0.0,0.0
6,2,0.0,0.0,0.0
6,2,0.0,0.0,0.0
6,2,0.0,0.0,0.0
6,2,0.0,0.0,0.0
6,2,0.0,0.0,0.0
6,2,0.0,0.0,0.0
6,2,0.0,0.0,0.0
6,2,0.0,0.0,0.0
6,2,0.0,0.0,0.0
6,2,0.0,0.0,0.0
6,2,0.0,0.0,0.0
6,2,0.0,0.0,0.0
6,2,0.0,0.0,0.0
6,2,0.0,0.0,0.0
6,2,0.0,0.0,0.0
6,2,0.0,0.0,0.0
6,2,0.0,0.0,0.0
6,2,0.0,0.0,0.0
6,2,0.0,0.0,0.0
6,2,0.0,0.0,0.0
6,2,0.0,0.0,0.0
6,2,0.0,0.0,0.0
6,2,0.0,0.0,0.0
6,2,0.0,0.0,0.0
6,2,0.0,0.0,0.0
6,2,0.0,0.0,0.0
6,2,0.0,0.0,0.0
6,2,0.0,0.0,0.0
6,2,0.0,0.0,0.0
6,2,0.0,0.0,0.0
6,2,0.0,0.0,0.0
6,2,0.0,0.0,0.0
6,2,0.0,0.0,0.0
6,2,0.0,0.0,0.0
6,2,0.0,0.0,0.0
6,2,0.0,0.0,0.0
6,2,0.0,0.0,0.0
6,2,0.0,0.0,0.0
6,2,0.0,0.0,0.0
6,2,0.0,0.0,0.0
6,2,0.0,0.0,0.0
6,2,0.0,0.0,0.0
6,2,0.0,0.0,0.0
6,2,0.0,0.0,0.0
6,2,0.0,0.0,0.0
6,2,0.0,0.0,0.0
6,2,0.0,0.0,0.0
6,2,0.0,0.0,0.0
6,2,0.0,0.0,0.0
6,2,0.0,0.0,0.0
6,2,0.0,0.0,0.0
6,2,0.0,0.0,0.0
6,2,0.0,0.0,0.0
6,2,0.0,0.0,0.0
6,2,0.0,0.0,0.0
6,2,0.0,0.0,0.0
6,2,0.0,0.0,0.0
6,2,0.0,0.0,0.0
6,2,0.0,0.0,0.0
6,2,0.0,0.0,0.0
6,2,0.0,0.0,0.0
6,2,0.0,0.0,0.0
6,2,0.0,0.0,0.0
6,2,0.0,0.0,0.0
6,2,0.0,0.0,0.0
6,2,0.0,0.0,0.0
6,2,0.0,0.0,0.0
6,2,0.0,0.0,0.0
6,2,0.0,0.0,0.0
6,2,0.0,0.0,0.0
6,2,0.0,0.0,0.0
6,2,0.0,0.0,0.0
6,2,0.0,0.0,0.0
6,2,0.0,0.0,0.0
6,2,0.0,0.0,0.0
6,2,0.0,0.0,0.0
6,2,0.0,0.0,0.0
6,2,0.0,0.0,0.0
6,2,0.0,0.0,0.0
6,2,0.0,0.0,0.0
6,2,0.0,0.0,0.0
6,2,0.0,0.0,0.0
6,2,0.0,0.0,0.0
6,2,0.0,0.0,0.0
6,2,0.0,0.0,0.0
6,2,0.0,0.0,0.0
6,2,0.0,0.0,0.0
6,2,0.0,0.0,0.0
6,2,0.0,0.0,0.0
6,2,0.0,0.0,0.0
6,2,0.0,0.0,0.0
6,2,0.0,0.0,0.0
6,2,0.0,0.0,0.0
6,2,0.0,0.0,0.0
6,2,0.0,0.0,0.0
6,2,0.0,0.0,0.0
6,2,0.0,0.0,0.0
6,2,0.0,0.0,0.0
6,2,0.0,0.0,0.0
6,2,0.0,0.0,0.0
6,2,0.0,0.0,0.0
6,2,0.0,0.0,0.0
6,2,0.0,0.0,0.0
6,2,0.0,0.0,0.0
6,2,0.0,0.0,0.0
6,2,0.0,0.0,0.0
6,2,0.0,0.0,0.0
6,2,0.0,0.0,0.0
6,2,0.0,0.0,0.0
6,2,0.0,0.0,0.0
6,2,0.0,0.0,0.0
6,2,0.0,0.0,0.0
6,2,0.0,0.0,0.0
6,2,0.0,0.0,0.0
6,2,0.0,0.0,0.0
6,2,0.0,0.0,0.0
6,2,0.0,0.0,0.0
6,2,0.0,0.0,0.0
6,2,0.0,0.0,0.0
6,2,0.0,0.0,0.0
6,2,0.0,0.0,0.0
6,2,0.0,0.0,0.0
6,2,0.0,0.0,0.0
6,2,0.0,0.0,0.0
6,2,0.0,0.0,0.0
6,2,0.0,0.0,0.0
6,2,0.0,0.0,0.0
6,2,0.0,0.0,0.0
6,2,0.0,0.0,0.0
6,2,0.0,0.0,0.0
6,2,0.0,0.0,0.0
6,2,0.0,0.0,0.0
6,2,0.0,0.0,0.0
6,2,0.0,0.0,0.0
6,2,0.0,0.0,0.0
6,2,0.0,0.0,0.0
6,2,0.0,0.0,0.0
6,2,0.0,0.0,0.0
6,2,0.0,0.0,0.0
6,2,0.0,0.0,0.0
6,2,0.0,0.0,0.0
6,2,0.0,0.0,0.0
6,2,0.0,0.0,0.0
6,2,0.0,0.0,0.0
6,2,0.0,0.0,0.0
6,2,0.0,0.0,0.0
6,2,0.0,0.0,0.0
6,2,0.0,0.0,0.0
6,2,0.0,0.0,0.0
6,2,0.0,0.0,0.0
6,2,0.0,0.0,0.0
6,2,0.0,0.0,0.0
6,2,0.0,0.0,0.0
6,2,0.0,0.0,0.0
6,2,0.0,0.0,0.0
6,2,0.0,0.0,0.0
6,2,0.0,0.0,0.0
6,2,0.0,0.0,0.0
6,2,0.0,0.0,0.0
6,2,0.0,0.0,0.0
6,2,0.0,0.0,0.0
6,2,0.0,0.0,0.0
6,2,0.0,0.0,0.0
6,2,0.0,0.0,0.0
6,2,0.0,0.0,0.0
6,2,0.0,0.0,0.0
6,2,0.0,0.0,0.0
6,2,0.0,0.0,0.0
6,2,0.0,0.0,0.0
6,2,0.0,0.0,0.0
6,2,0.0,0.0,0.0
6,2,0.0,0.0,0.0
6,2,0.0,0.0,0.0
6,2,0.0,0.0,0.0
6,2,0.0,0.0,0.0
6,2,0.0,0.0,0.0
6,2,0.0,0.0,0.0
6,2,0.0,0.0,0.0
6,2,0.0,0.0,0.0
6,2,0.0,0.0,0.0
6,2,0.0,0.0,0.0
6,2,0.0,0.0,0.0
6,2,0.0,0.0,0.0
6,2,0.0,0.0,0.0
6,2,0.0,0.0,0.0
6,2,0.0,0.0,0.0
6,2,0.0,0.0,0.0
6,2,0.0,0.0,0.0
6,2,0.0,0.0,0.0
6,2,0.0,0.0,0.0
6,2,0.0,0.0,0.0
6,2,0.0,0.0,0.0
6,2,0.0,0.0,0.0
6,2,0.0,0.0,0.0
6,2,0.0,0.0,0.0
6,2,0.0,0.0,0.0
6,2,0.0,0.0,0.0
6,2,0.0,0.0,0.0
6,2,0.0,0.0,0.0
6,2,0.0,0.0,0.0
6,2,0.0,0.0,0.0
6,2,0.0,0.0,0.0
6,2,0.0,0.0,0.0
6,2,0.0,0.0,0.0
6,2,0.0,0.0,0.0
6,2,0.0,0.0,0.0
6,2,0.0,0.0,0.0
6,2,0.0,0.0,0.0
6,2,0.0,0.0,0.0
6,2,0.0,0.0,0.0
6,2,0.0,0.0,0.0
6,2,0.0,0.0,0.0
6,2,0.0,0.0,0.0
6,2,0.0,0.0,0.0
6,2,0.0,0.0,0.0
6,2,0.0,0.0,0.0
6,2,0.0,0.0,0.0
6,2,0.0,0.0,0.0
6,2,0.0,0.0,0.0
6,2,0.0,0.0,0.0
6,2,0.0,0.0,0.0
6,2,0.0,0.0,0.0
6,2,0.0,0.0,0.0
6,2,0.0,0.0,0.0
6,2,0.0,0.0,0.0
6,2,0.0,0.0,0.0
6,2,0.0,0.0,0.0
6,2,0.0,0.0,0.0
6,2,0.0,0.0,0.0
6,2,0.0,0.0,0.0
6,2,0.0,0.0,0.0
6,2,0.0,0.0,0.0
6,2,0.0,0.0,0.0
6,2,0.0,0.0,0.0
6,2,0.0,0.0,0.0
6,2,0.0,0.0,0.0
6,2,0.0,0.0,0.0
6,2,0.0,0.0,0.0
6,2,0.0,0.0,0.0
6,2,0.0,0.0,0.0
6,2,0.0,0.0,0.0
6,2,0.0,0.0,0.0
6,2,0.0,0.0,0.0
6,2,0.0,0.0,0.0
6,2,0.0,0.0,0.0
6,2,0.0,0.0,0.0
6,2,0.0,0.0,0.0
6,2,0.0,0.0,0.0
6,2,0.0,0.0,0.0
6,2,0.0,0.0,0.0
6,2,0.0,0.0,0.0
6,2,0.0,0.0,0.0
6,2,0.0,0.0,0.0
6,2,0.0,0.0,0.0
6,2,0.0,0.0,0.0
6,2,0.0,0.0,0.0
6,2,0.0,0.0,0.0
6,2,0.0,0.0,0.0
6,2,0.0,0.0,0.0
6,2,0.0,0.0,0.0
6,2,0.0,0.0,0.0
6,2,0.0,0.0,0.0
6,2,0.0,0.0,0.0
6,2,0.0,0.0,0.0
6,2,0.0,0.0,0.0
6,2,0.0,0.0,0.0
6,2,0.0,0.0,0.0
6,2,0.0,0.0,0.0
6,2,0.0,0.0,0.0
6,2,0.0,0.0,0.0
6,2,0.0,0.0,0.0
6,2,0.0,0.0,0.0
6,2,0.0,0.0,0.0
6,2,0.0,0.0,0.0
6,2,0.0,0.0,0.0
6,2,0.0,0.0,0.0
6,2,0.0,0.0,0.0
6,2,0.0,0.0,0.0
6,2,0.0,0.0,0.0
6,2,0.0,0.0,0.0
6,2,0.0,0.0,0.0
6,2,0.0,0.0,0.0
6,2,0.0,0.0,0.0
6,2,0.0,0.0,0.0
6,2,0.0,0.0,0.0
6,2,0.0,0.0,0.0
6,2,0.0,0.0,0.0
6,2,0.0,0.0,0.0
6,2,0.0,0.0,0.0
6,2,0.0,0.0,0.0
6,2,0.0,0.0,0.0
6,2,0.0,0.0,0.0
6,2,0.0,0.0,0.0
6,2,0.0,0.0,0.0
6,2,0.0,0.0,0.0
6,2,0.0,0.0,0.0
6,2,0.0,0.0,0.0
6,2,0.0,0.0,0.0
6,2,0.0,0.0,0.0
6,2,0.0,0.0,0.0
6,2,0.7420098348326363,0.0,33.0
6,2,0.0,0.0,0.0
6,2,0.0,0.0,0.0
6,2,0.0,0.0,0.0
6,2,0.0,0.0,0.0
6,2,0.0,0.0,0.0
6,2,0.0,0.0,0.0
6,2,0.0,0.0,0.0
6,2,0.0,0.0,0.0
6,2,0.0,0.0,0.0
6,2,0.0,0.0,0.0
6,2,0.0,0.0,0.0
6,2,0.0,0.0,0.0
6,2,0.0,0.0,0.0
6,2,0.0,0.0,0.0
6,2,0.0,0.0,0.0
6,2,0.0,0.0,0.0
6,2,0.0,0.0,0.0
6,2,0.0,0.0,0.0
6,2,0.0,0.0,0.0
6,2,0.0,0.0,0.0
6,2,0.0,0.0,0.0
6,2,0.0,0.0,0.0
6,2,0.0,0.0,0.0
6,2,0.0,0.0,0.0
6,2,0.0,0.0,0.0
6,2,0.0,0.0,0.0
6,2,0.0,0.0,0.0
6,2,0.0,0.0,0.0
6,2,0.0,0.0,0.0
6,2,0.0,0.0,0.0
6,2,0.0,0.0,0.0
6,2,0.0,0.0,0.0
6,2,0.0,0.0,0.0
6,2,0.0,0.0,0.0
6,2,0.0,0.0,0.0
6,2,0.0,0.0,0.0
6,2,0.0,0.0,0.0
6,2,0.0,0.0,0.0
6,2,0.0,0.0,0.0
6,2,0.0,0.0,0.0
6,2,0.0,0.0,0.0
6,2,0.0,0.0,0.0
6,2,0.0,0.0,0.0
6,2,0.0,0.0,0.0
6,2,0.0,0.0,0.0
6,2,0.0,0.0,0.0
6,2,0.0,0.0,0.0
6,2,0.0,0.0,0.0
6,2,0.0,0.0,0.0
6,2,0.0,0.0,0.0
6,2,0.0,0.0,0.0
6,2,0.0,0.0,0.0
6,2,0.0,0.0,0.0
6,2,0.0,0.0,0.0
6,2,0.0,0.0,0.0
6,2,0.0,0.0,0.0
6,2,0.0,0.0,0.0
6,2,0.0,0.0,0.0
6,2,0.0,0.0,0.0
6,2,0.0,0.0,0.0
6,2,0.0,0.0,0.0
6,2,0.0,0.0,0.0
6,2,0.0,0.0,0.0
6,2,0.0,0.0,0.0
6,2,0.0,0.0,0.0
6,2,0.0,0.0,0.0
6,2,0.0,0.0,0.0
6,2,0.0,0.0,0.0
6,2,0.0,0.0,0.0
6,2,0.0,0.0,0.0
6,2,0.0,0.0,0.0
6,2,0.0,0.0,0.0
6,2,0.0,0.0,0.0
6,2,0.0,0.0,0.0
6,2,0.0,0.0,0.0
6,2,0.0,0.0,0.0
6,2,0.0,0.0,0.0
6,2,0.0,0.0,0.0
6,2,0.0,0.0,0.0
6,2,0.0,0.0,0.0
6,2,0.0,0.0,0.0
6,2,0.0,0.0,0.0
6,2,0.0,0.0,0.0
6,2,0.0,0.0,0.0
6,2,0.0,0.0,0.0
6,2,0.0,0.0,0.0
6,2,0.0,0.0,0.0
6,2,0.0,0.0,0.0
6,2,0.0,0.0,0.0
6,2,0.0,0.0,0.0
6,2,0.0,0.0,0.0
6,2,0.0,0.0,0.0
6,2,0.0,0.0,0.0
6,2,0.0,0.0,0.0
6,2,0.0,0.0,0.0
6,2,0.0,0.0,0.0
6,2,0.0,0.0,0.0
6,2,0.0,0.0,0.0
6,2,0.0,0.0,0.0
6,2,0.0,0.0,0.0
6,2,0.0,0.0,0.0
6,2,0.0,0.0,0.0
6,2,0.0,0.0,0.0
6,2,0.0,0.0,0.0
6,2,0.0,0.0,0.0
6,2,0.0,0.0,0.0
6,2,0.0,0.0,0.0
6,2,0.0,0.0,0.0
6,2,0.0,0.0,0.0
6,2,0.0,0.0,0.0
6,2,0.0,0.0,0.0
6,2,0.0,0.0,0.0
6,2,0.0,0.0,0.0
6,2,0.0,0.0,0.0
6,2,0.0,0.0,0.0
6,2,0.0,0.0,0.0
6,2,0.0,0.0,0.0
6,2,0.0,0.0,0.0
6,2,0.0,0.0,0.0
6,2,0.0,0.0,0.0
6,2,0.0,0.0,0.0
6,2,0.0,0.0,0.0
6,2,0.0,0.0,0.0
6,2,0.0,0.0,0.0
6,2,0.0,0.0,0.0
6,2,0.0,0.0,0.0
6,2,0.0,0.0,0.0
6,2,0.0,0.0,0.0
6,2,0.0,0.0,0.0
6,2,0.0,0.0,0.0
6,2,0.0,0.0,0.0
6,2,0.0,0.0,0.0
6,2,0.0,0.0,0.0
6,2,0.0,0.0,0.0
6,2,0.0,0.0,0.0
6,2,0.0,0.0,0.0
6,2,0.0,0.0,0.0
6,2,0.0,0.0,0.0
6,2,0.0,0.0,0.0
6,2,0.0,0.0,0.0
6,2,0.0,0.0,0.0
6,2,0.0,0.0,0.0
6,2,0.0,0.0,0.0
6,2,0.0,0.0,0.0
6,2,0.0,0.0,0.0
6,2,0.0,0.0,0.0
6,2,0.0,0.0,0.0
6,2,0.0,0.0,0.0
6,2,0.0,0.0,0.0
6,2,0.0,0.0,0.0
6,2,0.0,0.0,0.0
6,2,0.0,0.0,0.0
6,2,0.0,0.0,0.0
6,2,0.0,0.0,0.0
6,2,0.0,0.0,0.0
6,2,0.0,0.0,0.0
6,2,0.0,0.0,0.0
6,2,0.0,0.0,0.0
6,2,0.0,0.0,0.0
6,2,0.0,0.0,0.0
6,2,0.0,0.0,0.0
6,2,0.0,0.0,0.0
6,2,0.0,0.0,0.0
6,2,0.0,0.0,0.0
6,2,0.0,0.0,0.0
6,2,0.0,0.0,0.0
6,2,0.0,0.0,0.0
6,2,0.0,0.0,0.0
6,2,0.0,0.0,0.0
6,2,0.0,0.0,0.0
6,2,0.0,0.0,0.0
6,2,0.0,0.0,0.0
6,2,0.0,0.0,0.0
6,2,0.0,0.0,0.0
6,2,0.0,0.0,0.0
6,2,0.0,0.0,0.0
6,2,0.0,0.0,0.0
6,2,0.0,0.0,0.0
6,2,0.0,0.0,0.0
6,2,0.0,0.0,0.0
6,2,0.0,0.0,0.0
6,2,0.0,0.0,22.44
6,2,0.0,0.0,0.0
6,2,0.0,0.0,0.0
6,2,0.0,0.0,0.0
6,2,0.0,0.0,0.0
6,2,0.0,0.0,0.0
6,2,0.0,0.0,0.0
6,2,0.0,0.0,0.0
6,2,0.0,0.0,0.0
6,2,0.0,0.0,0.0
6,2,0.0,0.0,0.0
6,2,0.0,0.0,0.0
6,2,0.0,0.0,0.0
6,2,0.0,0.0,0.0
6,2,0.0,0.0,0.0
6,2,0.0,0.0,0.0
6,2,0.0,0.0,0.0
6,2,0.0,0.0,0.0
6,2,0.0,0.0,0.0
6,2,0.0,0.0,0.0
6,2,0.0,0.0,0.0
6,2,0.0,0.0,0.0
6,2,0.0,0.0,0.0
6,2,0.0,0.0,0.0
6,2,0.0,0.0,0.0
6,2,0.0,0.0,0.0
6,2,0.0,0.0,0.0
6,2,0.0,0.0,0.0
6,2,0.0,0.0,0.0
6,2,0.0,0.0,0.0
6,2,0.0,0.0,0.0
6,2,0.0,0.0,0.0
6,2,0.0,0.0,0.0
6,2,0.0,0.0,0.0
6,2,0.0,0.0,0.0
6,2,0.0,0.0,0.0
6,2,0.0,0.0,0.0
6,2,0.0,0.0,0.0
6,2,0.0,0.0,0.0
6,2,0.0,0.0,0.0
6,2,0.0,0.0,0.0
6,2,0.0,0.0,0.0
6,2,0.0,0.0,0.0
6,2,0.0,0.0,0.0
6,2,0.0,0.0,0.0
6,2,0.0,0.0,0.0
6,2,0.0,0.0,0.0
6,2,0.0,0.0,0.0
6,2,0.0,0.0,0.0
6,2,0.0,0.0,0.0
6,2,0.0,0.0,0.0
6,2,0.0,0.0,0.0
6,2,0.0,0.0,0.0
6,2,0.0,0.0,0.0
6,2,0.0,0.0,0.0
6,2,0.0,0.0,0.0
6,2,0.0,0.0,0.0
6,2,0.0,0.0,0.0
6,2,0.0,0.0,0.0
6,2,0.0,0.0,0.0
6,2,0.0,0.0,0.0
6,2,0.0,0.0,0.0
6,2,0.0,0.0,0.0
6,2,0.0,0.0,0.0
6,2,0.0,0.0,0.0
6,2,0.0,0.0,0.0
6,2,0.0,0.0,0.0
6,2,0.0,0.0,0.0
6,2,0.0,0.0,0.0
6,2,0.0,0.0,0.0
6,2,0.0,0.0,0.0
6,2,0.0,0.0,0.0
6,2,0.0,0.0,0.0
6,2,0.0,0.0,0.0
6,2,0.0,0.0,0.0
6,2,0.0,0.0,0.0
6,2,0.0,0.0,0.0
6,2,0.0,0.0,0.0
6,2,0.0,0.0,0.0
6,2,0.0,0.0,0.0
6,2,0.0,0.0,0.0
6,2,0.0,0.0,0.0
6,2,0.0,0.0,0.0
6,2,0.0,0.0,0.0
6,2,0.0,0.0,0.0
6,2,0.0,0.0,0.0
6,2,0.0,0.0,0.0
6,2,0.0,0.0,0.0
6,2,0.0,0.0,0.0
6,2,0.0,0.0,0.0
6,2,0.0,0.0,0.0
6,2,0.0,0.0,0.0
6,2,0.0,0.0,0.0
6,2,0.0,0.0,0.0
6,2,0.0,0.0,0.0
6,2,0.0,0.0,0.0
6,2,0.0,0.0,0.0
6,2,0.0,0.0,0.0
6,2,0.0,0.0,0.0
6,2,0.0,0.0,0.0
6,2,0.0,0.0,0.0
6,2,0.0,0.0,0.0
6,2,0.0,0.0,0.0
6,2,0.0,0.0,0.0
6,2,0.0,0.0,0.0
6,2,0.0,0.0,0.0
6,2,0.0,0.0,0.0
6,2,0.0,0.0,0.0
6,2,0.0,0.0,0.0
6,2,0.0,0.0,0.0
6,2,0.0,0.0,0.0
6,2,0.0,0.0,0.0
6,2,0.0,0.0,0.0
6,2,0.0,0.0,0.0
6,2,0.0,0.0,0.0
6,2,0.0,0.0,0.0
6,2,0.0,0.0,0.0
6,2,0.0,0.0,0.0
6,2,0.0,0.0,0.0
6,2,0.0,0.0,0.0
6,2,0.0,0.0,0.0
6,2,0.0,0.0,0.0
6,2,0.0,0.0,0.0
6,2,0.0,0.0,0.0
6,2,0.0,0.0,0.0
6,2,0.0,0.0,0.0
6,2,0.0,0.0,0.0
6,2,0.0,0.0,0.0
6,2,0.0,0.0,0.0
6,2,0.0,0.0,0.0
6,2,0.0,0.0,0.0
6,2,0.0,0.0,0.0
6,2,0.0,0.0,0.0
6,2,0.0,0.0,0.0
6,2,0.0,0.0,0.0
6,2,0.0,0.0,0.0
6,2,0.0,0.0,0.0
6,2,0.0,0.0,0.0
6,2,0.0,0.0,0.0
6,2,0.0,0.0,0.0
6,2,0.0,0.0,0.0
6,2,0.0,0.0,0.0
6,2,0.0,0.0,0.0
6,2,0.0,0.0,0.0
6,2,0.0,0.0,0.0
6,2,0.0,0.0,0.0
6,2,0.0,0.0,0.0
6,2,0.0,0.0,0.0
6,2,0.0,0.0,0.0
6,2,0.0,0.0,0.0
6,2,0.0,0.0,0.0
6,2,0.0,0.0,0.0
6,2,0.0,0.0,0.0
6,2,0.0,0.0,0.0
6,2,0.0,0.0,0.0
6,2,0.0,0.0,0.0
6,2,0.0,0.0,0.0
6,2,0.0,0.0,0.0
6,2,0.0,0.0,0.0
6,2,0.0,0.0,0.0
6,2,0.0,0.0,0.0
6,2,0.0,0.0,0.0
6,2,0.0,0.0,0.0
6,2,0.0,0.0,0.0
6,2,0.0,0.0,0.0
6,2,0.0,0.0,0.0
6,2,0.0,0.0,0.0
6,2,0.0,0.0,0.0
6,2,0.0,0.0,0.0
6,2,0.0,0.0,0.0
6,2,0.0,0.0,0.0
6,2,0.0,0.0,0.0
6,2,0.0,0.0,0.0
6,2,0.0,0.0,0.0
6,2,0.0,0.0,0.0
6,2,0.0,0.0,0.0
6,2,0.0,0.0,0.0
6,2,0.0,0.0,0.0
6,2,0.0,0.0,0.0
6,2,0.0,0.0,0.0
6,2,0.0,0.0,0.0
6,2,0.0,0.0,0.0
6,2,0.0,0.0,0.0
6,2,0.0,0.0,0.0
6,2,0.0,0.0,0.0
6,2,0.0,0.0,0.0
6,2,0.0,0.0,0.0
6,2,0.0,0.0,0.0
6,2,0.0,0.0,0.0
6,2,0.0,0.0,0.0
6,2,0.0,0.0,0.0
6,2,0.0,0.0,0.0
6,2,0.0,0.0,0.0
6,2,0.0,0.0,0.0
6,2,0.0,0.0,0.0
6,2,0.0,0.0,0.0
6,2,0.0,0.0,0.0
6,2,0.0,0.0,0.0
6,2,0.0,0.0,0.0
6,2,0.0,0.0,0.0
6,2,0.0,0.0,0.0
6,2,0.0,0.0,0.0
6,2,0.0,0.0,0.0
6,2,0.0,0.0,0.0
6,2,0.0,0.0,0.0
6,2,0.0,0.0,0.0
6,2,0.0,0.0,0.0
6,2,0.0,0.0,0.0
6,2,0.0,0.0,0.0
6,2,0.0,0.0,0.0
6,2,0.0,0.0,0.0
6,2,0.0,0.0,0.0
6,2,0.0,0.0,0.0
6,2,0.0,0.0,0.0
6,2,0.0,0.0,0.0
6,2,0.0,0.0,0.0
6,2,0.0,0.0,0.0
6,2,0.0,0.0,0.0
6,2,0.0,0.0,0.0
6,2,0.0,0.0,0.0
6,2,0.0,0.0,0.0
6,2,0.0,0.0,0.0
6,2,0.0,0.0,0.0
6,2,0.0,0.0,0.0
6,2,0.0,0.0,0.0
6,2,0.0,0.0,0.0
6,2,0.0,0.0,0.0
6,2,0.0,0.0,0.0
6,2,0.0,0.0,0.0
6,2,0.0,0.0,0.0
6,2,0.0,0.0,0.0
6,2,0.0,0.0,0.0
6,2,0.0,0.0,0.0
6,2,0.0,0.0,0.0
6,2,0.0,0.0,0.0
6,2,0.0,0.0,0.0
6,2,0.0,0.0,0.0
6,2,0.0,0.0,0.0
6,2,0.0,0.0,0.0
6,2,0.0,0.0,0.0
6,2,0.0,0.0,0.0
6,2,0.0,0.0,0.0
6,2,0.0,0.0,0.0
6,2,0.0,0.0,0.0
6,2,0.0,0.0,0.0
6,2,0.0,0.0,0.0
6,2,0.0,0.0,0.0
6,2,0.0,0.0,0.0
6,2,0.0,0.0,0.0
6,2,0.0,0.0,0.0
6,2,0.0,0.0,0.0
6,2,0.0,0.0,0.0
6,2,0.0,0.0,0.0
6,2,0.0,0.0,0.0
6,2,0.0,0.0,0.0
6,2,0.0,0.0,0.0
6,2,0.0,0.0,0.0
6,2,0.0,0.0,0.0
6,2,0.0,0.0,0.0
6,2,0.0,0.0,0.0
6,2,0.0,0.0,0.0
6,2,0.0,0.0,0.0
6,2,0.0,0.0,0.0
6,2,0.0,0.0,0.0
6,2,0.0,0.0,0.0
6,2,0.0,0.0,0.0
6,2,0.0,0.0,0.0
6,2,0.0,0.0,0.0
6,2,0.0,0.0,0.0
6,2,0.0,0.0,0.0
6,2,0.0,0.0,0.0
6,2,0.0,0.0,0.0
6,2,0.0,0.0,0.0
6,2,0.0,0.0,0.0
6,2,0.0,0.0,0.0
6,2,0.0,0.0,0.0
6,2,0.0,0.0,0.0
6,2,0.0,0.0,0.0
6,2,0.0,0.0,0.0
6,2,0.0,0.0,0.0
6,2,0.0,0.0,0.0
6,2,0.0,0.0,0.0
6,2,0.0,0.0,0.0
6,2,0.0,0.0,0.0
6,2,0.0,0.0,0.0
6,2,0.0,0.0,0.0
6,2,0.0,0.0,0.0
6,2,0.0,0.0,0.0
6,2,0.0,0.0,0.0
6,2,0.0,0.0,0.0
6,2,0.0,0.0,0.0
6,2,0.0,0.0,0.0
6,2,0.0,0.0,0.0
6,2,0.0,0.0,0.0
6,2,0.0,0.0,0.0
6,2,0.0,0.0,0.0
6,2,0.0,0.0,0.0
6,2,0.0,0.0,0.0
6,2,0.0,0.0,0.0
6,2,0.0,0.0,0.0
6,2,0.0,0.0,0.0
6,2,0.0,0.0,0.0
6,2,0.0,0.0,0.0
6,2,0.0,0.0,0.0
6,2,0.0,0.0,0.0
6,2,0.0,0.0,0.0
6,2,0.0,0.0,0.0
6,2,0.0,0.0,0.0
6,2,0.0,0.0,0.0
6,2,0.0,0.0,0.0
6,2,0.0,0.0,0.0
6,2,0.0,0.0,0.0
6,2,0.0,0.0,0.0
6,2,0.0,0.0,0.0
6,2,0.0,0.0,0.0
6,2,0.0,0.0,0.0
6,2,0.0,0.0,63.36000000000001
6,2,0.0,0.0,0.0
6,2,0.0,0.0,0.0
6,2,0.0,0.0,0.0
6,2,0.0,0.0,0.0
6,2,0.0,0.0,0.0
6,2,0.0,0.0,0.0
6,2,0.0,0.0,0.0
6,2,0.0,0.0,0.0
6,2,0.0,0.0,0.0
6,2,0.0,0.0,0.0
6,2,0.0,0.0,0.0
6,2,0.0,0.0,0.0
6,2,0.0,0.0,0.0
6,2,0.0,0.0,0.0
6,2,0.0,0.0,0.0
6,2,0.0,0.0,0.0
6,2,0.0,0.0,0.0
6,2,0.0,0.0,0.0
6,2,0.0,0.0,0.0
6,2,0.0,0.0,0.0
6,2,0.0,0.0,0.0
6,2,0.0,0.0,0.0
6,2,0.0,0.0,0.0
6,2,0.0,0.0,0.0
6,2,0.0,0.0,0.0
6,2,0.0,0.0,0.0
6,2,0.0,0.0,0.0
6,2,0.0,0.0,0.0
6,2,0.0,0.0,0.0
6,2,0.0,0.0,0.0
6,2,0.0,0.0,0.0
6,2,0.0,0.0,0.0
6,2,0.0,0.0,0.0
6,2,0.0,0.0,0.0
6,2,0.0,0.0,0.0
6,2,0.0,0.0,0.0
6,2,0.0,0.0,0.0
6,2,0.0,0.0,0.0
6,2,0.0,0.0,0.0
6,2,0.0,0.0,0.0
6,2,0.0,0.0,0.0
6,2,0.0,0.0,0.0
6,2,0.0,0.0,0.0
6,2,0.0,0.0,0.0
6,2,0.0,0.0,0.0
6,2,0.0,0.0,0.0
6,2,0.0,0.0,0.0
6,2,0.0,0.0,0.0
6,2,0.0,0.0,0.0
6,2,0.0,0.0,0.0
6,2,0.0,0.0,0.0
6,2,0.0,0.0,0.0
6,2,0.0,0.0,0.0
6,2,0.0,0.0,0.0
6,2,0.0,0.0,0.0
6,2,0.0,0.0,0.0
6,2,0.0,0.0,0.0
6,2,0.0,0.0,0.0
6,2,0.0,0.0,0.0
6,2,0.0,0.0,0.0
6,2,0.0,0.0,0.0
6,2,0.0,0.0,0.0
6,2,0.0,0.0,0.0
6,2,0.0,0.0,0.0
6,2,0.0,0.0,0.0
6,2,0.0,0.0,0.0
6,2,0.0,0.0,0.0
6,2,0.0,0.0,0.0
6,2,0.0,0.0,0.0
6,2,0.0,0.0,0.0
6,2,0.0,0.0,0.0
6,2,0.0,0.0,0.0
6,2,0.0,0.0,0.0
6,2,0.0,0.0,0.0
6,2,0.0,0.0,0.0
6,2,0.0,0.0,0.0
6,2,0.0,0.0,0.0
6,2,0.0,0.0,0.0
6,2,0.0,0.0,0.0
6,2,0.0,0.0,0.0
6,2,0.0,0.0,0.0
6,2,0.0,0.0,0.0
6,2,0.0,0.0,0.0
6,2,0.0,0.0,0.0
6,2,0.0,0.0,0.0
6,2,0.0,0.0,0.0
6,2,0.0,0.0,0.0
6,2,0.0,0.0,0.0
6,2,0.0,0.0,0.0
6,2,0.0,0.0,0.0
6,2,0.0,0.0,0.0
6,2,0.0,0.0,0.0
6,2,0.0,0.0,0.0
6,2,0.0,0.0,0.0
6,2,0.0,0.0,0.0
6,2,0.0,0.0,0.0
6,2,0.0,0.0,0.0
6,2,0.0,0.0,0.0
6,2,0.0,0.0,0.0
6,2,0.0,0.0,0.0
6,2,0.0,0.0,0.0
6,2,0.0,0.0,0.0
6,2,0.0,0.0,0.0
6,2,0.0,0.0,0.0
6,2,0.0,0.0,0.0
6,2,0.0,0.0,0.0
6,2,0.0,0.0,0.0
6,2,0.0,0.0,0.0
6,2,0.0,0.0,0.0
6,2,0.0,0.0,0.0
6,2,0.0,0.0,0.0
6,2,0.0,0.0,0.0
6,2,0.0,0.0,0.0
6,2,0.0,0.0,0.0
6,2,0.0,0.0,0.0
6,2,0.0,0.0,0.0
6,2,0.0,0.0,0.0
6,2,0.0,0.0,0.0
6,2,0.0,0.0,0.0
6,2,0.0,0.0,0.0
6,2,0.0,0.0,0.0
6,2,0.0,0.0,0.0
6,2,0.0,0.0,0.0
6,2,0.0,0.0,0.0
6,2,0.0,0.0,0.0
6,2,0.0,0.0,0.0
6,2,0.0,0.0,0.0
6,2,0.0,0.0,0.0
6,2,0.0,0.0,0.0
6,2,0.0,0.0,0.0
6,2,0.0,0.0,0.0
6,2,0.0,0.0,0.0
6,2,0.0,0.0,0.0
6,2,0.0,0.0,0.0
6,2,0.0,0.0,0.0
6,2,0.0,0.0,0.0
6,2,0.0,0.0,0.0
6,2,0.0,0.0,0.0
6,2,0.0,0.0,0.0
6,2,0.0,0.0,0.0
6,2,0.0,0.0,0.0
6,2,0.0,0.0,0.0
6,2,0.0,0.0,0.0
6,2,0.0,0.0,0.0
6,2,0.0,0.0,0.0
6,2,0.0,0.0,0.0
6,2,0.0,0.0,0.0
6,2,0.0,0.0,0.0
6,2,0.0,0.0,0.0
6,2,0.0,0.0,0.0
6,2,0.0,0.0,0.0
6,2,0.0,0.0,0.0
6,2,0.0,0.0,0.0
6,2,0.0,0.0,0.0
6,2,0.0,0.0,0.0
6,2,0.0,0.0,0.0
6,2,0.0,0.0,0.0
6,2,0.0,0.0,0.0
6,2,0.0,0.0,0.0
6,2,0.0,0.0,0.0
6,2,0.0,0.0,0.0
6,2,0.0,0.0,0.0
6,2,0.0,0.0,0.0
6,2,0.0,0.0,0.0
6,2,0.0,0.0,0.0
6,2,0.0,0.0,0.0
6,2,0.0,0.0,0.0
6,2,0.0,0.0,0.0
6,2,0.0,0.0,0.0
6,2,0.0,0.0,0.0
6,2,0.0,0.0,0.0
6,2,0.0,0.0,0.0
6,2,0.0,0.0,0.0
6,2,0.0,0.0,0.0
6,2,0.0,0.0,0.0
6,2,0.0,0.0,0.0
6,2,0.0,0.0,0.0
6,2,0.0,0.0,0.0
6,2,0.0,0.0,0.0
6,2,0.0,0.0,0.0
6,2,0.0,0.0,0.0
6,2,0.0,0.0,0.0
6,2,0.0,0.0,0.0
6,2,0.0,0.0,0.0
6,2,0.0,0.0,0.0
6,2,0.0,0.0,0.0
6,2,0.0,0.0,0.0
6,2,0.0,0.0,0.0
6,2,0.0,0.0,0.0
6,2,0.0,0.0,0.0
6,2,0.0,0.0,0.0
6,2,0.0,0.0,0.0
6,2,0.0,0.0,0.0
6,2,0.0,0.0,0.0
6,2,0.0,0.0,0.0
6,2,0.0,0.0,0.0
6,2,0.0,0.0,0.0
6,2,0.0,0.0,0.0
6,2,0.0,0.0,0.0
6,2,0.0,0.0,0.0
6,2,0.0,0.0,0.0
6,2,0.0,0.0,0.0
6,2,0.0,0.0,0.0
6,2,0.0,0.0,0.0
6,2,0.0,0.0,0.0
6,2,0.0,0.0,0.0
6,2,0.0,0.0,0.0
6,2,0.0,0.0,0.0
6,2,0.0,0.0,0.0
6,2,0.0,0.0,0.0
6,2,0.0,0.0,0.0
6,2,0.0,0.0,6.6000000000000005
6,2,0.0,0.0,0.0
6,2,0.0,0.0,0.0
6,2,0.0,0.0,0.0
6,2,0.0,0.0,0.0
6,2,0.0,0.0,0.0
6,2,0.0,0.0,0.0
6,2,0.0,0.0,0.0
6,2,0.0,0.0,0.0
6,2,0.0,0.0,0.0
6,2,0.0,0.0,0.0
6,2,0.0,0.0,0.0
6,2,0.0,0.0,0.0
6,2,0.0,0.0,0.0
6,2,0.0,0.0,0.0
6,2,0.0,0.0,0.0
6,2,0.0,0.0,0.0
6,2,0.0,0.0,0.0
6,2,0.0,0.0,0.0
6,2,0.0,0.0,0.0
6,2,0.0,0.0,40.92
6,2,0.0,0.0,0.0
6,2,0.0,0.0,0.0
6,2,0.0,0.0,0.0
6,2,0.0,0.0,0.0
6,2,0.0,0.0,0.0
6,2,0.0,0.0,0.0
6,2,0.0,0.0,0.0
6,2,0.0,0.0,0.0
6,2,0.0,0.0,0.0
6,2,0.0,0.0,0.0
6,2,0.0,0.0,0.0
6,2,0.0,0.0,0.0
6,2,0.0,0.0,0.0
6,2,0.0,0.0,0.0
6,2,0.0,0.0,0.0
6,2,0.0,0.0,0.0
6,2,0.0,0.0,0.0
6,2,0.0,0.0,0.0
6,2,0.0,0.0,0.0
6,2,0.0,0.0,0.0
6,2,0.0,0.0,0.0
6,2,0.0,0.0,0.0
6,2,0.0,0.0,0.0
6,2,0.0,0.0,0.0
6,2,0.0,0.0,0.0
6,2,0.0,0.0,0.0
6,2,0.0,0.0,0.0
6,2,0.0,0.0,0.0
6,2,0.0,0.0,0.0
6,2,0.0,0.0,0.0
6,2,0.0,0.0,0.0
6,2,0.0,0.0,0.0
6,2,0.0,0.0,0.0
6,2,0.0,0.0,0.0
6,2,0.0,0.0,0.0
6,2,0.0,0.0,0.0
6,2,0.0,0.0,0.0
6,2,0.0,0.0,0.0
6,2,0.0,0.0,0.0
6,2,0.0,0.0,0.0
6,2,0.0,0.0,0.0
6,2,0.0,0.0,0.0
6,2,0.0,0.0,0.0
6,2,0.0,0.0,0.0
6,2,0.0,0.0,0.0
6,2,0.0,0.0,0.0
6,2,0.0,0.0,0.0
6,2,0.0,0.0,0.0
6,2,0.0,0.0,0.0
6,2,0.0,0.0,0.0
6,2,0.0,0.0,0.0
6,2,0.0,0.0,0.0
6,2,0.0,0.0,0.0
6,2,0.0,0.0,0.0
6,2,0.0,0.0,0.0
6,2,0.0,0.0,0.0
6,2,0.0,0.0,0.0
6,2,0.0,0.0,0.0
6,2,0.0,0.0,0.0
6,2,0.0,0.0,0.0
6,2,0.0,0.0,0.0
6,2,0.0,0.0,0.0
6,2,0.0,0.0,0.0
6,2,0.0,0.0,0.0
6,2,0.0,0.0,0.0
6,2,0.0,0.0,0.0
6,2,0.0,0.0,0.0
6,2,0.0,0.0,0.0
6,2,0.0,0.0,0.0
6,2,0.0,0.0,0.0
6,2,0.0,0.0,0.0
6,2,0.0,0.0,0.0
6,2,0.0,0.0,0.0
6,2,0.0,0.0,0.0
6,2,0.0,0.0,0.0
6,2,0.0,0.0,0.0
6,2,0.0,0.0,0.0
6,2,0.0,0.0,0.0
6,2,0.0,0.0,0.0
6,2,0.0,0.0,0.0
6,2,0.0,0.0,0.0
6,2,0.0,0.0,0.0
6,2,0.0,0.0,0.0
6,2,0.0,0.0,0.0
6,2,0.0,0.0,0.0
6,2,0.0,0.0,0.0
6,2,0.0,0.0,0.0
6,2,0.0,0.0,0.0
6,2,0.0,0.0,0.0
6,2,0.0,0.0,0.0
6,2,0.0,0.0,0.0
6,2,0.0,0.0,0.0
6,2,0.0,0.0,0.0
6,2,0.0,0.0,0.0
6,2,0.0,0.0,0.0
6,2,0.0,0.0,0.0
6,2,0.0,0.0,0.0
6,2,0.0,0.0,0.0
6,2,0.0,0.0,0.0
6,2,0.0,0.0,0.0
6,2,0.0,0.0,0.0
6,2,0.0,0.0,0.0
6,2,0.0,0.0,0.0
6,2,0.0,0.0,0.0
6,2,0.0,0.0,0.0
6,2,0.0,0.0,0.0
6,2,0.0,0.0,0.0
6,2,0.0,0.0,0.0
6,2,0.0,0.0,0.0
6,2,0.0,0.0,0.0
6,2,0.0,0.0,0.0
6,2,0.0,0.0,0.0
6,2,0.0,0.0,0.0
6,2,0.0,0.0,0.0
6,2,0.0,0.0,0.0
6,2,0.0,0.0,0.0
6,2,0.0,0.0,0.0
6,2,0.0,0.0,0.0
6,2,0.0,0.0,0.0
6,2,0.0,0.0,0.0
6,2,0.0,0.0,0.0
6,2,0.0,0.0,0.0
6,2,0.0,0.0,0.0
6,2,0.0,0.0,0.0
6,2,0.0,0.0,0.0
6,2,0.0,0.0,0.0
6,2,0.0,0.0,0.0
6,2,0.0,0.0,0.0
6,2,0.0,0.0,0.0
6,2,0.0,0.0,0.0
6,2,0.0,0.0,0.0
6,2,0.0,0.0,0.0
6,2,0.0,0.0,0.0
6,2,0.0,0.0,0.0
6,2,0.0,0.0,0.0
6,2,0.0,0.0,0.0
6,2,0.0,0.0,0.0
6,2,0.0,0.0,0.0
6,2,0.0,0.0,0.0
6,2,0.0,0.0,0.0
6,2,0.0,0.0,0.0
6,2,0.0,0.0,0.0
6,2,0.0,0.0,0.0
6,2,0.0,0.0,0.0
6,2,0.0,0.0,0.0
6,2,0.0,0.0,0.0
6,2,0.0,0.0,0.0
6,2,0.0,0.0,0.0
6,2,0.0,0.0,0.0
6,2,0.0,0.0,0.0
6,2,0.0,0.0,0.0
6,2,0.0,0.0,0.0
6,2,0.0,0.0,0.0
6,2,0.0,0.0,0.0
6,2,0.0,0.0,0.0
6,2,0.0,0.0,0.0
6,2,0.0,0.0,0.0
6,2,0.0,0.0,0.0
6,2,0.0,0.0,0.0
6,2,0.0,0.0,0.0
6,2,0.0,0.0,0.0
6,2,0.0,0.0,0.0
6,2,0.0,0.0,0.0
6,2,0.0,0.0,0.0
6,2,0.0,0.0,0.0
6,2,0.0,0.0,0.0
6,2,0.0,0.0,0.0
6,2,0.0,0.0,0.0
6,2,0.0,0.0,0.0
6,2,0.0,0.0,0.0
6,2,0.0,0.0,0.0
6,2,0.0,0.0,0.0
6,2,0.0,0.0,0.0
6,2,0.0,0.0,0.0
6,2,0.0,0.0,0.0
6,2,0.0,0.0,0.0
6,2,0.0,0.0,0.0
6,2,0.0,0.0,0.0
6,2,0.0,0.0,0.0
6,2,0.0,0.0,0.0
6,2,0.0,0.0,0.0
6,2,0.0,0.0,0.0
6,2,0.0,0.0,0.0
6,2,0.0,0.0,0.0
6,2,0.0,0.0,0.0
6,2,0.0,0.0,0.0
6,2,0.0,0.0,0.0
6,2,0.0,0.0,0.0
6,2,0.0,0.0,0.0
6,2,0.0,0.0,0.0
6,2,0.0,0.0,0.0
6,2,0.0,0.0,0.0
6,2,0.0,0.0,0.0
6,2,0.0,0.0,0.0
6,2,0.0,0.0,0.0
6,2,0.0,0.0,0.0
6,2,0.0,0.0,0.0
6,2,0.0,0.0,0.0
6,2,0.0,0.0,0.0
6,2,0.0,0.0,0.0
6,2,0.0,0.0,0.0
6,2,0.0,0.0,0.0
6,2,0.0,0.0,0.0
6,2,0.0,0.0,0.0
6,2,0.0,0.0,0.0
6,2,0.0,0.0,0.0
6,2,0.0,0.0,0.0
6,2,0.0,0.0,0.0
6,2,0.0,0.0,0.0
6,2,0.0,0.0,0.0
6,2,0.0,0.0,0.0
6,2,0.0,0.0,0.0
6,2,0.0,0.0,0.0
6,2,0.0,0.0,0.0
6,2,0.0,0.0,0.0
6,2,0.0,0.0,0.0
6,2,0.0,0.0,0.0
6,2,0.0,0.0,0.0
6,2,0.0,0.0,0.0
6,2,0.0,0.0,0.0
6,2,0.0,0.0,0.0
6,2,0.0,0.0,0.0
6,2,0.0,0.0,0.0
6,2,0.0,0.0,0.0
6,2,0.0,0.0,0.0
6,2,0.0,0.0,0.0
6,2,0.0,0.0,0.0
6,2,0.0,0.0,0.0
6,2,0.0,0.0,0.0
6,2,0.0,0.0,0.0
6,2,0.0,0.0,0.0
6,2,0.0,0.0,0.0
6,2,0.0,0.0,0.0
6,2,0.0,0.0,0.0
6,2,0.0,0.0,0.0
6,2,0.0,0.0,0.0
6,2,0.0,0.0,0.0
6,2,0.0,0.0,0.0
6,2,0.0,0.0,0.0
6,2,0.0,0.0,0.0
6,2,0.0,0.0,0.0
6,2,0.0,0.0,0.0
6,2,0.0,0.0,0.0
6,2,0.0,0.0,0.0
6,2,0.0,0.0,0.0
6,2,0.0,0.0,0.0
6,2,0.0,0.0,0.0
6,2,0.0,0.0,0.0
6,2,0.0,0.0,0.0
6,2,0.0,0.0,0.0
6,2,0.0,0.0,0.0
6,2,0.0,0.0,0.0
6,2,0.0,0.0,0.0
6,2,0.0,0.0,0.0
6,2,0.0,0.0,0.0
6,2,0.0,0.0,0.0
6,2,0.0,0.0,0.0
6,2,0.0,0.0,0.0
6,2,0.0,0.0,0.0
6,2,0.0,0.0,0.0
6,2,0.0,0.0,0.0
6,2,0.0,0.0,0.0
6,2,0.0,0.0,0.0
6,2,0.0,0.0,0.0
6,2,0.0,0.0,0.0
6,2,0.0,0.0,0.0
6,2,0.0,0.0,0.0
6,2,0.0,0.0,0.0
6,2,0.0,0.0,0.0
6,2,0.0,0.0,0.0
6,2,0.0,0.0,0.0
6,2,0.0,0.0,0.0
6,2,0.0,0.0,0.0
6,2,0.0,0.0,0.0
6,2,0.0,0.0,0.0
6,2,0.0,0.0,0.0
6,2,0.0,0.0,0.0
6,2,0.0,0.0,0.0
6,2,0.0,0.0,0.0
6,2,0.0,0.0,0.0
6,2,0.0,0.0,0.0
6,2,0.0,0.0,0.0
6,2,0.0,0.0,0.0
6,2,0.0,0.0,0.0
6,2,0.0,0.0,0.0
6,2,0.0,0.0,0.0
6,2,0.0,0.0,0.0
6,2,0.0,0.0,0.0
6,2,0.0,0.0,0.0
6,2,0.0,0.0,0.0
6,2,0.0,0.0,0.0
6,2,0.0,0.0,0.0
6,2,0.0,0.0,0.0
6,2,0.0,0.0,0.0
6,2,0.0,0.0,0.0
6,2,0.0,0.0,0.0
6,2,0.0,0.0,0.0
6,2,0.0,0.0,0.0
6,2,0.0,0.0,0.0
6,2,0.0,0.0,0.0
6,2,0.0,0.0,0.0
6,2,0.0,0.0,0.0
6,2,0.0,0.0,0.0
6,2,0.0,0.0,0.0
6,2,0.0,0.0,0.0
6,2,0.0,0.0,0.0
6,2,0.0,0.0,0.0
6,2,0.0,0.0,0.0
6,2,0.0,0.0,0.0
6,2,0.0,0.0,0.0
6,2,0.0,0.0,0.0
6,2,0.0,0.0,0.0
6,2,0.0,0.0,0.0
6,2,0.0,0.0,0.0
6,2,0.0,0.0,0.0
6,2,0.0,0.0,0.0
6,2,0.0,0.0,0.0
6,2,0.0,0.0,0.0
6,2,0.0,0.0,0.0
6,2,0.0,0.0,0.0
6,2,0.0,0.0,0.0
6,2,0.0,0.0,0.0
6,2,0.0,0.0,0.0
6,2,0.0,0.0,0.0
6,2,0.0,0.0,0.0
6,2,0.0,0.0,0.0
6,2,0.0,0.0,0.0
6,2,0.0,0.0,0.0
6,2,0.0,0.0,0.0
6,2,0.0,0.0,0.0
6,2,0.0,0.0,0.0
6,2,0.0,0.0,0.0
6,2,0.0,0.0,0.0
6,2,0.0,0.0,0.0
6,2,0.0,0.0,0.0
6,2,0.0,0.0,0.0
6,2,0.0,0.0,0.0
6,2,0.0,0.0,0.0
6,2,0.0,0.0,0.0
6,2,0.0,0.0,0.0
6,2,0.0,0.0,0.0
6,2,0.0,0.0,0.0
6,2,0.0,0.0,0.0
6,2,0.0,0.0,0.0
6,2,0.0,0.0,0.0
6,2,0.0,0.0,0.0
6,2,0.0,0.0,0.0
6,2,0.0,0.0,0.0
6,2,0.0,0.0,0.0
6,2,0.0,0.0,0.0
6,2,0.0,0.0,0.0
6,2,0.0,0.0,0.0
6,2,0.0,0.0,0.0
6,2,0.0,0.0,0.0
6,2,0.0,0.0,0.0
6,2,0.0,0.0,0.0
6,2,0.0,0.0,0.0
6,2,0.0,0.0,0.0
6,2,0.0,0.0,0.0
6,2,0.0,0.0,0.0
6,2,0.0,0.0,0.0
6,2,0.0,0.0,0.0
6,2,0.0,0.0,0.0
6,2,0.0,0.0,0.0
6,2,0.0,0.0,0.0
6,2,0.0,0.0,0.0
6,2,0.0,0.0,0.0
6,2,0.0,0.0,0.0
6,2,0.0,0.0,0.0
6,2,0.0,0.0,0.0
6,2,0.0,0.0,0.0
6,2,0.0,0.0,0.0
6,2,0.0,0.0,0.0
6,2,0.0,0.0,0.0
6,2,0.0,0.0,0.0
6,2,0.0,0.0,0.0
6,2,0.0,0.0,0.0
6,2,0.0,0.0,0.0
6,2,0.0,0.0,0.0
6,2,0.0,0.0,0.0
6,2,0.0,0.0,0.0
6,2,0.0,0.0,0.0
6,2,0.0,0.0,0.0
6,2,0.0,0.0,0.0
6,2,0.0,0.0,0.0
6,2,0.0,0.0,0.0
6,2,0.0,0.0,0.0
6,2,0.0,0.0,0.0
6,2,0.0,0.0,0.0
6,2,0.0,0.0,0.0
6,2,0.0,0.0,0.0
6,2,0.0,0.0,0.0
6,2,0.0,0.0,0.0
6,2,0.0,0.0,0.0
6,2,0.0,0.0,0.0
6,2,0.0,0.0,0.0
6,2,0.0,0.0,0.0
6,2,0.0,0.0,0.0
6,2,0.0,0.0,0.0
6,2,0.0,0.0,0.0
6,2,0.0,0.0,0.0
6,2,0.0,0.0,0.0
6,2,0.0,0.0,0.0
6,2,0.0,0.0,0.0
6,2,0.0,0.0,0.0
6,2,0.0,0.0,0.0
6,2,0.0,0.0,0.0
6,2,0.0,0.0,0.0
6,2,0.0,0.0,0.0
6,2,0.0,0.0,0.0
6,2,0.0,0.0,0.0
6,2,0.0,0.0,0.0
6,2,0.0,0.0,0.0
6,2,0.0,0.0,0.0
6,2,0.0,0.0,0.0
6,2,0.0,0.0,0.0
6,2,0.0,0.0,0.0
6,2,0.0,0.0,0.0
6,2,0.0,0.0,0.0
6,2,0.0,0.0,0.0
6,2,0.0,0.0,0.0
6,2,0.0,0.0,0.0
6,2,0.0,0.0,0.0
6,2,0.0,0.0,0.0
6,2,0.0,0.0,0.0
6,2,0.0,0.0,0.0
6,2,0.0,0.0,0.0
6,2,0.0,0.0,0.0
6,2,0.0,0.0,0.0
6,2,0.0,0.0,0.0
6,2,0.0,0.0,0.0
6,2,0.0,0.0,0.0
6,2,0.0,0.0,0.0
6,2,0.0,0.0,0.0
6,2,0.0,0.0,0.0
6,2,0.0,0.0,0.0
6,2,0.0,0.0,0.0
6,2,0.0,0.0,0.0
6,2,0.0,0.0,0.0
6,2,0.0,0.0,0.0
6,2,0.0,0.0,0.0
6,2,0.0,0.0,0.0
6,2,0.0,0.0,0.0
6,2,0.0,0.0,0.0
6,2,0.0,0.0,0.0
6,2,0.0,0.0,0.0
6,2,0.0,0.0,0.0
6,2,0.0,0.0,0.0
6,2,0.0,0.0,0.0
6,2,0.0,0.0,0.0
6,2,0.0,0.0,0.0
6,2,0.0,0.0,0.0
6,2,0.0,0.0,0.0
6,2,0.0,0.0,0.0
6,2,0.0,0.0,0.0
6,2,0.0,0.0,0.0
6,2,0.0,0.0,0.0
6,2,0.0,0.0,0.0
6,2,0.0,0.0,0.0
6,2,0.0,0.0,0.0
6,2,0.0,0.0,0.0
6,2,0.0,0.0,0.0
6,2,0.0,0.0,0.0
6,2,0.0,0.0,0.0
6,2,0.0,0.0,0.0
6,2,0.0,0.0,0.0
6,2,0.0,0.0,0.0
6,2,0.0,0.0,0.0
6,2,0.0,0.0,0.0
6,2,0.0,0.0,0.0
6,2,0.0,0.0,0.0
6,2,0.0,0.0,0.0
6,2,0.0,0.0,0.0
6,2,0.0,0.0,0.0
6,2,0.0,0.0,0.0
6,2,0.0,0.0,0.0
6,2,0.0,0.0,0.0
6,2,0.0,0.0,0.0
6,2,0.0,0.0,0.0
6,2,0.0,0.0,0.0
6,2,0.0,0.0,0.0
6,2,0.0,0.0,0.0
6,2,0.0,0.0,0.0
6,2,0.0,0.0,0.0
6,2,0.0,0.0,0.0
6,2,0.0,0.0,0.0
6,2,0.0,0.0,0.0
6,2,0.0,0.0,0.0
6,2,0.0,0.0,0.0
6,2,0.0,0.0,0.0
6,2,0.0,0.0,0.0
6,2,0.0,0.0,0.0
6,2,0.0,0.0,0.0
6,2,0.0,0.0,0.0
6,2,0.0,0.0,0.0
6,2,0.0,0.0,0.0
6,2,0.0,0.0,0.0
6,2,0.0,0.0,0.0
6,2,0.0,0.0,0.0
6,2,0.0,0.0,0.0
6,2,0.0,0.0,0.0
6,2,0.0,0.0,0.0
6,2,0.0,0.0,0.0
6,2,0.0,0.0,0.0
6,2,0.0,0.0,0.0
6,2,0.0,0.0,0.0
6,2,0.0,0.0,0.0
6,2,0.0,0.0,0.0
6,2,0.0,0.0,0.0
6,2,0.0,0.0,0.0
6,2,0.0,0.0,0.0
6,2,0.0,0.0,0.0
6,2,0.0,0.0,0.0
6,2,0.0,0.0,0.0
6,2,0.0,0.0,0.0
6,2,0.0,0.0,0.0
6,2,0.0,0.0,0.0
6,2,0.0,0.0,0.0
6,2,0.0,0.0,0.0
6,2,0.0,0.0,0.0
6,2,0.0,0.0,0.0
6,2,0.0,0.0,0.0
6,2,0.0,0.0,0.0
6,2,0.0,0.0,0.0
6,2,0.0,0.0,0.0
6,2,0.0,0.0,0.0
6,2,0.0,0.0,0.0
6,2,0.0,0.0,0.0
6,2,0.0,0.0,0.0
6,2,0.0,0.0,0.0
6,2,0.0,0.0,0.0
6,2,0.0,0.0,0.0
6,2,0.0,0.0,0.0
6,2,0.0,0.0,0.0
6,2,0.0,0.0,0.0
6,2,0.0,0.0,0.0
6,2,0.0,0.0,0.0
6,2,0.0,0.0,0.0
6,2,0.0,0.0,0.0
6,2,0.0,0.0,0.0
6,2,0.0,0.0,0.0
6,2,0.0,0.0,0.0
6,2,0.0,0.0,0.0
6,2,0.0,0.0,0.0
6,2,0.0,0.0,0.0
6,2,0.0,0.0,0.0
6,2,0.0,0.0,0.0
6,2,0.0,0.0,0.0
6,2,0.0,0.0,0.0
6,2,0.0,0.0,0.0
6,2,0.0,0.0,0.0
6,2,0.0,0.0,0.0
6,2,0.0,0.0,0.0
6,2,0.0,0.0,0.0
6,2,0.0,0.0,0.0
6,2,0.0,0.0,0.0
6,2,0.0,0.0,0.0
6,2,0.0,0.0,0.0
6,2,0.0,0.0,0.0
6,2,0.0,0.0,0.0
6,2,0.0,0.0,0.0
6,2,0.0,0.0,30.360000000000003
6,2,0.0,0.0,0.0
6,2,0.0,0.0,0.0
6,2,0.0,0.0,0.0
6,2,0.0,0.0,0.0
6,2,0.0,0.0,0.0
6,2,0.0,0.0,0.0
6,2,0.0,0.0,0.0
6,2,0.0,0.0,0.0
6,2,0.0,0.0,0.0
6,2,0.0,0.0,0.0
6,2,0.0,0.0,0.0
6,2,0.0,0.0,0.0
6,2,0.0,0.0,0.0
6,2,0.0,0.0,0.0
6,2,0.0,0.0,0.0
6,2,0.0,0.0,0.0
6,2,0.0,0.0,0.0
6,2,0.0,0.0,0.0
6,2,0.0,0.0,0.0
6,2,0.0,0.0,0.0
6,2,0.0,0.0,0.0
6,2,0.0,0.0,0.0
6,2,0.0,0.0,0.0
6,2,0.0,0.0,0.0
6,2,0.0,0.0,0.0
6,2,0.0,0.0,0.0
6,2,0.0,0.0,0.0
6,2,0.0,0.0,0.0
6,2,0.0,0.0,0.0
6,2,0.0,0.0,0.0
6,2,0.0,0.0,0.0
6,2,0.0,0.0,0.0
6,2,0.0,0.0,0.0
6,2,0.0,0.0,0.0
6,2,0.0,0.0,0.0
6,2,0.0,0.0,0.0
6,2,0.0,0.0,0.0
6,2,0.0,0.0,0.0
6,2,0.0,0.0,0.0
6,2,0.0,0.0,0.0
6,2,0.0,0.0,0.0
6,2,0.0,0.0,0.0
6,2,0.0,0.0,0.0
6,2,0.0,0.0,0.0
6,2,0.0,0.0,0.0
6,2,0.0,0.0,0.0
6,2,0.0,0.0,0.0
6,2,0.0,0.0,0.0
6,2,0.0,0.0,0.0
6,2,0.0,0.0,0.0
6,2,0.0,0.0,0.0
6,2,0.0,0.0,0.0
6,2,0.0,0.0,0.0
6,2,0.0,0.0,0.0
6,2,0.0,0.0,0.0
6,2,0.0,0.0,0.0
6,2,0.0,0.0,0.0
6,2,0.0,0.0,0.0
6,2,0.0,0.0,0.0
6,2,0.0,0.0,0.0
6,2,0.0,0.0,0.0
6,2,0.0,0.0,0.0
6,2,0.0,0.0,0.0
6,2,0.0,0.0,0.0
6,2,0.0,0.0,0.0
6,2,0.0,0.0,0.0
6,2,0.0,0.0,0.0
6,2,0.0,0.0,0.0
6,2,0.0,0.0,0.0
6,2,0.0,0.0,0.0
6,2,0.0,0.0,0.0
6,2,0.0,0.0,0.0
6,2,0.0,0.0,0.0
6,2,0.0,0.0,0.0
6,2,0.0,0.0,0.0
6,2,0.0,0.0,0.0
6,2,0.0,0.0,0.0
6,2,0.0,0.0,0.0
6,2,0.0,0.0,0.0
6,2,0.0,0.0,0.0
6,2,0.0,0.0,0.0
6,2,0.0,0.0,0.0
6,2,0.0,0.0,0.0
6,2,0.0,0.0,0.0
6,2,0.0,0.0,0.0
6,2,0.0,0.0,0.0
6,2,0.0,0.0,0.0
6,2,0.0,0.0,0.0
6,2,0.0,0.0,0.0
6,2,0.0,0.0,0.0
6,2,0.0,0.0,0.0
6,2,0.0,0.0,0.0
6,2,0.0,0.0,0.0
6,2,0.0,0.0,0.0
6,2,0.0,0.0,0.0
6,2,0.0,0.0,0.0
6,2,0.0,0.0,0.0
6,2,0.0,0.0,0.0
6,2,0.0,0.0,0.0
6,2,0.0,0.0,0.0
6,2,0.0,0.0,0.0
6,2,0.0,0.0,0.0
6,2,0.0,0.0,0.0
6,2,0.0,0.0,0.0
6,2,0.0,0.0,0.0
6,2,0.0,0.0,0.0
6,2,0.0,0.0,0.0
6,2,0.0,0.0,0.0
6,2,0.0,0.0,0.0
6,2,0.0,0.0,0.0
6,2,0.0,0.0,0.0
6,2,0.0,0.0,0.0
6,2,0.0,0.0,0.0
6,2,0.0,0.0,0.0
6,2,0.0,0.0,0.0
6,2,0.0,0.0,0.0
6,2,0.0,0.0,0.0
6,2,0.0,0.0,0.0
6,2,0.0,0.0,0.0
6,2,0.0,0.0,0.0
6,2,0.0,0.0,0.0
6,2,0.0,0.0,0.0
6,2,0.0,0.0,0.0
6,2,0.0,0.0,0.0
6,2,0.0,0.0,0.0
6,2,0.0,0.0,0.0
6,2,0.0,0.0,0.0
6,2,0.0,0.0,0.0
6,2,0.0,0.0,0.0
6,2,0.0,0.0,0.0
6,2,0.0,0.0,0.0
6,2,0.0,0.0,0.0
6,2,0.0,0.0,0.0
6,2,0.0,0.0,0.0
6,2,0.0,0.0,0.0
6,2,0.0,0.0,0.0
6,2,0.0,0.0,0.0
6,2,0.0,0.0,0.0
6,2,0.0,0.0,0.0
6,2,0.0,0.0,0.0
6,2,0.0,0.0,0.0
6,2,0.0,0.0,0.0
6,2,0.0,0.0,0.0
6,2,0.0,0.0,0.0
6,2,0.0,0.0,0.0
6,2,0.0,0.0,0.0
6,2,0.0,0.0,0.0
6,2,0.0,0.0,0.0
6,2,0.0,0.0,0.0
6,2,0.0,0.0,0.0
6,2,0.0,0.0,0.0
6,2,0.0,0.0,0.0
6,2,0.0,0.0,0.0
6,2,0.0,0.0,0.0
6,2,0.0,0.0,0.0
6,2,0.0,0.0,0.0
6,2,0.0,0.0,0.0
6,2,0.0,0.0,0.0
6,2,0.0,0.0,0.0
6,2,0.0,0.0,0.0
6,2,0.0,0.0,0.0
6,2,0.0,0.0,0.0
6,2,0.0,0.0,0.0
6,2,0.0,0.0,0.0
6,2,0.0,0.0,0.0
6,2,0.0,0.0,0.0
6,2,0.0,0.0,0.0
6,2,0.0,0.0,0.0
6,2,0.0,0.0,0.0
6,2,0.0,0.0,0.0
6,2,0.0,0.0,0.0
6,2,0.0,0.0,0.0
6,2,0.0,0.0,0.0
6,2,0.0,0.0,0.0
6,2,0.0,0.0,0.0
6,2,0.0,0.0,0.0
6,2,0.0,0.0,0.0
6,2,0.0,0.0,0.0
6,2,0.0,0.0,0.0
6,2,0.0,0.0,0.0
6,2,0.0,0.0,0.0
6,2,0.0,0.0,0.0
6,2,0.0,0.0,0.0
6,2,0.0,0.0,0.0
6,2,0.0,0.0,0.0
6,2,0.0,0.0,0.0
6,2,0.0,0.0,0.0
6,2,0.0,0.0,0.0
6,2,0.0,0.0,0.0
6,2,0.0,0.0,0.0
6,2,0.0,0.0,0.0
6,2,0.0,0.0,0.0
6,2,0.0,0.0,0.0
6,2,0.0,0.0,0.0
6,2,0.0,0.0,0.0
6,2,0.0,0.0,0.0
6,2,0.0,0.0,0.0
6,2,0.0,0.0,0.0
6,2,0.0,0.0,0.0
6,2,0.0,0.0,0.0
6,2,0.0,0.0,0.0
6,2,0.0,0.0,0.0
6,2,0.0,0.0,0.0
6,2,0.0,0.0,0.0
6,2,0.0,0.0,0.0
6,2,0.0,0.0,0.0
6,2,0.0,0.0,0.0
6,2,0.0,0.0,0.0
6,2,0.0,0.0,0.0
6,2,0.0,0.0,0.0
6,2,0.0,0.0,0.0
6,2,0.0,0.0,0.0
6,2,0.0,0.0,0.0
6,2,0.0,0.0,0.0
6,2,0.0,0.0,0.0
6,2,0.0,0.0,0.0
6,2,0.0,0.0,0.0
6,2,0.0,0.0,0.0
6,2,0.0,0.0,0.0
6,2,0.0,0.0,0.0
6,2,0.0,0.0,0.0
6,2,0.0,0.0,0.0
6,2,0.0,0.0,0.0
6,2,0.0,0.0,0.0
6,2,0.0,0.0,0.0
6,2,0.0,0.0,0.0
6,2,0.0,0.0,0.0
6,2,0.0,0.0,0.0
6,2,0.0,0.0,0.0
6,2,0.0,0.0,0.0
6,2,0.0,0.0,0.0
6,2,0.0,0.0,0.0
6,2,0.0,0.0,0.0
6,2,0.0,0.0,0.0
6,2,0.0,0.0,0.0
6,2,0.0,0.0,0.0
6,2,0.0,0.0,0.0
6,2,0.0,2.3450778476425853,40.92
6,2,0.0,0.0,0.0
6,2,0.0,0.0,0.0
6,2,0.0,0.0,0.0
6,2,0.0,0.0,0.0
6,2,0.0,0.0,0.0
6,2,0.0,0.0,0.0
6,2,0.0,0.0,0.0
6,2,0.0,0.0,0.0
6,2,0.0,0.0,0.0
6,2,0.0,0.0,0.0
6,2,0.0,0.0,0.0
6,2,0.0,0.0,0.0
6,2,0.0,0.0,0.0
6,2,0.0,0.0,0.0
6,2,0.0,0.0,0.0
6,2,0.0,0.0,0.0
6,2,0.0,0.0,0.0
6,2,0.0,0.0,0.0
6,2,0.0,0.0,0.0
6,2,0.0,0.0,0.0
6,2,0.0,0.0,0.0
6,2,0.0,0.0,0.0
6,2,0.0,0.0,0.0
6,2,0.0,0.0,0.0
6,2,0.0,0.0,0.0
6,2,0.0,0.0,0.0
6,2,0.0,0.0,0.0
6,2,0.0,0.0,0.0
6,2,0.0,0.0,0.0
6,2,0.0,0.0,0.0
6,2,0.0,0.0,0.0
6,2,0.0,0.0,0.0
6,2,0.0,0.0,0.0
6,2,0.0,0.0,0.0
6,2,0.0,0.0,0.0
6,2,0.0,0.0,0.0
6,2,0.0,0.0,0.0
6,2,0.0,0.0,0.0
6,2,0.0,0.0,0.0
6,2,0.0,0.0,0.0
6,2,0.08531299809372328,0.0,13.200000000000001
6,2,0.0,0.0,0.0
6,2,0.0,0.0,0.0
6,2,0.0,0.0,0.0
6,2,0.0,0.0,0.0
6,2,0.0,0.0,0.0
6,2,0.0,0.0,0.0
6,2,0.0,0.0,0.0
6,2,0.0,0.0,0.0
6,2,0.0,0.0,0.0
6,2,0.0,0.0,0.0
6,2,0.0,0.0,0.0
6,2,0.0,0.0,0.0
6,2,0.08835426123353152,0.0,5.28
6,2,0.0,0.0,0.0
6,2,0.0,0.0,0.0
6,2,0.0,0.0,0.0
6,2,0.0,0.0,0.0
6,2,0.0,0.0,0.0
6,2,0.0,0.0,0.0
6,2,0.0,0.0,0.0
6,2,0.0,0.0,0.0
6,2,0.0,0.0,0.0
6,2,0.0,0.0,0.0
6,2,0.0,0.0,0.0
6,2,0.0,0.0,0.0
6,2,0.0,0.0,0.0
6,2,0.0,0.0,0.0
6,2,0.0,0.0,0.0
6,2,0.0,0.0,0.0
6,2,0.0,0.0,0.0
6,2,0.0,0.0,0.0
6,2,0.0,0.0,0.0
6,2,0.0,0.0,0.0
6,2,0.0,0.0,0.0
6,2,0.0,0.0,0.0
6,2,0.0,0.0,0.0
6,2,0.0,0.0,0.0
6,2,0.0,0.0,0.0
6,2,0.0,0.0,0.0
6,2,0.0,0.0,0.0
6,2,0.0,0.0,0.0
6,2,0.0,0.0,0.0
6,2,0.0,0.0,0.0
6,2,0.0,0.0,0.0
6,2,0.0,0.0,0.0
6,2,0.0,0.0,0.0
6,2,0.0,0.0,0.0
6,2,0.0,0.0,0.0
6,2,0.0,0.0,0.0
6,2,0.0,0.0,0.0
6,2,0.0,0.0,0.0
6,2,0.0,0.0,0.0
6,2,0.0,0.0,0.0
6,2,0.0,0.0,0.0
6,2,0.0,0.0,0.0
6,2,0.0,0.0,0.0
6,2,0.0,0.0,0.0
6,2,0.0,0.0,0.0
6,2,0.0,0.0,0.0
6,2,0.0,0.0,0.0
6,2,0.0,0.0,0.0
6,2,0.0,0.0,0.0
6,2,0.0,0.0,0.0
6,2,0.0,0.0,0.0
6,2,0.0,0.0,0.0
6,2,0.0,0.0,0.0
6,2,0.0,0.0,0.0
6,2,0.0,0.0,0.0
6,2,0.0,0.0,0.0
6,2,0.0,0.0,0.0
6,2,0.0,0.0,0.0
6,2,0.0,0.0,0.0
6,2,0.0,0.0,0.0
6,2,0.0,0.0,0.0
6,2,0.0,0.0,0.0
6,2,0.0,0.0,0.0
6,2,0.0,0.0,0.0
6,2,0.0,0.0,0.0
6,2,0.0,0.0,0.0
6,2,0.0,0.0,0.0
6,2,0.0,0.0,0.0
6,2,0.0,0.0,0.0
6,2,0.0,0.0,0.0
6,2,0.0,0.0,0.0
6,2,0.0,0.0,0.0
6,2,0.0,0.0,0.0
6,2,0.0,0.0,0.0
6,2,0.0,0.0,0.0
6,2,0.0,0.0,0.0
6,2,0.0,0.0,0.0
6,2,0.0,0.0,0.0
6,2,0.0,0.0,0.0
6,2,0.0,0.0,0.0
6,2,0.0,0.0,0.0
6,2,0.0,0.0,0.0
6,2,0.0,0.0,0.0
6,2,0.0,0.0,0.0
6,2,0.0,0.0,0.0
6,2,0.0,0.0,0.0
6,2,0.0,0.0,0.0
6,2,0.0,0.0,0.0
6,2,0.0,0.0,0.0
6,2,0.0,0.0,0.0
6,2,0.0,0.0,0.0
6,2,0.0,0.0,0.0
6,2,0.0,0.0,0.0
6,2,0.0,0.0,0.0
6,2,0.0,0.0,0.0
6,2,0.0,0.0,0.0
6,2,0.0,0.0,0.0
6,2,0.0,0.0,0.0
6,2,0.0,0.0,0.0
6,2,0.0,0.0,0.0
6,2,0.0,0.0,0.0
6,2,0.0,0.0,0.0
6,2,0.0,0.0,0.0
6,2,0.0,0.0,0.0
6,2,0.0,0.0,0.0
6,2,0.0,0.0,0.0
6,2,0.0,0.0,0.0
6,2,0.0,0.0,0.0
6,2,0.0,0.0,0.0
6,2,0.0,0.0,0.0
6,2,0.0,0.0,0.0
6,2,0.0,0.0,0.0
6,2,0.0,0.0,0.0
6,2,0.0,0.0,0.0
6,2,0.0,0.0,0.0
6,2,0.0,0.0,0.0
6,2,0.0,0.0,0.0
6,2,0.0,0.0,0.0
6,2,0.0,0.0,0.0
6,2,0.0,0.0,0.0
6,2,0.0,0.0,0.0
6,2,0.0,0.0,0.0
6,2,0.0,0.0,0.0
6,2,0.0,0.0,0.0
6,2,0.0,0.0,0.0
6,2,0.0,0.0,0.0
6,2,0.0,0.0,0.0
6,2,0.0,0.0,0.0
6,2,0.0,0.0,0.0
6,2,0.0,0.0,0.0
6,2,0.0,0.0,0.0
6,2,0.0,0.0,0.0
6,2,0.0,0.0,0.0
6,2,0.0,0.0,0.0
6,2,0.0,0.0,0.0
6,2,0.0,0.0,0.0
6,2,0.0,0.0,0.0
6,2,0.0,0.0,0.0
6,2,0.0,0.0,0.0
6,2,0.0,0.0,0.0
6,2,0.0,0.0,0.0
6,2,0.0,0.0,0.0
6,2,0.0,0.0,0.0
6,2,0.0,0.0,0.0
6,2,0.0,0.0,0.0
6,2,0.0,0.0,0.0
6,2,0.0,0.0,0.0
6,2,0.0,0.0,0.0
6,2,0.0,0.0,0.0
6,2,0.0,0.0,0.0
6,2,0.0,0.0,0.0
6,2,0.0,0.0,0.0
6,2,0.0,0.0,0.0
6,2,0.0,0.0,0.0
6,2,0.0,0.0,0.0
6,2,0.0,0.0,0.0
6,2,0.0,0.0,0.0
6,2,0.0,0.0,0.0
6,2,0.0,0.0,0.0
6,2,0.0,0.0,0.0
6,2,0.0,0.0,0.0
6,2,0.0,0.0,0.0
6,2,0.0,0.0,0.0
6,2,0.0,0.0,0.0
6,2,0.0,0.0,0.0
6,2,0.0,0.0,0.0
6,2,0.0,0.0,0.0
6,2,0.0,0.0,0.0
6,2,0.0,0.0,0.0
6,2,0.0,0.0,0.0
6,2,0.0,0.0,0.0
6,2,0.0,0.0,0.0
6,2,0.0,0.0,0.0
6,2,0.0,0.0,0.0
6,2,0.0,0.0,0.0
6,2,0.0,0.0,0.0
6,2,0.0,0.0,0.0
6,2,0.0,0.0,0.0
6,2,0.0,0.0,0.0
6,2,0.0,0.0,0.0
6,2,0.0,0.0,0.0
6,2,0.0,0.0,0.0
6,2,0.0,0.0,0.0
6,2,0.0,0.0,0.0
6,2,0.0,0.0,0.0
6,2,0.0,0.0,0.0
6,2,0.0,0.0,0.0
6,2,0.0,0.0,0.0
6,2,0.0,0.0,0.0
6,2,0.0,0.0,0.0
6,2,0.0,0.0,0.0
6,2,0.0,0.0,0.0
6,2,0.0,0.0,0.0
6,2,0.0,0.0,0.0
6,2,0.0,0.0,0.0
6,2,0.0,0.0,0.0
6,2,0.0,0.0,0.0
6,2,0.0,0.0,0.0
6,2,0.0,0.0,0.0
6,2,0.0,0.0,0.0
6,2,0.0,0.0,0.0
6,2,0.0,0.0,0.0
6,2,0.0,0.0,0.0
6,2,0.0,0.0,0.0
6,2,0.0,0.0,0.0
6,2,0.0,0.0,0.0
6,2,0.0,0.0,0.0
6,2,0.0,0.0,0.0
6,2,0.0,0.0,0.0
6,2,0.0,0.0,0.0
6,2,0.0,0.0,0.0
6,2,0.0,0.0,0.0
6,2,0.0,0.0,0.0
6,2,0.0,0.0,0.0
6,2,0.0,0.0,0.0
6,2,0.0,0.0,0.0
6,2,0.0,0.0,0.0
6,2,0.0,0.0,0.0
6,2,0.0,0.0,0.0
6,2,0.0,0.0,0.0
6,2,0.0,0.0,0.0
6,2,0.0,0.0,0.0
6,2,0.0,0.0,0.0
6,2,0.0,0.0,0.0
6,2,0.0,0.0,0.0
6,2,0.0,0.0,0.0
6,2,0.0,0.0,0.0
6,2,0.0,0.0,0.0
6,2,0.0,0.0,0.0
6,2,0.0,0.0,0.0
6,2,0.0,0.0,0.0
6,2,0.0,0.0,0.0
6,2,0.0,0.0,0.0
6,2,0.0,0.0,0.0
6,2,0.0,0.0,0.0
6,2,0.0,0.0,0.0
6,2,0.0,0.0,0.0
6,2,0.0,0.0,0.0
6,2,0.0,0.0,0.0
6,2,0.0,0.0,0.0
6,2,0.0,0.0,0.0
6,2,0.0,0.0,0.0
6,2,0.0,0.0,0.0
6,2,0.0,0.0,0.0
6,2,0.0,0.0,0.0
6,2,0.0,0.0,0.0
6,2,0.0,0.0,0.0
6,2,0.0,0.0,0.0
6,2,0.0,0.0,0.0
6,2,0.0,0.0,0.0
6,2,0.0,0.0,0.0
6,2,0.0,0.0,0.0
6,2,0.0,0.0,0.0
6,2,0.0,0.0,0.0
6,2,0.0,0.0,0.0
6,2,0.0,0.0,0.0
6,2,0.0,0.0,0.0
6,2,0.0,0.0,0.0
6,2,0.0,0.0,0.0
6,2,0.0,0.0,0.0
6,2,0.0,0.0,0.0
6,2,0.0,0.0,0.0
6,2,0.0,0.0,0.0
6,2,0.0,0.0,0.0
6,2,0.0,0.0,0.0
6,2,0.0,0.0,0.0
6,2,0.0,0.0,0.0
6,2,0.0,0.0,0.0
6,2,0.0,0.0,0.0
6,2,0.0,0.0,0.0
6,2,0.0,0.0,0.0
6,2,0.0,0.0,0.0
6,2,0.0,0.0,0.0
6,2,0.0,0.0,0.0
6,2,0.0,0.0,0.0
6,2,0.0,0.0,0.0
6,2,0.0,0.0,0.0
6,2,0.0,0.0,0.0
6,2,0.0,0.0,0.0
6,2,0.0,0.0,0.0
6,2,0.0,0.0,0.0
6,2,0.0,0.0,0.0
6,2,0.0,0.0,0.0
6,2,0.0,0.0,0.0
6,2,0.0,0.0,0.0
6,2,0.0,0.0,0.0
6,2,0.0,0.0,0.0
6,2,0.0,0.0,0.0
6,2,0.0,0.0,0.0
6,2,0.0,0.0,0.0
6,2,0.0,0.0,0.0
6,2,0.0,0.0,0.0
6,2,0.0,0.0,0.0
6,2,0.0,0.0,0.0
6,2,0.0,0.0,0.0
6,2,0.0,0.0,0.0
6,2,0.0,0.0,0.0
6,2,0.0,0.0,0.0
6,2,0.0,0.0,0.0
6,2,0.0,0.0,0.0
6,2,0.0,0.0,0.0
6,2,0.0,0.0,0.0
6,2,0.0,0.0,0.0
6,2,0.0,0.0,0.0
6,2,0.0,0.0,0.0
6,2,0.0,0.0,0.0
6,2,0.0,0.0,0.0
6,2,0.0,0.0,0.0
6,2,0.0,0.0,0.0
6,2,0.0,0.0,0.0
6,2,0.0,0.0,0.0
6,2,0.0,0.0,0.0
6,2,0.0,0.0,0.0
6,2,0.0,0.0,0.0
6,2,0.0,0.0,0.0
6,2,0.0,0.0,0.0
6,2,0.0,0.0,0.0
6,2,0.0,0.0,0.0
6,2,0.0,0.0,0.0
6,2,0.0,0.0,0.0
6,2,0.0,0.0,0.0
6,2,0.0,0.0,0.0
6,2,0.0,0.0,0.0
6,2,0.0,0.0,0.0
6,2,0.0,0.0,0.0
6,2,0.0,0.0,0.0
6,2,0.0,0.0,0.0
6,2,0.0,0.0,0.0
6,2,0.0,0.0,0.0
6,2,0.0,0.0,0.0
6,2,0.0,0.0,0.0
6,2,0.0,0.0,0.0
6,2,0.0,0.0,0.0
6,2,0.0,0.0,0.0
6,2,0.0,0.0,0.0
6,2,0.0,0.0,0.0
6,2,0.0,0.0,0.0
6,2,0.0,0.0,0.0
6,2,0.0,0.0,0.0
6,2,0.0,0.0,0.0
6,2,0.0,0.0,0.0
6,2,0.0,0.0,0.0
6,2,0.0,0.0,0.0
6,2,0.0,0.0,0.0
6,2,0.0,0.0,0.0
6,2,0.0,0.0,0.0
6,2,0.0,0.0,0.0
6,2,0.0,0.0,0.0
6,2,0.0,0.0,0.0
6,2,0.0,0.0,0.0
6,2,0.0,0.0,0.0
6,2,0.0,0.0,0.0
6,2,0.0,0.0,0.0
6,2,0.0,0.0,0.0
6,2,0.0,0.0,0.0
6,2,0.0,0.0,0.0
6,2,0.0,0.0,0.0
6,2,0.0,0.0,0.0
6,2,0.0,0.0,0.0
6,2,0.0,0.0,0.0
6,2,0.0,0.0,0.0
6,2,0.0,0.0,0.0
6,2,0.0,0.0,0.0
6,2,0.0,0.0,0.0
6,2,0.0,0.0,0.0
6,2,0.0,0.0,0.0
6,2,0.0,0.0,0.0
6,2,0.0,0.0,0.0
6,2,0.0,0.0,0.0
6,2,0.0,0.0,0.0
6,2,0.0,0.0,0.0
6,2,0.0,0.0,0.0
6,2,0.0,0.0,0.0
6,2,0.0,0.0,0.0
6,2,0.0,0.0,0.0
6,2,0.0,0.0,0.0
6,2,0.0,0.0,0.0
6,2,0.0,0.0,0.0
6,2,0.0,0.0,0.0
6,2,0.0,0.0,0.0
6,2,0.0,0.0,0.0
6,2,0.0,0.0,0.0
6,2,0.0,0.0,0.0
6,2,0.0,0.0,0.0
6,2,0.0,0.0,0.0
6,2,0.0,0.0,0.0
6,2,0.0,0.0,0.0
6,2,0.0,0.0,0.0
6,2,0.0,0.0,0.0
6,2,0.0,0.0,0.0
6,2,0.0,0.0,0.0
6,2,0.0,0.0,0.0
6,2,0.0,0.0,0.0
6,2,0.0,0.0,0.0
6,2,0.0,0.0,0.0
6,2,0.0,0.0,0.0
6,2,0.0,0.0,0.0
6,2,0.0,0.0,0.0
6,2,0.0,0.0,0.0
6,2,0.0,0.0,0.0
6,2,0.0,0.0,0.0
6,2,0.0,0.0,0.0
6,2,0.0,0.0,0.0
6,2,0.0,0.0,0.0
6,2,0.0,0.0,0.0
6,2,0.0,0.0,0.0
6,2,0.0,0.0,0.0
6,2,0.0,0.0,0.0
6,2,0.0,0.0,0.0
6,2,0.0,0.0,0.0
6,2,0.0,0.0,0.0
6,2,0.0,0.0,0.0
6,2,0.0,0.0,0.0
6,2,0.0,0.0,0.0
6,2,0.0,0.0,0.0
6,2,0.0,0.0,0.0
6,2,0.0,0.0,0.0
6,2,0.0,0.0,0.0
6,2,0.0,0.0,0.0
6,2,0.0,0.0,0.0
6,2,0.0,0.0,0.0
6,2,0.0,0.0,0.0
6,2,0.0,0.0,0.0
6,2,0.0,0.0,0.0
6,2,0.0,0.0,0.0
6,2,0.0,0.0,0.0
6,2,0.0,0.0,0.0
6,2,0.0,0.0,0.0
6,2,0.0,0.0,0.0
6,2,0.0,0.0,0.0
6,2,0.0,0.0,0.0
6,2,0.0,0.0,0.0
6,2,0.0,0.0,0.0
6,2,0.0,0.0,0.0
6,2,0.0,0.0,0.0
6,2,0.0,0.0,0.0
6,2,0.0,0.0,0.0
6,2,0.0,0.0,0.0
6,2,0.0,0.0,0.0
6,2,0.0,0.0,0.0
6,2,0.0,0.0,0.0
6,2,0.0,0.0,0.0
6,2,0.0,0.0,0.0
6,2,0.0,0.0,0.0
6,2,0.0,0.0,0.0
6,2,0.0,0.0,0.0
6,2,0.0,0.0,0.0
6,2,0.0,0.0,0.0
6,2,0.0,0.0,0.0
6,2,0.0,0.0,0.0
6,2,0.0,0.0,0.0
6,2,0.0,0.0,0.0
6,2,0.0,0.0,0.0
6,2,0.0,0.0,0.0
6,2,0.0,0.0,0.0
6,2,0.0,0.0,0.0
6,2,0.0,0.0,0.0
6,2,0.0,0.0,0.0
6,2,0.0,0.0,0.0
6,2,0.0,0.0,0.0
6,2,0.0,0.0,0.0
6,2,0.0,0.0,0.0
6,2,0.0,0.0,0.0
6,2,0.0,0.0,0.0
6,2,0.0,0.0,0.0
6,2,0.0,0.0,0.0
6,2,0.0,0.0,0.0
6,2,0.0,0.0,0.0
6,2,0.0,0.0,0.0
6,2,0.0,0.0,0.0
6,2,0.0,0.0,0.0
6,2,0.0,0.0,0.0
6,2,0.0,0.0,0.0
6,2,0.0,0.0,0.0
6,2,0.0,0.0,0.0
6,2,0.0,0.0,0.0
6,2,0.0,0.0,0.0
6,2,0.9126956390415515,0.0,63.36000000000001
6,2,0.0,0.0,0.0
6,2,0.0,0.0,0.0
6,2,0.0,0.0,0.0
6,2,0.0,0.0,0.0
6,2,0.0,0.0,0.0
6,2,0.0,0.0,0.0
6,2,0.0,0.0,0.0
6,2,0.0,0.0,0.0
6,2,0.0,0.0,0.0
6,2,0.0,0.0,0.0
6,2,0.0,0.0,0.0
6,2,0.0,0.0,0.0
6,2,0.0,0.0,0.0
6,2,0.0,0.0,0.0
6,2,0.0,0.0,0.0
6,2,0.0,0.0,0.0
6,2,0.0,0.0,0.0
6,2,0.0,0.0,0.0
6,2,0.0,0.0,0.0
6,2,0.0,0.0,0.0
6,2,0.0,0.0,0.0
6,2,0.0,0.0,0.0
6,2,0.0,0.0,0.0
6,2,0.0,0.0,0.0
6,2,0.0,0.0,0.0
6,2,0.0,0.0,0.0
6,2,0.0,0.0,0.0
6,2,0.0,0.0,0.0
6,2,0.0,0.0,0.0
6,2,0.0,0.0,0.0
6,2,0.0,0.0,0.0
6,2,0.0,0.0,0.0
6,2,0.0,0.0,0.0
6,2,0.0,0.0,0.0
6,2,0.0,0.0,0.0
6,2,0.0,0.0,0.0
6,2,0.0,0.0,0.0
6,2,0.0,0.0,0.0
6,2,0.0,0.0,0.0
6,2,0.0,0.0,0.0
6,2,0.0,0.0,0.0
6,2,0.0,0.0,0.0
6,2,0.0,0.0,0.0
6,2,0.0,0.0,0.0
6,2,0.0,0.0,0.0
6,2,0.0,0.0,0.0
6,2,0.0,0.0,0.0
6,2,0.0,0.0,0.0
6,2,0.0,0.0,0.0
6,2,0.0,0.0,0.0
6,2,0.0,0.0,0.0
6,2,0.0,0.0,0.0
6,2,0.0,0.0,0.0
6,2,0.0,0.0,0.0
6,2,0.0,0.0,0.0
6,2,0.0,0.0,0.0
6,2,0.0,0.0,0.0
6,2,0.0,0.0,0.0
6,2,0.0,0.0,0.0
6,2,0.0,0.0,0.0
6,2,0.0,0.0,0.0
6,2,0.0,0.0,0.0
6,2,0.0,0.0,0.0
6,2,0.0,0.0,0.0
6,2,0.0,0.0,0.0
6,2,0.0,0.0,0.0
6,2,0.0,0.0,0.0
6,2,0.0,0.0,0.0
6,2,0.0,0.0,0.0
6,2,0.0,0.0,0.0
6,2,0.0,0.0,0.0
6,2,0.0,0.0,0.0
6,2,0.0,0.0,0.0
6,2,0.0,0.0,0.0
6,2,0.0,0.0,0.0
6,2,0.0,0.0,0.0
6,2,0.0,0.0,0.0
6,2,0.0,0.0,0.0
6,2,0.0,0.0,0.0
6,2,0.0,0.0,0.0
6,2,0.0,0.0,0.0
6,2,0.0,0.0,0.0
6,2,0.0,0.0,0.0
6,2,0.0,0.0,0.0
6,2,0.0,0.0,0.0
6,2,0.0,0.0,0.0
6,2,0.0,0.0,0.0
6,2,0.0,0.0,0.0
6,2,0.0,0.0,0.0
6,2,0.0,0.0,0.0
6,2,0.0,0.0,0.0
6,2,0.0,0.0,0.0
6,2,0.0,0.0,0.0
6,2,0.0,0.0,0.0
6,2,0.0,0.0,21.12
6,2,0.0,0.0,0.0
6,2,0.0,0.0,0.0
6,2,0.0,0.0,0.0
6,2,0.0,0.0,0.0
6,2,0.0,0.0,0.0
6,2,0.0,0.0,0.0
6,2,0.0,0.0,0.0
6,2,0.0,0.0,0.0
6,2,0.0,0.0,0.0
6,2,0.0,0.0,0.0
6,2,0.0,0.0,0.0
6,2,0.0,0.0,0.0
6,2,0.0,0.0,0.0
6,2,0.0,0.0,0.0
6,2,0.0,0.0,0.0
6,2,0.0,0.0,0.0
6,2,0.0,0.0,0.0
6,2,0.0,0.0,0.0
6,2,0.0,0.0,0.0
6,2,0.0,0.0,0.0
6,2,0.0,0.0,0.0
6,2,0.0,0.0,0.0
6,2,0.0,0.0,0.0
6,2,0.0,0.0,0.0
6,2,0.0,0.0,0.0
6,2,0.0,0.0,0.0
6,2,0.0,0.0,0.0
6,2,0.0,0.0,0.0
6,2,0.0,0.0,0.0
6,2,0.0,0.0,0.0
6,2,0.0,0.0,0.0
6,2,0.0,0.0,0.0
6,2,0.0,0.0,0.0
6,2,0.0,0.0,0.0
6,2,0.0,0.0,0.0
6,2,0.0,0.0,0.0
6,2,0.0,0.0,0.0
6,2,0.0,0.0,0.0
6,2,0.0,0.0,0.0
6,2,0.0,0.0,0.0
6,2,0.0,0.0,0.0
6,2,0.0,0.0,0.0
6,2,0.0,0.0,0.0
6,2,0.0,0.0,0.0
6,2,0.0,0.0,0.0
6,2,0.0,0.0,0.0
6,2,0.0,0.0,0.0
6,2,0.0,0.0,0.0
6,2,0.0,0.0,0.0
6,2,0.0,0.0,0.0
6,2,0.0,0.0,0.0
6,2,0.0,0.0,0.0
6,2,0.0,0.0,0.0
6,2,0.0,0.0,0.0
6,2,0.0,0.0,0.0
6,2,0.0,0.0,0.0
6,2,0.0,0.0,0.0
6,2,0.0,0.0,0.0
6,2,0.0,0.0,0.0
6,2,0.0,0.0,0.0
6,2,0.0,0.0,0.0
6,2,0.0,0.0,0.0
6,2,0.0,0.0,0.0
6,2,0.0,0.0,0.0
6,2,0.0,0.0,0.0
6,2,0.0,0.0,0.0
6,2,0.0,0.0,0.0
6,2,0.0,0.0,0.0
6,2,0.0,0.0,0.0
6,2,0.0,0.0,0.0
6,2,0.0,0.0,0.0
6,2,0.0,0.0,0.0
6,2,0.0,0.0,0.0
6,2,0.0,0.0,0.0
6,2,0.0,0.0,0.0
6,2,0.0,0.0,0.0
6,2,0.0,0.0,0.0
6,2,0.0,0.0,0.0
6,2,0.0,0.0,0.0
6,2,0.0,0.0,0.0
6,2,0.0,0.0,0.0
6,2,0.0,0.0,0.0
6,2,0.0,0.0,0.0
6,2,0.0,0.0,0.0
6,2,0.0,0.0,0.0
6,2,0.0,0.0,0.0
6,2,0.0,0.0,0.0
6,2,0.0,0.0,0.0
6,2,0.0,0.0,0.0
6,2,0.0,0.0,0.0
6,2,0.0,0.0,0.0
6,2,0.0,0.0,0.0
6,2,0.0,0.0,0.0
6,2,0.0,0.0,0.0
6,2,0.0,0.0,0.0
6,2,0.0,0.0,0.0
6,2,0.0,0.0,0.0
6,2,0.0,0.0,0.0
6,2,0.0,0.0,0.0
6,2,0.0,0.0,0.0
6,2,0.0,0.0,0.0
6,2,0.0,0.0,0.0
6,2,0.0,0.0,0.0
6,2,0.0,0.0,0.0
6,2,0.0,0.0,0.0
6,2,0.0,0.0,0.0
6,2,0.0,0.0,0.0
6,2,0.0,0.0,0.0
6,2,0.0,0.0,0.0
6,2,0.0,0.0,0.0
6,2,0.0,0.0,0.0
6,2,0.0,0.0,0.0
6,2,0.0,0.0,0.0
6,2,0.0,0.0,0.0
6,2,0.0,0.0,0.0
6,2,0.0,0.0,0.0
6,2,0.0,0.0,0.0
6,2,0.0,0.0,0.0
6,2,0.0,0.0,0.0
6,2,0.0,0.0,0.0
6,2,0.0,0.0,0.0
6,2,0.0,0.0,0.0
6,2,0.0,0.0,0.0
6,2,0.0,0.0,0.0
6,2,0.0,0.0,0.0
6,2,0.0,0.0,0.0
6,2,0.0,0.0,0.0
6,2,0.0,0.0,0.0
6,2,0.0,0.0,0.0
6,2,0.0,0.0,0.0
6,2,0.0,0.0,0.0
6,2,0.0,0.0,0.0
6,2,0.0,0.0,0.0
6,2,0.0,0.0,0.0
6,2,0.0,0.0,0.0
6,2,0.0,0.0,0.0
6,2,0.0,0.0,0.0
6,2,0.0,0.0,0.0
6,2,0.0,0.0,0.0
6,2,0.0,0.0,0.0
6,2,0.0,0.0,0.0
6,2,0.0,0.0,0.0
6,2,0.0,0.0,0.0
6,2,0.0,0.0,0.0
6,2,0.0,0.0,0.0
6,2,0.0,0.0,0.0
6,2,0.0,0.0,0.0
6,2,0.0,0.0,0.0
6,2,0.0,0.0,0.0
6,2,0.0,0.0,0.0
6,2,0.0,0.0,0.0
6,2,0.0,0.0,0.0
6,2,0.0,0.0,0.0
6,2,0.0,0.0,0.0
6,2,0.0,0.0,0.0
6,2,0.0,0.0,0.0
6,2,0.0,0.0,69.95999999999998
6,2,0.0,0.0,0.0
6,2,0.0,0.0,0.0
6,2,0.0,0.0,0.0
6,2,0.0,0.0,0.0
6,2,0.0,0.0,0.0
6,2,0.0,0.0,0.0
6,2,0.0,0.0,0.0
6,2,0.0,0.0,0.0
6,2,0.0,0.0,0.0
6,2,0.0,0.0,0.0
6,2,0.0,0.0,43.56
6,2,0.0,0.0,0.0
6,2,0.0,0.0,0.0
6,2,0.0,0.0,0.0
6,2,0.0,0.0,0.0
6,2,0.0,0.0,0.0
6,2,0.0,0.0,0.0
6,2,0.0,0.0,0.0
6,2,0.0,0.0,0.0
6,2,0.0,0.0,0.0
6,2,0.0,0.0,0.0
6,2,0.0,0.0,0.0
6,2,0.0,0.0,0.0
6,2,0.0,0.0,0.0
6,2,0.0,0.0,0.0
6,2,0.0,0.0,0.0
6,2,0.0,0.0,0.0
6,2,0.0,0.0,0.0
6,2,0.0,0.0,0.0
6,2,0.0,0.0,0.0
6,2,0.0,0.0,0.0
6,2,0.0,0.0,0.0
6,2,0.0,0.0,0.0
6,2,0.0,0.0,0.0
6,2,0.0,0.0,0.0
6,2,0.0,0.0,0.0
6,2,0.0,0.0,0.0
6,2,0.0,0.0,0.0
6,2,0.0,0.0,0.0
6,2,0.0,0.0,0.0
6,2,0.0,0.0,0.0
6,2,0.0,0.0,0.0
6,2,0.0,0.0,0.0
6,2,0.0,0.0,0.0
6,2,0.0,0.0,0.0
6,2,0.0,0.0,0.0
6,2,0.0,0.0,0.0
6,2,0.0,0.0,0.0
6,2,0.0,0.0,0.0
6,2,0.0,0.0,0.0
6,2,0.0,0.0,0.0
6,2,0.0,0.0,0.0
6,2,0.0,0.0,0.0
6,2,0.0,0.0,0.0
6,2,0.0,0.0,0.0
6,2,0.0,0.0,0.0
6,2,0.0,0.0,0.0
6,2,0.0,0.0,0.0
6,2,0.0,0.0,0.0
6,2,0.0,0.0,0.0
6,2,0.0,0.0,0.0
6,2,0.0,0.0,0.0
6,2,0.0,0.0,0.0
6,2,0.0,0.0,0.0
6,2,0.0,0.0,0.0
6,2,0.0,0.0,0.0
6,2,0.0,0.0,0.0
6,2,0.0,0.0,0.0
6,2,0.0,0.0,0.0
6,2,0.0,0.0,0.0
6,2,0.0,0.0,0.0
6,2,0.0,0.0,0.0
6,2,0.0,0.0,0.0
6,2,0.0,0.0,0.0
6,2,0.0,0.0,0.0
6,2,0.0,0.0,0.0
6,2,0.0,0.0,0.0
6,2,0.0,0.0,0.0
6,2,0.0,0.0,0.0
6,2,0.0,0.0,0.0
6,2,0.0,0.0,0.0
6,2,0.0,0.0,0.0
6,2,0.0,0.0,0.0
6,2,0.0,0.0,0.0
6,2,0.0,0.0,0.0
6,2,0.0,0.0,0.0
6,2,0.0,0.0,0.0
6,2,0.0,0.0,0.0
6,2,0.0,0.0,0.0
6,2,0.0,0.0,0.0
6,2,0.0,0.0,0.0
6,2,0.0,0.0,0.0
6,2,0.0,0.0,0.0
6,2,0.0,0.0,0.0
6,2,0.0,0.0,0.0
6,2,0.0,0.0,0.0
6,2,0.0,0.0,0.0
6,2,0.0,0.0,0.0
6,2,0.0,0.0,0.0
6,2,0.0,0.0,0.0
6,2,0.0,0.0,0.0
6,2,0.0,0.0,0.0
6,2,0.0,0.0,0.0
6,2,0.0,0.0,0.0
6,2,0.0,0.0,0.0
6,2,0.0,0.0,0.0
6,2,0.0,0.0,0.0
6,2,0.0,0.0,0.0
6,2,0.0,0.0,0.0
6,2,0.0,0.0,0.0
6,2,0.0,0.0,0.0
6,2,0.0,0.0,0.0
6,2,0.0,0.0,0.0
6,2,0.0,0.0,0.0
6,2,0.0,0.0,0.0
6,2,0.0,0.0,0.0
6,2,0.0,0.0,0.0
6,2,0.0,0.0,0.0
6,2,0.0,0.0,0.0
6,2,0.0,0.0,0.0
6,2,0.0,0.0,0.0
6,2,0.0,0.0,0.0
6,2,0.0,0.0,0.0
6,2,0.0,0.0,0.0
6,2,0.0,0.0,0.0
6,2,0.0,0.0,0.0
6,2,0.0,0.0,0.0
6,2,0.0,0.0,0.0
6,2,0.0,0.0,0.0
6,2,0.0,0.0,0.0
6,2,0.0,0.0,0.0
6,2,0.0,0.0,0.0
6,2,0.0,0.0,0.0
6,2,0.0,0.0,0.0
6,2,0.0,0.0,0.0
6,2,0.0,0.0,0.0
6,2,0.0,0.0,0.0
6,2,0.0,0.0,0.0
6,2,0.0,0.0,0.0
6,2,0.0,0.0,0.0
6,2,0.0,0.0,0.0
6,2,0.0,0.0,0.0
6,2,0.0,0.0,0.0
6,2,0.0,0.0,0.0
6,2,0.0,0.0,0.0
6,2,0.0,0.0,0.0
6,2,0.0,0.0,0.0
6,2,0.0,0.0,0.0
6,2,0.0,0.0,0.0
6,2,0.0,0.0,0.0
6,2,0.0,0.0,0.0
6,2,0.0,0.0,0.0
6,2,0.0,0.0,0.0
6,2,0.0,0.0,0.0
6,2,0.0,0.0,0.0
6,2,0.0,0.0,0.0
6,2,0.0,0.0,0.0
6,2,0.0,0.0,0.0
6,2,0.0,0.0,0.0
6,2,0.0,0.0,0.0
6,2,0.0,0.0,0.0
6,2,0.0,0.0,0.0
6,2,0.0,0.0,0.0
6,2,0.0,0.0,0.0
6,2,0.0,0.0,0.0
6,2,0.0,0.0,0.0
6,2,0.0,0.0,0.0
6,2,0.0,0.0,0.0
6,2,0.0,0.0,0.0
6,2,0.0,0.0,0.0
6,2,0.0,0.0,0.0
6,2,0.0,0.0,0.0
6,2,0.0,0.0,0.0
6,2,0.0,0.0,0.0
6,2,0.0,0.0,0.0
6,2,0.0,0.0,0.0
6,2,0.0,0.0,0.0
6,2,0.0,0.0,0.0
6,2,0.0,0.0,0.0
6,2,0.0,0.0,0.0
6,2,0.0,0.0,0.0
6,2,0.0,0.0,0.0
6,2,0.0,0.0,0.0
6,2,0.0,0.0,0.0
6,2,0.0,0.0,0.0
6,2,0.0,0.0,0.0
6,2,0.0,0.0,0.0
6,2,0.0,0.0,0.0
6,2,0.0,0.0,0.0
6,2,0.0,0.0,0.0
6,2,0.0,0.0,0.0
6,2,0.0,0.0,0.0
6,2,0.0,0.0,0.0
6,2,0.0,0.0,0.0
6,2,0.0,0.0,0.0
6,2,0.0,0.0,0.0
6,2,0.0,0.0,0.0
6,2,0.0,0.0,0.0
6,2,0.0,0.0,0.0
6,2,0.0,0.0,0.0
6,2,0.0,0.0,0.0
6,2,0.0,0.0,0.0
6,2,0.0,0.0,0.0
6,2,0.0,0.0,0.0
6,2,0.0,0.0,0.0
6,2,0.0,0.0,0.0
6,2,0.0,0.0,0.0
6,2,0.0,0.0,0.0
6,2,0.0,0.0,0.0
6,2,0.0,0.0,0.0
6,2,0.0,0.0,0.0
6,2,0.0,0.0,0.0
6,2,0.0,0.0,0.0
6,2,0.0,0.0,0.0
6,2,0.0,0.0,0.0
6,2,0.0,0.0,0.0
6,2,0.0,0.0,0.0
6,2,0.0,0.0,0.0
6,2,0.0,0.0,0.0
6,2,0.0,0.0,0.0
6,2,0.0,0.0,0.0
6,2,0.0,0.0,0.0
6,2,0.0,0.0,0.0
6,2,0.0,0.0,0.0
6,2,0.0,0.0,0.0
6,2,0.0,0.0,0.0
6,2,0.0,0.0,0.0
6,2,0.0,0.0,0.0
6,2,0.0,0.0,0.0
6,2,0.0,0.0,0.0
6,2,0.0,0.0,0.0
6,2,0.0,0.0,0.0
6,2,0.0,0.0,0.0
6,2,0.0,0.0,0.0
6,2,0.0,0.0,0.0
6,2,0.0,0.0,0.0
6,2,0.0,0.0,0.0
6,2,0.0,0.0,0.0
6,2,0.0,0.0,0.0
6,2,0.0,0.0,0.0
6,2,0.0,0.0,0.0
6,2,0.0,0.0,0.0
6,2,0.0,0.0,0.0
6,2,0.0,0.0,0.0
6,2,0.0,0.0,0.0
6,2,0.0,0.0,0.0
6,2,0.0,0.0,0.0
6,2,0.0,0.0,0.0
6,2,0.0,0.0,0.0
6,2,0.0,0.0,0.0
6,2,0.0,0.0,0.0
6,2,0.0,0.0,0.0
6,2,0.0,0.0,0.0
6,2,0.0,0.0,0.0
6,2,0.0,0.0,0.0
6,2,0.0,0.0,0.0
6,2,0.0,0.0,0.0
6,2,0.0,0.0,0.0
6,2,0.0,0.0,0.0
6,2,0.0,0.0,0.0
6,2,0.0,0.0,0.0
6,2,0.0,0.0,0.0
6,2,0.0,0.0,0.0
6,2,0.0,0.0,0.0
6,2,0.0,0.0,0.0
6,2,0.0,0.0,0.0
6,2,0.0,0.0,0.0
6,2,0.0,0.0,0.0
6,2,0.0,0.0,0.0
6,2,0.0,0.0,0.0
6,2,0.0,0.0,0.0
6,2,0.0,0.0,0.0
6,2,0.0,0.0,0.0
6,2,0.0,0.0,0.0
6,2,0.0,0.0,0.0
6,2,0.0,0.0,0.0
6,2,0.0,0.0,0.0
6,2,0.0,0.0,0.0
6,2,0.0,0.0,0.0
6,2,0.0,0.0,0.0
6,2,0.0,0.0,0.0
6,2,0.0,0.0,0.0
6,2,0.0,0.0,0.0
6,2,0.0,0.0,0.0
6,2,0.0,0.0,0.0
6,2,0.0,0.0,0.0
6,2,0.0,0.0,0.0
6,2,0.0,0.0,0.0
6,2,0.0,0.0,0.0
6,2,0.0,0.0,0.0
6,2,0.0,0.0,0.0
6,2,0.0,0.0,0.0
6,2,0.0,0.0,0.0
6,2,0.0,0.0,0.0
6,2,0.0,0.0,0.0
6,2,0.0,0.0,0.0
6,2,0.0,0.0,0.0
6,2,0.0,0.0,0.0
6,2,0.0,0.0,0.0
6,2,0.0,0.0,0.0
6,2,0.0,0.0,0.0
6,2,0.0,0.0,0.0
6,2,0.0,0.0,0.0
6,2,0.0,0.0,0.0
6,2,0.0,0.0,0.0
6,2,0.0,0.0,0.0
6,2,0.0,0.0,0.0
6,2,0.0,0.0,0.0
6,2,0.0,0.0,0.0
6,2,0.0,0.0,0.0
6,2,0.0,0.0,0.0
6,2,0.0,0.0,0.0
6,2,0.0,0.0,0.0
6,2,0.0,0.0,0.0
6,2,0.0,0.0,0.0
6,2,0.0,0.0,0.0
6,2,0.0,0.0,0.0
6,2,0.0,0.0,0.0
6,2,0.0,0.0,0.0
6,2,0.0,0.0,0.0
6,2,0.0,0.0,0.0
6,2,0.0,0.0,0.0
6,2,0.0,0.0,0.0
6,2,0.0,0.0,0.0
6,2,0.0,0.0,0.0
6,2,0.0,0.0,0.0
6,2,0.0,0.0,0.0
6,2,0.0,0.0,0.0
6,2,0.0,0.0,0.0
6,2,0.0,0.0,0.0
6,2,0.0,0.0,0.0
6,2,0.0,0.0,0.0
6,2,0.0,0.0,0.0
6,2,0.0,0.0,0.0
6,2,0.0,0.0,0.0
6,2,0.0,0.0,0.0
6,2,0.0,0.0,0.0
6,2,0.0,0.0,0.0
6,2,0.0,0.0,0.0
6,2,0.0,0.0,0.0
6,2,0.0,0.0,0.0
6,2,0.0,0.0,0.0
6,2,0.0,0.0,0.0
6,2,0.0,0.0,0.0
6,2,0.0,0.0,0.0
6,2,0.0,0.0,0.0
6,2,0.0,0.0,0.0
6,2,0.0,0.0,0.0
6,2,0.0,0.0,0.0
6,2,0.0,0.0,0.0
6,2,0.0,0.0,0.0
6,2,0.0,0.0,0.0
6,2,0.0,0.0,0.0
6,2,0.0,0.0,0.0
6,2,0.0,0.0,0.0
6,2,0.0,0.0,0.0
6,2,0.0,0.0,0.0
6,2,0.0,0.0,0.0
6,2,0.0,0.0,0.0
6,2,0.0,0.0,0.0
6,2,0.0,0.0,0.0
6,2,0.0,0.0,0.0
6,2,0.0,0.0,0.0
6,2,0.0,0.0,0.0
6,2,0.0,0.0,0.0
6,2,0.0,0.0,0.0
6,2,0.0,0.0,0.0
6,2,0.0,0.0,0.0
6,2,0.0,0.0,0.0
6,2,0.0,0.0,0.0
6,2,0.0,0.0,0.0
6,2,0.0,0.0,0.0
6,2,0.0,0.0,0.0
6,2,0.0,0.0,0.0
6,2,0.0,0.0,0.0
6,2,0.0,0.0,0.0
6,2,0.0,0.0,0.0
6,2,0.0,0.0,0.0
6,2,0.0,0.0,0.0
6,2,0.0,0.0,0.0
6,2,0.0,0.0,0.0
6,2,0.0,0.0,0.0
6,2,0.0,0.0,0.0
6,2,0.0,0.0,0.0
6,2,0.0,0.0,0.0
6,2,0.0,0.0,0.0
6,2,0.0,0.0,0.0
6,2,0.0,0.0,0.0
6,2,0.0,0.0,0.0
6,2,0.0,0.0,0.0
6,2,0.0,0.0,0.0
6,2,0.0,0.0,0.0
6,2,0.0,0.0,0.0
6,2,0.0,0.0,0.0
6,2,0.0,0.0,0.0
6,2,0.0,0.0,0.0
6,2,0.0,0.0,0.0
6,2,0.0,0.0,0.0
6,2,0.0,0.0,0.0
6,2,0.0,0.0,0.0
6,2,0.0,0.0,0.0
6,2,0.0,0.0,0.0
6,2,0.0,0.0,0.0
6,2,0.0,0.0,0.0
6,2,0.0,0.0,0.0
6,2,0.0,0.0,0.0
6,2,0.0,0.0,0.0
6,2,0.0,0.0,0.0
6,2,0.0,0.0,0.0
6,2,0.0,0.0,0.0
6,2,0.0,0.0,0.0
6,2,0.0,0.0,0.0
6,2,0.0,0.0,0.0
6,2,0.0,0.0,0.0
6,2,0.0,0.0,0.0
6,2,0.0,0.0,0.0
6,2,0.0,0.0,0.0
6,2,0.0,0.0,0.0
6,2,0.0,0.0,0.0
6,2,0.0,0.0,0.0
6,2,0.0,0.0,0.0
6,2,0.0,0.0,0.0
6,2,0.0,0.0,0.0
6,2,0.0,0.0,0.0
6,2,0.0,0.0,0.0
6,2,0.0,0.0,0.0
6,2,0.0,0.0,0.0
6,2,0.0,0.0,0.0
6,2,0.0,0.0,0.0
6,2,0.0,0.0,0.0
6,2,0.0,0.0,0.0
6,2,0.0,0.0,0.0
6,2,0.0,0.0,0.0
6,2,0.0,0.0,0.0
6,2,0.0,0.0,0.0
6,2,0.0,0.0,0.0
6,2,0.0,0.0,0.0
6,2,0.0,0.0,0.0
6,2,0.0,0.0,0.0
6,2,0.0,0.0,0.0
6,2,0.0,0.0,0.0
6,2,0.0,0.0,0.0
6,2,0.0,0.0,0.0
6,2,0.0,0.0,0.0
6,2,0.0,0.0,0.0
6,2,0.0,0.0,0.0
6,2,0.0,0.0,0.0
6,2,0.0,0.0,0.0
6,2,0.0,0.0,0.0
6,2,0.0,0.0,0.0
6,2,0.0,0.0,0.0
6,2,0.0,0.0,0.0
6,2,0.0,0.0,0.0
6,2,0.0,0.0,0.0
6,2,0.0,0.0,0.0
6,2,0.0,0.0,0.0
6,2,0.0,0.0,0.0
6,2,0.0,0.0,0.0
6,2,0.0,0.0,0.0
6,2,0.0,0.0,0.0
6,2,0.0,0.0,0.0
6,2,0.0,0.0,0.0
6,2,0.0,0.0,0.0
6,2,0.0,0.0,0.0
6,2,0.0,0.0,60.720000000000006
6,2,0.0,0.0,0.0
6,2,0.0,0.0,0.0
6,2,0.0,0.0,0.0
6,2,0.0,0.0,0.0
6,2,0.0,0.0,0.0
6,2,0.0,0.0,0.0
6,2,0.0,0.0,0.0
6,2,0.0,0.0,0.0
6,2,0.0,0.0,0.0
6,2,0.0,0.0,0.0
6,2,0.0,0.0,0.0
6,2,0.0,0.0,0.0
6,2,0.0,0.0,0.0
6,2,0.0,0.0,0.0
6,2,0.0,0.0,0.0
6,2,0.0,0.0,0.0
6,2,0.0,0.0,0.0
6,2,0.0,0.0,0.0
6,2,0.0,0.0,0.0
6,2,0.0,0.0,0.0
6,2,0.0,0.0,0.0
6,2,0.0,0.0,0.0
6,2,0.0,0.0,0.0
6,2,0.0,0.0,0.0
6,2,0.0,0.0,0.0
6,2,0.0,0.0,0.0
6,2,0.0,0.0,0.0
6,2,0.0,0.0,0.0
6,2,0.0,0.0,0.0
6,2,0.0,0.0,0.0
6,2,0.0,0.0,0.0
6,2,0.0,0.0,0.0
6,2,0.0,0.0,0.0
6,2,0.0,0.0,0.0
6,2,0.0,0.0,0.0
6,2,0.0,0.0,0.0
6,2,0.0,0.0,0.0
6,2,0.0,0.0,0.0
6,2,0.0,0.0,0.0
6,2,0.0,0.0,0.0
6,2,0.0,0.0,0.0
6,2,0.0,0.0,0.0
6,2,0.0,0.0,0.0
6,2,0.0,0.0,0.0
6,2,0.0,0.0,0.0
6,2,0.0,0.0,0.0
6,2,0.0,0.0,0.0
6,2,0.0,0.0,0.0
6,2,0.0,0.0,0.0
6,2,0.0,0.0,0.0
6,2,0.0,0.0,0.0
6,2,0.0,0.0,0.0
6,2,0.0,0.0,0.0
6,2,0.0,0.0,0.0
6,2,0.0,0.0,0.0
6,2,0.0,0.0,0.0
6,2,0.0,0.0,0.0
6,2,0.0,0.0,0.0
6,2,0.0,0.0,0.0
6,2,0.0,0.0,0.0
6,2,0.0,0.0,0.0
6,2,0.0,0.0,0.0
6,2,0.0,0.0,0.0
6,2,0.0,0.0,0.0
6,2,0.0,0.0,0.0
6,2,0.0,0.0,0.0
6,2,0.0,0.0,0.0
6,2,0.0,0.0,0.0
6,2,0.0,0.0,0.0
6,2,0.0,0.0,0.0
6,2,0.0,0.0,0.0
6,2,0.0,0.0,0.0
6,2,0.0,0.0,0.0
6,2,0.0,0.0,0.0
6,2,0.0,0.0,0.0
6,2,0.0,0.0,0.0
6,2,0.0,0.0,0.0
6,2,0.0,0.0,0.0
6,2,0.0,0.0,0.0
6,2,0.0,0.0,0.0
6,2,0.0,0.0,0.0
6,2,0.0,0.0,0.0
6,2,0.0,0.0,0.0
6,2,0.0,0.0,0.0
6,2,0.0,0.0,0.0
6,2,0.0,0.0,0.0
6,2,0.0,0.0,0.0
6,2,0.0,0.0,0.0
6,2,0.0,0.0,0.0
6,2,0.0,0.0,0.0
6,2,0.0,0.0,0.0
6,2,0.0,0.0,0.0
6,2,0.0,0.0,0.0
6,2,0.0,0.0,0.0
6,2,0.0,0.0,0.0
6,2,0.0,0.0,0.0
6,2,0.0,0.0,0.0
6,2,0.0,0.0,0.0
6,2,0.0,0.0,0.0
6,2,0.0,0.0,0.0
6,2,0.0,0.0,0.0
6,2,0.0,0.0,0.0
6,2,0.0,0.0,0.0
6,2,0.0,0.0,0.0
6,2,0.0,0.0,0.0
6,2,0.0,0.0,0.0
6,2,0.0,0.0,0.0
6,2,0.0,0.0,0.0
6,2,0.0,0.0,0.0
6,2,0.0,0.0,0.0
6,2,0.0,0.0,0.0
6,2,0.0,0.0,0.0
6,2,0.0,0.0,0.0
6,2,0.0,0.0,0.0
6,2,0.0,0.0,0.0
6,2,0.0,0.0,0.0
6,2,0.0,0.0,0.0
6,2,0.0,0.0,0.0
6,2,0.0,0.0,0.0
6,2,0.0,0.0,0.0
6,2,0.0,0.0,0.0
6,2,0.0,0.0,0.0
6,2,0.0,0.0,0.0
6,2,0.0,0.0,0.0
6,2,0.0,0.0,0.0
6,2,0.0,0.0,0.0
6,2,0.0,0.0,0.0
6,2,0.0,0.0,0.0
6,2,0.0,0.0,0.0
6,2,0.0,0.0,0.0
6,2,0.0,0.0,0.0
6,2,0.0,0.0,0.0
6,2,0.0,0.0,0.0
6,2,0.0,0.0,0.0
6,2,0.0,0.0,0.0
6,2,0.0,0.0,0.0
6,2,0.0,0.0,0.0
6,2,0.0,0.0,0.0
6,2,0.0,0.0,0.0
6,2,0.0,0.0,0.0
6,2,0.0,0.0,0.0
6,2,0.0,0.0,0.0
6,2,0.0,0.0,0.0
6,2,0.0,0.0,0.0
6,2,0.0,0.0,0.0
6,2,0.0,0.0,0.0
6,2,0.0,0.0,0.0
6,2,0.0,0.0,0.0
6,2,0.0,0.0,0.0
6,2,0.0,0.0,0.0
6,2,0.0,0.0,0.0
6,2,0.0,0.0,0.0
6,2,0.0,0.0,0.0
6,2,0.0,0.0,0.0
6,2,0.0,0.0,0.0
6,2,0.0,0.0,0.0
6,2,0.0,0.0,0.0
6,2,0.0,0.0,0.0
6,2,0.0,0.0,0.0
6,2,0.0,0.0,0.0
6,2,0.0,0.0,0.0
6,2,0.0,0.0,0.0
6,2,0.0,0.0,0.0
6,2,0.0,0.0,0.0
6,2,0.0,0.0,0.0
6,2,0.0,0.0,0.0
6,2,0.0,0.0,0.0
6,2,0.0,0.0,0.0
6,2,0.0,0.0,0.0
6,2,0.0,0.0,0.0
6,2,0.0,0.0,0.0
6,2,0.0,0.0,0.0
6,2,0.0,0.0,0.0
6,2,0.0,0.0,0.0
6,2,0.0,0.0,0.0
6,2,0.0,0.0,0.0
6,2,0.0,0.0,0.0
6,2,0.0,0.0,0.0
6,2,0.0,0.0,0.0
6,2,0.0,0.0,0.0
6,2,0.0,0.0,0.0
6,2,0.0,0.0,0.0
6,2,0.0,0.0,0.0
6,2,0.0,0.0,0.0
6,2,0.0,0.0,0.0
6,2,0.0,0.0,0.0
6,2,0.0,0.0,0.0
6,2,0.0,0.0,0.0
6,2,0.0,0.0,0.0
6,2,0.0,0.0,0.0
6,2,0.0,0.0,0.0
6,2,0.0,0.0,0.0
6,2,0.0,0.0,0.0
6,2,0.0,0.0,0.0
6,2,0.0,0.0,0.0
6,2,0.0,0.0,0.0
6,2,0.0,0.0,0.0
6,2,0.0,0.0,0.0
6,2,0.0,0.0,0.0
6,2,0.0,0.0,0.0
6,2,0.0,0.0,0.0
6,2,0.0,0.0,0.0
6,2,0.0,0.0,0.0
6,2,0.0,0.0,0.0
6,2,0.0,0.0,0.0
6,2,0.0,0.0,0.0
6,2,0.0,0.0,0.0
6,2,0.0,0.0,0.0
6,2,0.0,0.0,0.0
6,2,0.0,0.0,0.0
6,2,0.0,0.0,0.0
6,2,0.0,0.0,0.0
6,2,0.0,0.0,0.0
6,2,0.0,0.0,0.0
6,2,0.0,0.0,0.0
6,2,0.0,0.0,0.0
6,2,0.0,0.0,0.0
6,2,0.0,0.0,0.0
6,2,0.0,0.0,0.0
6,2,0.0,0.0,0.0
6,2,0.0,0.0,0.0
6,2,0.0,0.0,0.0
6,2,0.0,0.0,0.0
6,2,0.0,0.0,0.0
6,2,0.0,0.0,0.0
6,2,0.0,0.0,0.0
6,2,0.0,0.0,0.0
6,2,0.0,0.0,0.0
6,2,0.0,0.0,0.0
6,2,0.0,0.0,0.0
6,2,0.0,0.0,0.0
6,2,0.0,0.0,0.0
6,2,0.0,0.0,0.0
6,2,0.0,0.0,0.0
6,2,0.0,0.0,0.0
6,2,0.0,0.0,0.0
6,2,0.0,0.0,0.0
6,2,0.0,0.0,0.0
6,2,0.0,0.0,0.0
6,2,0.0,0.0,0.0
6,2,0.0,0.0,0.0
6,2,0.0,0.0,0.0
6,2,0.0,0.0,0.0
6,2,0.0,0.0,0.0
6,2,0.0,0.0,0.0
6,2,0.0,0.0,0.0
6,2,0.0,0.0,0.0
6,2,0.0,0.0,0.0
6,2,0.0,0.0,0.0
6,2,0.0,0.0,0.0
6,2,0.0,0.0,0.0
6,2,0.0,0.0,0.0
6,2,0.0,0.0,0.0
6,2,0.0,0.0,0.0
6,2,0.0,0.0,0.0
6,2,0.0,0.0,0.0
6,2,0.0,0.0,0.0
6,2,0.0,0.0,0.0
6,2,0.0,0.0,0.0
6,2,0.0,0.0,0.0
6,2,1.8583050899409699,0.0,64.68
6,2,0.0,0.0,0.0
6,2,0.0,0.0,0.0
6,2,0.0,0.0,0.0
6,2,0.0,0.0,0.0
6,2,0.0,0.0,0.0
6,2,0.0,0.0,0.0
6,2,0.0,0.0,0.0
6,2,0.0,0.0,0.0
6,2,0.0,0.0,0.0
6,2,0.0,0.0,0.0
6,2,0.0,0.0,0.0
6,2,0.0,0.0,0.0
6,2,0.0,0.0,0.0
6,2,0.0,0.0,0.0
6,2,0.0,0.0,0.0
6,2,0.0,0.0,0.0
6,2,0.0,0.0,0.0
6,2,0.0,0.0,0.0
6,2,0.0,0.0,0.0
6,2,0.0,0.0,0.0
6,2,0.0,0.0,0.0
6,2,0.0,0.0,0.0
6,2,0.0,0.0,0.0
6,2,0.0,0.0,0.0
6,2,0.0,0.0,0.0
6,2,0.0,0.0,0.0
6,2,0.0,0.0,0.0
6,2,0.0,0.0,0.0
6,2,0.0,0.0,0.0
6,2,0.0,0.0,0.0
6,2,0.0,0.0,0.0
6,2,0.0,0.0,0.0
6,2,0.0,0.0,0.0
6,2,0.0,0.0,0.0
6,2,0.0,0.0,0.0
6,2,0.0,0.0,0.0
6,2,0.0,0.0,0.0
6,2,0.0,0.0,0.0
6,2,0.0,0.0,0.0
6,2,0.0,0.0,0.0
6,2,0.0,0.0,0.0
6,2,0.0,0.0,0.0
6,2,0.0,0.0,0.0
6,2,0.0,0.0,0.0
6,2,0.0,0.0,0.0
6,2,0.0,0.0,0.0
6,2,0.0,0.0,0.0
6,2,0.0,0.0,0.0
6,2,0.0,0.0,0.0
6,2,0.0,0.0,0.0
6,2,0.0,0.0,0.0
6,2,0.0,0.0,0.0
6,2,0.0,0.0,0.0
6,2,0.0,0.0,0.0
6,2,0.0,0.0,0.0
6,2,0.0,0.0,0.0
6,2,0.0,0.0,0.0
6,2,0.0,0.0,0.0
6,2,0.0,0.0,0.0
6,2,0.0,0.0,0.0
6,2,0.0,0.0,0.0
6,2,0.0,0.0,0.0
6,2,0.0,0.0,0.0
6,2,0.0,0.0,0.0
6,2,0.0,0.0,0.0
6,2,0.0,0.0,0.0
6,2,0.0,0.0,0.0
6,2,0.0,0.0,0.0
6,2,0.0,0.0,0.0
6,2,0.0,0.0,0.0
6,2,0.0,0.0,0.0
6,2,0.0,0.0,0.0
6,2,0.0,0.0,0.0
6,2,0.0,0.0,0.0
6,2,0.0,0.0,60.720000000000006
6,2,0.0,0.0,0.0
6,2,0.0,0.0,0.0
6,2,0.0,0.0,0.0
6,2,0.0,0.0,0.0
6,2,0.0,0.0,0.0
6,2,0.0,0.0,0.0
6,2,0.0,0.0,0.0
6,2,0.0,0.0,0.0
6,2,0.0,0.0,0.0
6,2,0.0,0.0,0.0
6,2,0.0,0.0,0.0
6,2,0.0,0.0,0.0
6,2,0.0,0.0,0.0
6,2,0.0,0.0,0.0
6,2,0.0,0.0,0.0
6,2,0.0,0.0,0.0
6,2,0.0,0.0,0.0
6,2,0.0,0.0,0.0
6,2,0.0,0.0,0.0
6,2,0.0,0.0,0.0
6,2,0.0,0.0,0.0
6,2,0.0,0.0,0.0
6,2,0.0,0.0,0.0
6,2,0.0,0.0,0.0
6,2,0.0,0.0,0.0
6,2,0.0,0.0,0.0
6,2,0.0,0.0,0.0
6,2,0.0,0.0,0.0
6,2,0.0,0.0,0.0
6,2,0.0,0.0,0.0
6,2,0.0,0.0,0.0
6,2,0.0,0.0,0.0
6,2,0.0,0.0,0.0
6,2,0.0,0.0,0.0
6,2,0.0,0.0,0.0
6,2,0.0,0.0,0.0
6,2,0.0,0.0,0.0
6,2,0.0,0.0,0.0
6,2,0.0,0.0,0.0
6,2,0.0,0.0,0.0
6,2,0.0,0.0,0.0
6,2,0.0,0.0,0.0
6,2,0.0,0.0,0.0
6,2,0.0,0.0,0.0
6,2,0.0,0.0,0.0
6,2,0.0,0.0,0.0
6,2,0.0,0.0,0.0
6,2,0.0,0.0,0.0
6,2,0.0,0.0,0.0
6,2,0.0,0.0,0.0
6,2,0.0,0.0,0.0
6,2,0.0,0.0,0.0
6,2,0.0,0.0,0.0
6,2,0.0,0.0,0.0
6,2,0.0,0.0,0.0
6,2,0.0,0.0,0.0
6,2,0.0,0.0,0.0
6,2,0.0,0.0,0.0
6,2,0.0,0.0,0.0
6,2,0.0,0.0,0.0
6,2,0.0,0.0,0.0
6,2,0.0,0.0,0.0
6,2,0.0,0.0,0.0
6,2,0.0,0.0,0.0
6,2,0.0,0.0,0.0
6,2,0.0,0.0,0.0
6,2,0.0,0.0,0.0
6,2,0.0,0.0,0.0
6,2,0.0,0.0,0.0
6,2,0.0,0.0,0.0
6,2,0.0,0.0,0.0
6,2,0.0,0.0,0.0
6,2,0.0,0.0,0.0
6,2,0.0,0.0,0.0
6,2,0.0,0.0,0.0
6,2,0.0,0.0,0.0
6,2,0.0,0.0,0.0
6,2,0.0,0.0,0.0
6,2,0.0,0.0,0.0
6,2,0.0,0.0,0.0
6,2,0.0,0.0,0.0
6,2,0.0,0.0,0.0
6,2,0.0,0.0,0.0
6,2,0.0,0.0,0.0
6,2,0.0,0.0,0.0
6,2,0.0,0.0,0.0
6,2,0.0,0.0,0.0
6,2,0.0,0.0,0.0
6,2,0.0,0.0,0.0
6,2,0.0,0.0,0.0
6,2,0.0,0.0,0.0
6,2,0.0,0.0,0.0
6,2,0.0,0.0,0.0
6,2,0.0,0.0,0.0
6,2,0.0,0.0,0.0
6,2,0.0,0.0,0.0
6,2,0.0,0.0,0.0
6,2,0.0,0.0,0.0
6,2,0.0,0.0,0.0
6,2,0.0,0.0,36.96
6,2,0.0,0.0,0.0
6,2,0.0,0.0,0.0
6,2,0.0,0.0,0.0
6,2,0.0,0.0,0.0
6,2,0.0,0.0,0.0
6,2,0.0,0.0,0.0
6,2,0.0,0.0,0.0
6,2,0.0,0.0,0.0
6,2,0.0,0.0,0.0
6,2,0.0,0.0,0.0
6,2,0.0,0.0,0.0
6,2,0.0,0.0,0.0
6,2,0.0,0.0,0.0
6,2,0.0,0.0,0.0
6,2,0.0,0.0,0.0
6,2,0.0,0.0,0.0
6,2,0.0,0.0,0.0
6,2,0.0,0.0,0.0
6,2,0.0,0.0,0.0
6,2,0.0,0.0,0.0
6,2,0.0,0.0,0.0
6,2,0.0,0.0,0.0
6,2,0.0,0.0,0.0
6,2,0.0,0.0,0.0
6,2,0.0,0.0,0.0
6,2,0.0,0.0,0.0
6,2,0.0,0.0,0.0
6,2,0.0,0.0,0.0
6,2,0.0,0.0,0.0
6,2,0.0,0.0,0.0
6,2,0.0,0.0,0.0
6,2,0.0,0.0,0.0
6,2,0.0,0.0,0.0
6,2,0.0,0.0,0.0
6,2,0.0,0.0,0.0
6,2,0.0,0.0,0.0
6,2,0.0,0.0,0.0
6,2,0.0,0.0,0.0
6,2,0.0,0.0,0.0
6,2,0.0,0.0,0.0
6,2,0.0,0.0,0.0
6,2,0.0,0.0,0.0
6,2,0.0,0.0,0.0
6,2,0.0,0.0,0.0
6,2,0.0,0.0,0.0
6,2,0.0,0.0,0.0
6,2,0.0,0.0,0.0
6,2,0.0,0.0,0.0
6,2,0.0,0.0,0.0
6,2,0.0,0.0,0.0
6,2,0.0,0.0,0.0
6,2,0.0,0.0,0.0
6,2,0.0,0.0,0.0
6,2,0.0,0.0,0.0
6,2,0.0,0.0,0.0
6,2,0.0,0.0,0.0
6,2,0.0,0.0,0.0
6,2,0.0,0.0,0.0
6,2,0.0,0.0,0.0
6,2,0.0,0.0,0.0
6,2,0.0,0.0,0.0
6,2,0.0,0.0,0.0
6,2,0.0,0.0,0.0
6,2,0.0,0.0,0.0
6,2,0.0,0.0,0.0
6,2,0.0,0.0,0.0
6,2,0.0,0.0,0.0
6,2,0.0,0.0,0.0
6,2,0.0,0.0,0.0
6,2,0.0,0.0,0.0
6,2,0.0,0.0,0.0
6,2,0.0,0.0,0.0
6,2,0.0,0.0,0.0
6,2,0.0,0.0,0.0
6,2,0.0,0.0,0.0
6,2,0.0,0.0,0.0
6,2,0.0,0.0,0.0
6,2,0.0,0.0,0.0
6,2,0.0,0.0,0.0
6,2,0.0,0.0,0.0
6,2,0.0,0.0,0.0
6,2,0.0,0.0,0.0
6,2,0.0,0.0,0.0
6,2,0.0,0.0,0.0
6,2,0.0,0.0,0.0
6,2,0.0,0.0,0.0
6,2,0.0,0.0,0.0
6,2,0.0,0.0,0.0
6,2,0.0,0.0,0.0
6,2,0.0,0.0,0.0
6,2,0.0,0.0,0.0
6,2,0.0,0.0,0.0
6,2,0.0,0.0,0.0
6,2,0.0,0.0,0.0
6,2,0.0,0.0,0.0
6,2,0.0,0.0,0.0
6,2,0.0,0.0,0.0
6,2,0.0,0.0,0.0
6,2,0.0,0.0,0.0
6,2,0.0,0.0,0.0
6,2,0.0,0.0,0.0
6,2,0.0,0.0,0.0
6,2,0.0,0.0,0.0
6,2,0.0,0.0,0.0
6,2,0.0,0.0,0.0
6,2,0.0,0.0,0.0
6,2,0.0,0.0,0.0
6,2,0.0,0.0,0.0
6,2,0.0,0.0,0.0
6,2,0.0,0.0,0.0
6,2,0.0,0.0,0.0
6,2,0.0,0.0,0.0
6,2,0.0,0.0,0.0
6,2,0.0,0.0,0.0
6,2,0.0,0.0,0.0
6,2,0.0,0.0,0.0
6,2,0.0,0.0,0.0
6,2,0.0,0.0,0.0
6,2,0.0,0.0,0.0
6,2,0.0,0.0,0.0
6,2,0.0,0.0,0.0
6,2,0.0,0.0,0.0
6,2,0.0,0.0,0.0
6,2,0.0,0.0,0.0
6,2,0.0,0.0,0.0
6,2,0.0,0.0,0.0
6,2,0.0,0.0,0.0
6,2,0.0,0.0,0.0
6,2,0.0,0.0,0.0
6,2,0.0,0.0,0.0
6,2,0.0,0.0,0.0
6,2,0.0,0.0,0.0
6,2,0.0,0.0,0.0
6,2,0.0,0.0,0.0
6,2,0.0,0.0,0.0
6,2,0.0,0.0,0.0
6,2,0.0,0.0,0.0
6,2,0.0,0.0,0.0
6,2,0.0,0.0,0.0
6,2,0.0,0.0,0.0
6,2,0.0,0.0,0.0
6,2,0.0,0.0,0.0
6,2,0.0,0.0,0.0
6,2,0.0,0.0,0.0
6,2,0.0,0.0,0.0
6,2,0.0,0.0,0.0
6,2,0.0,0.0,0.0
6,2,0.0,0.0,0.0
6,2,0.0,0.0,0.0
6,2,0.0,0.0,0.0
6,2,0.0,0.0,0.0
6,2,0.0,0.0,0.0
6,2,0.0,0.0,0.0
6,2,0.0,0.0,0.0
6,2,0.0,0.0,0.0
6,2,0.0,0.0,0.0
6,2,0.0,0.0,0.0
6,2,0.0,0.0,0.0
6,2,0.0,0.0,0.0
6,2,0.0,0.0,0.0
6,2,0.0,0.0,0.0
6,2,0.0,0.0,0.0
6,2,0.0,0.0,0.0
6,2,0.0,0.0,0.0
6,2,0.0,0.0,0.0
6,2,0.0,0.0,0.0
6,2,0.0,0.0,0.0
6,2,0.0,0.0,0.0
6,2,0.0,0.0,0.0
6,2,0.0,0.0,0.0
6,2,0.0,0.0,0.0
6,2,0.0,0.0,0.0
6,2,0.0,0.0,0.0
6,2,0.0,0.0,0.0
6,2,0.0,0.0,0.0
6,2,0.0,0.0,0.0
6,2,0.0,0.0,0.0
6,2,0.0,0.0,0.0
6,2,0.0,0.0,0.0
6,2,0.0,0.0,0.0
6,2,0.0,0.0,0.0
6,2,0.0,0.0,0.0
6,2,0.0,0.0,0.0
6,2,0.0,0.0,0.0
6,2,0.0,0.0,0.0
6,2,0.0,0.0,0.0
6,2,0.0,0.0,0.0
6,2,0.0,0.0,0.0
6,2,0.0,0.0,0.0
6,2,0.0,0.0,0.0
6,2,0.0,0.0,0.0
6,2,0.0,0.0,0.0
6,2,0.0,0.0,0.0
6,2,0.0,0.0,0.0
6,2,0.0,0.0,0.0
6,2,0.0,0.0,0.0
6,2,0.0,0.0,0.0
6,2,0.0,0.0,0.0
6,2,0.0,0.0,0.0
6,2,0.0,0.0,0.0
6,2,0.0,0.0,0.0
6,2,0.0,0.0,0.0
6,2,0.0,0.0,0.0
6,2,0.0,0.0,0.0
6,2,0.0,0.0,0.0
6,2,0.0,0.0,0.0
6,2,0.0,0.0,0.0
6,2,0.0,0.0,0.0
6,2,0.0,0.0,0.0
6,2,0.0,0.0,0.0
6,2,0.0,0.0,0.0
6,2,0.0,0.0,0.0
6,2,0.0,0.0,0.0
6,2,0.0,0.0,0.0
6,2,0.0,0.0,0.0
6,2,0.0,0.0,0.0
6,2,0.0,0.0,0.0
6,2,0.0,0.0,0.0
6,2,0.0,0.0,0.0
6,2,0.0,0.0,0.0
6,2,0.0,0.0,0.0
6,2,0.0,0.0,0.0
6,2,0.0,0.0,0.0
6,2,0.0,0.0,0.0
6,2,0.0,0.0,0.0
6,2,0.0,0.0,0.0
6,2,0.0,0.0,0.0
6,2,0.0,0.0,0.0
6,2,0.0,0.0,0.0
6,2,0.0,0.0,0.0
6,2,0.0,0.0,0.0
6,2,0.0,0.0,0.0
6,2,0.0,0.0,0.0
6,2,0.0,0.0,0.0
6,2,0.0,0.0,0.0
6,2,0.0,0.0,0.0
6,2,0.0,0.0,0.0
6,2,0.0,0.0,0.0
6,2,0.0,0.0,0.0
6,2,0.0,0.0,0.0
6,2,0.0,0.0,0.0
6,2,0.0,0.0,0.0
6,2,0.0,0.0,0.0
6,2,0.0,0.0,0.0
6,2,0.0,0.0,0.0
6,2,0.0,0.0,0.0
6,2,0.0,0.0,0.0
6,2,0.0,0.0,0.0
6,2,0.0,0.0,0.0
6,2,0.0,0.0,0.0
6,2,0.0,0.0,0.0
6,2,0.0,0.0,0.0
6,2,0.0,0.0,0.0
6,2,0.0,0.0,0.0
6,2,0.0,0.0,0.0
6,2,0.0,0.0,0.0
6,2,0.0,0.0,0.0
6,2,0.0,0.0,0.0
6,2,0.0,0.0,0.0
6,2,0.0,0.0,0.0
6,2,0.0,0.0,0.0
6,2,0.0,0.0,0.0
6,2,0.0,0.0,0.0
6,2,0.0,0.0,0.0
6,2,0.0,0.0,0.0
6,2,0.0,0.0,0.0
6,2,0.0,0.0,0.0
6,2,0.0,0.0,0.0
6,2,0.0,0.0,0.0
6,2,0.0,0.0,30.360000000000003
6,2,0.0,0.0,0.0
6,2,0.0,0.0,0.0
6,2,0.0,0.0,0.0
6,2,0.0,0.0,0.0
6,2,0.0,0.0,0.0
6,2,0.0,0.0,0.0
6,2,0.0,0.0,0.0
6,2,0.0,0.0,0.0
6,2,0.0,0.0,0.0
6,2,0.0,0.0,0.0
6,2,0.0,0.0,0.0
6,2,0.0,0.0,0.0
6,2,0.0,0.0,0.0
6,2,0.0,0.0,0.0
6,2,0.0,0.0,0.0
6,2,0.0,0.0,0.0
6,2,0.0,0.0,0.0
6,2,0.0,0.0,0.0
6,2,0.0,0.0,0.0
6,2,0.0,0.0,0.0
6,2,0.0,0.0,0.0
6,2,0.0,0.0,0.0
6,2,0.0,0.0,0.0
6,2,0.0,0.0,0.0
6,2,0.0,0.0,0.0
6,2,0.0,0.0,0.0
6,2,0.0,0.0,0.0
6,2,0.0,0.0,0.0
6,2,0.0,0.0,0.0
6,2,0.0,0.0,0.0
6,2,0.0,0.0,0.0
6,2,0.0,0.0,0.0
6,2,0.0,0.0,0.0
6,2,0.0,0.0,0.0
6,2,0.0,0.0,0.0
6,2,0.0,0.0,0.0
6,2,0.0,0.0,0.0
6,2,0.0,0.0,0.0
6,2,0.0,0.0,0.0
6,2,0.0,0.0,0.0
6,2,0.0,0.0,0.0
6,2,0.0,0.0,0.0
6,2,0.0,0.0,0.0
6,2,0.0,0.0,0.0
6,2,0.0,0.0,0.0
6,2,0.0,0.0,0.0
6,2,0.0,0.0,0.0
6,2,0.0,0.0,0.0
6,2,0.0,0.0,0.0
6,2,0.0,0.0,0.0
6,2,0.0,0.0,0.0
6,2,0.0,0.0,0.0
6,2,0.0,0.0,0.0
6,2,0.0,0.0,0.0
6,2,0.0,0.0,0.0
6,2,0.0,0.0,0.0
6,2,0.0,0.0,0.0
6,2,0.0,0.0,0.0
6,2,0.0,0.0,0.0
6,2,0.0,0.0,0.0
6,2,0.0,0.0,0.0
6,2,0.0,0.0,0.0
6,2,0.0,0.0,0.0
6,2,0.0,0.0,0.0
6,2,0.0,0.0,0.0
6,2,0.0,0.0,0.0
6,2,0.0,0.0,0.0
6,2,0.0,0.0,0.0
6,2,0.0,0.0,0.0
6,2,0.0,0.0,0.0
6,2,0.0,0.0,0.0
6,2,0.0,0.0,0.0
6,2,0.0,0.0,0.0
6,2,0.0,0.0,0.0
6,2,0.0,0.0,0.0
6,2,0.0,0.0,0.0
6,2,0.0,0.0,0.0
6,2,0.0,0.0,0.0
6,2,0.0,0.0,0.0
6,2,0.0,0.0,0.0
6,2,0.0,0.0,0.0
6,2,0.0,0.0,0.0
6,2,0.0,0.0,0.0
6,2,0.0,0.0,0.0
6,2,0.0,0.0,0.0
6,2,0.0,0.0,0.0
6,2,0.0,0.0,0.0
6,2,0.0,0.0,0.0
6,2,0.0,0.0,0.0
6,2,0.0,0.0,0.0
6,2,0.0,0.0,0.0
6,2,0.0,0.0,0.0
6,2,0.0,0.0,0.0
6,2,0.0,0.0,0.0
6,2,0.0,0.0,0.0
6,2,0.0,0.0,0.0
6,2,0.0,0.0,0.0
6,2,0.0,0.0,0.0
6,2,0.0,0.0,0.0
6,2,0.0,0.0,0.0
6,2,0.0,0.0,0.0
6,2,0.0,0.0,0.0
6,2,0.0,0.0,0.0
6,2,0.0,0.0,0.0
6,2,0.0,0.0,0.0
6,2,0.0,0.0,0.0
6,2,0.0,0.0,0.0
6,2,0.0,0.0,0.0
6,2,0.0,0.0,0.0
6,2,0.0,0.0,0.0
6,2,0.0,0.0,0.0
6,2,0.0,0.0,0.0
6,2,0.0,0.0,0.0
6,2,0.0,0.0,0.0
6,2,0.0,0.0,0.0
6,2,0.0,0.0,0.0
6,2,0.0,0.0,0.0
6,2,0.0,0.0,0.0
6,2,0.0,0.0,0.0
6,2,0.0,0.0,0.0
6,2,0.0,0.0,0.0
6,2,0.0,0.0,0.0
6,2,0.0,0.0,0.0
6,2,0.0,0.0,0.0
6,2,0.0,0.0,0.0
6,2,0.0,0.0,0.0
6,2,0.0,0.0,0.0
6,2,0.0,0.0,0.0
6,2,0.0,0.0,0.0
6,2,0.0,0.0,0.0
6,2,0.0,0.0,0.0
6,2,0.0,0.0,0.0
6,2,0.0,0.0,0.0
6,2,0.0,0.0,0.0
6,2,0.0,0.0,0.0
6,2,0.0,0.0,0.0
6,2,0.0,0.0,0.0
6,2,0.0,0.0,0.0
6,2,0.0,0.0,0.0
6,2,0.0,0.0,0.0
6,2,0.0,0.0,0.0
6,2,0.0,0.0,0.0
6,2,0.0,0.0,0.0
6,2,0.0,0.0,0.0
6,2,0.0,0.0,0.0
6,2,0.0,0.0,0.0
6,2,0.0,0.0,0.0
6,2,0.0,0.0,0.0
6,2,0.0,0.0,0.0
6,2,0.0,0.0,0.0
6,2,0.0,0.0,0.0
6,2,0.0,0.0,0.0
6,2,0.0,0.0,0.0
6,2,0.0,0.0,0.0
6,2,0.0,0.0,0.0
6,2,0.0,0.0,0.0
6,2,0.0,0.0,0.0
6,2,0.0,0.0,0.0
6,2,0.0,0.0,0.0
6,2,0.0,0.0,0.0
6,2,0.0,0.0,0.0
6,2,0.0,0.0,0.0
6,2,0.0,0.0,0.0
6,2,0.0,0.0,0.0
6,2,0.0,0.0,0.0
6,2,0.0,0.0,0.0
6,2,0.0,0.0,0.0
6,2,0.0,0.0,0.0
6,2,0.0,0.0,0.0
6,2,0.0,0.0,0.0
6,2,0.0,0.0,0.0
6,2,0.0,0.0,0.0
6,2,0.0,0.0,0.0
6,2,0.0,0.0,0.0
6,2,0.0,0.0,0.0
6,2,0.0,0.0,0.0
6,2,0.0,0.0,0.0
6,2,0.0,0.0,0.0
6,2,0.0,0.0,0.0
6,2,0.0,0.0,0.0
6,2,0.0,0.0,0.0
6,2,0.0,0.0,0.0
6,2,0.0,0.0,0.0
6,2,0.0,0.0,0.0
6,2,0.0,0.0,0.0
6,2,0.0,0.0,0.0
6,2,0.0,0.0,0.0
6,2,0.0,0.0,0.0
6,2,0.0,0.0,0.0
6,2,0.0,0.0,0.0
6,2,0.0,0.0,0.0
6,2,0.0,0.0,0.0
6,2,0.0,0.0,0.0
6,2,0.0,0.0,0.0
6,2,0.0,0.0,0.0
6,2,0.0,0.0,0.0
6,2,0.0,0.0,0.0
6,2,0.0,0.0,0.0
6,2,0.0,0.0,0.0
6,2,0.0,0.0,0.0
6,2,0.0,0.0,0.0
6,2,0.0,0.0,0.0
6,2,0.0,0.0,0.0
6,2,0.0,0.0,0.0
6,2,0.0,0.0,0.0
6,2,0.0,0.0,0.0
6,2,0.0,0.0,0.0
6,2,0.0,0.0,0.0
6,2,0.0,0.0,0.0
6,2,0.0,0.0,0.0
6,2,0.0,0.0,0.0
6,2,0.0,0.0,0.0
6,2,0.0,0.0,0.0
6,2,0.0,0.0,0.0
6,2,0.0,0.0,0.0
6,2,0.0,0.0,0.0
6,2,0.0,0.0,0.0
6,2,0.0,0.0,0.0
6,2,0.0,0.0,0.0
6,2,0.0,0.0,0.0
6,2,0.0,0.0,0.0
6,2,0.0,0.0,0.0
6,2,0.0,0.0,0.0
6,2,0.0,0.0,0.0
6,2,0.0,0.0,0.0
6,2,0.0,0.0,0.0
6,2,0.0,0.0,0.0
6,2,0.0,0.0,0.0
6,2,0.0,0.0,0.0
6,2,0.0,0.0,0.0
6,2,0.0,0.0,0.0
6,2,0.0,0.0,0.0
6,2,0.0,0.0,0.0
6,2,0.0,0.0,0.0
6,2,0.0,0.0,0.0
6,2,0.0,0.0,0.0
6,2,0.0,0.0,0.0
6,2,0.0,0.0,0.0
6,2,0.0,0.0,0.0
6,2,0.0,0.0,0.0
6,2,0.0,0.0,0.0
6,2,0.0,0.0,0.0
6,2,0.0,0.0,0.0
6,2,0.0,0.0,0.0
6,2,0.0,0.0,0.0
6,2,0.0,0.0,0.0
6,2,0.0,0.0,0.0
6,2,0.0,0.0,0.0
6,2,0.0,0.0,0.0
6,2,0.0,0.0,0.0
6,2,0.0,0.0,0.0
6,2,0.0,0.0,0.0
6,2,0.0,0.0,0.0
6,2,0.0,0.0,0.0
6,2,0.0,0.0,0.0
6,2,0.0,0.0,0.0
6,2,0.0,0.0,0.0
6,2,0.0,0.0,0.0
6,2,0.0,0.0,0.0
6,2,0.0,0.0,0.0
6,2,0.0,0.0,0.0
6,2,0.0,0.0,0.0
6,2,0.0,0.0,0.0
6,2,0.0,0.0,0.0
6,2,0.0,0.0,0.0
6,2,0.0,0.0,0.0
6,2,0.0,0.0,0.0
6,2,0.0,0.0,0.0
6,2,0.0,0.0,0.0
6,2,0.0,0.0,0.0
6,2,0.0,0.0,0.0
6,2,0.0,0.0,0.0
6,2,0.0,0.0,0.0
6,2,0.0,0.0,0.0
6,2,0.0,0.0,0.0
6,2,0.0,0.0,0.0
6,2,0.0,0.0,0.0
6,2,0.0,0.0,0.0
6,2,0.0,0.0,0.0
6,2,0.0,0.0,0.0
6,2,0.0,0.0,0.0
6,2,0.0,0.0,0.0
6,2,0.0,0.0,0.0
6,2,0.0,0.0,0.0
6,2,0.0,0.0,0.0
6,2,0.0,0.0,0.0
6,2,0.0,0.0,0.0
6,2,0.0,0.0,0.0
6,2,0.0,0.0,0.0
6,2,0.0,0.0,0.0
6,2,0.0,0.0,0.0
6,2,0.0,0.0,0.0
6,2,0.0,0.0,0.0
6,2,0.0,0.0,0.0
6,2,0.0,0.0,0.0
6,2,0.0,0.0,0.0
6,2,0.0,0.0,0.0
6,2,0.0,0.0,0.0
6,2,0.0,0.0,0.0
6,2,0.0,0.0,0.0
6,2,0.0,0.0,0.0
6,2,0.0,0.0,0.0
6,2,0.0,0.0,0.0
6,2,0.0,0.0,0.0
6,2,0.0,0.0,0.0
6,2,0.0,0.0,0.0
6,2,0.0,0.0,0.0
6,2,0.0,0.0,0.0
6,2,0.0,0.0,0.0
6,2,0.0,0.0,0.0
6,2,0.0,0.0,0.0
6,2,0.0,0.0,0.0
6,2,0.0,0.0,0.0
6,2,0.0,0.0,0.0
6,2,0.0,0.0,0.0
6,2,0.0,0.0,0.0
6,2,0.0,0.0,0.0
6,2,0.0,0.0,0.0
6,2,0.0,0.0,0.0
6,2,0.0,0.0,0.0
6,2,0.0,0.0,0.0
6,2,0.0,0.0,44.88
6,2,0.0,0.0,0.0
6,2,0.0,0.0,0.0
6,2,0.0,0.0,0.0
6,2,0.0,0.0,0.0
6,2,0.0,0.0,0.0
6,2,0.0,0.0,0.0
6,2,0.0,0.0,0.0
6,2,0.0,0.0,0.0
6,2,0.0,0.0,0.0
6,2,0.0,0.0,0.0
6,2,0.0,0.0,0.0
6,2,0.0,0.0,0.0
6,2,0.0,0.0,0.0
6,2,0.0,0.0,0.0
6,2,0.0,0.0,0.0
6,2,0.0,0.0,0.0
6,2,0.0,0.0,0.0
6,2,0.0,0.0,0.0
6,2,0.0,0.0,0.0
6,2,0.0,0.0,0.0
6,2,0.0,0.0,0.0
6,2,0.0,0.0,0.0
6,2,0.0,0.0,0.0
6,2,0.0,0.0,0.0
6,2,0.0,0.0,0.0
6,2,0.0,0.0,0.0
6,2,0.0,0.0,0.0
6,2,0.0,0.0,0.0
6,2,0.0,0.0,0.0
6,2,0.0,0.0,0.0
6,2,0.0,0.0,0.0
6,2,0.0,0.0,0.0
6,2,0.0,0.0,0.0
6,2,0.0,0.0,0.0
6,2,0.0,0.0,0.0
6,2,0.0,0.0,0.0
6,2,0.0,0.0,0.0
6,2,0.0,0.0,0.0
6,2,0.0,0.0,0.0
6,2,0.0,0.0,0.0
6,2,0.0,0.0,0.0
6,2,0.0,0.0,0.0
6,2,0.0,0.0,0.0
6,2,0.0,0.0,0.0
6,2,0.0,0.0,0.0
6,2,0.0,0.0,0.0
6,2,0.0,0.0,0.0
6,2,0.0,0.0,0.0
6,2,0.0,0.0,0.0
6,2,0.0,0.0,0.0
6,2,0.0,0.0,0.0
6,2,0.0,0.0,0.0
6,2,0.0,0.0,0.0
6,2,0.0,0.0,0.0
6,2,0.0,0.0,0.0
6,2,0.0,0.0,0.0
6,2,0.0,0.0,0.0
6,2,0.0,0.0,0.0
6,2,0.0,0.0,0.0
6,2,0.0,0.0,0.0
6,2,0.0,0.0,0.0
6,2,0.0,0.0,0.0
6,2,0.0,0.0,0.0
6,2,0.0,0.0,0.0
6,2,0.0,0.0,0.0
6,2,0.0,0.0,0.0
6,2,0.0,0.0,0.0
6,2,0.0,0.0,0.0
6,2,0.0,0.0,0.0
6,2,0.0,0.0,0.0
6,2,0.0,0.0,0.0
6,2,0.0,0.0,0.0
6,2,0.0,0.0,0.0
6,2,0.0,0.0,0.0
6,2,0.0,0.0,0.0
6,2,0.0,0.0,0.0
6,2,0.0,0.0,0.0
6,2,0.0,0.0,0.0
6,2,0.0,0.0,0.0
6,2,0.0,0.0,0.0
6,2,0.0,0.0,0.0
6,2,0.0,0.0,0.0
6,2,0.0,0.0,0.0
6,2,0.0,0.0,0.0
6,2,0.0,0.0,0.0
6,2,0.0,0.0,0.0
6,2,0.0,0.0,0.0
6,2,0.0,0.0,0.0
6,2,0.0,0.0,0.0
6,2,0.0,0.0,0.0
6,2,0.0,0.0,0.0
6,2,0.0,0.0,0.0
6,2,0.0,0.0,0.0
6,2,0.0,0.0,0.0
6,2,0.0,0.0,0.0
6,2,0.0,0.0,0.0
6,2,0.0,0.0,0.0
6,2,0.0,0.0,0.0
6,2,0.0,0.0,0.0
6,2,0.0,0.0,0.0
6,2,0.0,0.0,0.0
6,2,0.0,0.0,0.0
6,2,0.0,0.0,0.0
6,2,0.0,0.0,0.0
6,2,0.0,0.0,0.0
6,2,0.0,0.0,0.0
6,2,0.0,0.0,0.0
6,2,0.0,0.0,0.0
6,2,0.0,0.0,0.0
6,2,0.0,0.0,0.0
6,2,0.0,0.0,0.0
6,2,0.0,0.0,0.0
6,2,0.0,0.0,0.0
6,2,0.0,0.0,0.0
6,2,0.0,0.0,0.0
6,2,0.0,0.0,0.0
6,2,0.0,0.0,0.0
6,2,0.0,0.0,0.0
6,2,0.0,0.0,0.0
6,2,0.0,0.0,0.0
6,2,0.0,0.0,0.0
6,2,0.0,0.0,0.0
6,2,0.0,0.0,0.0
6,2,0.0,0.0,0.0
6,2,0.0,0.0,0.0
6,2,0.0,0.0,0.0
6,2,0.0,0.0,0.0
6,2,0.0,0.0,0.0
6,2,0.0,0.0,0.0
6,2,0.0,0.0,0.0
6,2,0.0,0.0,0.0
6,2,0.0,0.0,0.0
6,2,0.0,0.0,0.0
6,2,0.0,0.0,0.0
6,2,0.0,0.0,0.0
6,2,0.0,0.0,0.0
6,2,0.0,0.0,0.0
6,2,0.0,0.0,0.0
6,2,0.0,0.0,0.0
6,2,0.0,0.0,0.0
6,2,0.0,0.0,0.0
6,2,0.0,0.0,0.0
6,2,0.0,0.0,0.0
6,2,0.0,0.0,0.0
6,2,0.0,0.0,0.0
6,2,0.0,0.0,0.0
6,2,0.0,0.0,0.0
6,2,0.0,0.0,0.0
6,2,0.0,0.0,0.0
6,2,0.0,0.0,0.0
6,2,0.0,0.0,0.0
6,2,0.0,0.0,0.0
6,2,0.0,0.0,0.0
6,2,0.0,0.0,0.0
6,2,0.0,0.0,0.0
6,2,0.0,0.0,0.0
6,2,0.0,0.0,0.0
6,2,0.0,0.0,0.0
6,2,0.0,0.0,0.0
6,2,0.0,0.0,0.0
6,2,0.0,0.0,0.0
6,2,0.0,0.0,0.0
6,2,0.0,0.0,0.0
6,2,0.0,0.0,0.0
6,2,0.0,0.0,0.0
6,2,0.0,0.0,0.0
6,2,0.0,0.0,0.0
6,2,0.0,0.0,0.0
6,2,0.0,0.0,0.0
6,2,0.0,0.0,0.0
6,2,0.0,0.0,0.0
6,2,0.0,0.0,0.0
6,2,0.0,0.0,0.0
6,2,0.0,0.0,0.0
6,2,0.0,0.0,0.0
6,2,0.0,0.0,0.0
6,2,0.0,0.0,0.0
6,2,0.0,0.0,0.0
6,2,0.0,0.0,0.0
6,2,0.0,0.0,0.0
6,2,0.0,0.0,0.0
6,2,0.0,0.0,0.0
6,2,0.0,0.0,0.0
6,2,0.0,0.0,0.0
6,2,0.0,0.0,0.0
6,2,0.0,0.0,0.0
6,2,0.0,0.0,0.0
6,2,0.0,0.0,0.0
6,2,0.0,0.0,0.0
6,2,0.0,0.0,0.0
6,2,0.0,0.0,0.0
6,2,0.0,0.0,0.0
6,2,0.0,0.0,0.0
6,2,0.0,0.0,0.0
6,2,0.0,0.0,0.0
6,2,0.0,0.0,0.0
6,2,0.0,0.0,0.0
6,2,0.0,0.0,0.0
6,2,0.0,0.0,0.0
6,2,0.0,0.0,0.0
6,2,0.0,0.0,0.0
6,2,0.0,0.0,0.0
6,2,0.0,0.0,0.0
6,2,0.0,0.0,0.0
6,2,0.0,0.0,0.0
6,2,0.0,0.0,0.0
6,2,0.0,0.0,0.0
6,2,0.0,0.0,0.0
6,2,0.0,0.0,0.0
6,2,0.0,0.0,0.0
6,2,0.0,0.0,0.0
6,2,0.0,0.0,0.0
6,2,0.0,0.0,0.0
6,2,0.0,0.0,0.0
6,2,0.0,0.0,0.0
6,2,0.0,0.0,0.0
6,2,0.0,0.0,0.0
6,2,0.0,0.0,0.0
6,2,0.0,0.0,0.0
6,2,0.0,0.0,0.0
6,2,0.0,0.0,0.0
6,2,0.0,0.0,0.0
6,2,0.0,0.0,0.0
6,2,0.0,0.0,0.0
6,2,0.0,0.0,0.0
6,2,0.0,0.0,0.0
6,2,0.0,0.0,0.0
6,2,0.0,0.0,0.0
6,2,0.0,0.0,0.0
6,2,0.0,0.0,0.0
6,2,0.0,0.0,0.0
6,2,0.0,0.0,0.0
6,2,0.0,0.0,0.0
6,2,0.0,0.0,0.0
6,2,0.0,0.0,0.0
6,2,0.0,0.0,0.0
6,2,0.0,0.0,0.0
6,2,0.0,0.0,0.0
6,2,0.0,0.0,0.0
6,2,0.0,0.0,0.0
6,2,0.0,0.0,0.0
6,2,0.0,0.0,0.0
6,2,0.0,0.0,0.0
6,2,0.0,0.0,0.0
6,2,0.0,0.0,0.0
6,2,0.0,0.0,0.0
6,2,0.0,0.0,0.0
6,2,0.0,0.0,0.0
6,2,0.0,0.0,0.0
6,2,0.0,0.0,0.0
6,2,0.0,0.0,0.0
6,2,0.0,0.0,0.0
6,2,0.0,0.0,0.0
6,2,0.0,0.0,0.0
6,2,0.0,0.0,0.0
6,2,0.0,0.0,0.0
6,2,0.0,0.0,0.0
6,2,0.0,0.0,0.0
6,2,0.0,0.0,0.0
6,2,0.0,0.0,0.0
6,2,0.0,0.0,0.0
6,2,0.0,0.0,0.0
6,2,0.0,0.0,0.0
6,2,0.0,0.0,0.0
6,2,0.0,0.0,0.0
6,2,0.0,0.0,0.0
6,2,0.0,0.0,0.0
6,2,0.0,0.0,0.0
6,2,0.0,0.0,0.0
6,2,0.0,0.0,0.0
6,2,0.0,0.0,0.0
6,2,0.0,0.0,0.0
6,2,0.0,0.0,0.0
6,2,0.0,0.0,0.0
6,2,0.0,0.0,0.0
6,2,0.0,0.0,0.0
6,2,0.0,0.0,0.0
6,2,0.0,0.0,0.0
6,2,0.0,0.0,0.0
6,2,0.0,0.0,0.0
6,2,0.0,0.0,0.0
6,2,0.0,0.0,0.0
6,2,0.0,0.0,0.0
6,2,0.0,0.0,0.0
6,2,0.0,0.0,0.0
6,2,0.0,0.0,0.0
6,2,0.0,0.0,0.0
6,2,0.0,0.0,0.0
6,2,0.0,0.0,0.0
6,2,0.0,0.0,0.0
6,2,0.0,0.0,0.0
6,2,0.0,0.0,0.0
6,2,0.0,0.0,0.0
6,2,0.0,0.0,0.0
6,2,0.0,0.0,0.0
6,2,0.0,0.0,0.0
6,2,0.0,0.0,0.0
6,2,0.0,0.0,0.0
6,2,0.0,0.0,0.0
6,2,0.0,0.0,0.0
6,2,0.0,0.0,0.0
6,2,0.0,0.0,0.0
6,2,0.0,0.0,0.0
6,2,0.0,0.0,0.0
6,2,0.0,0.0,0.0
6,2,0.0,0.0,0.0
6,2,0.0,0.0,0.0
6,2,0.0,0.0,0.0
6,2,0.0,0.0,0.0
6,2,0.0,0.0,0.0
6,2,0.0,0.0,0.0
6,2,0.0,0.0,0.0
6,2,0.0,0.0,0.0
6,2,0.0,0.0,0.0
6,2,0.0,0.0,0.0
6,2,0.0,0.0,0.0
6,2,0.0,0.0,0.0
6,2,0.0,0.0,0.0
6,2,0.0,0.0,0.0
6,2,0.0,0.0,0.0
6,2,0.0,0.0,0.0
6,2,0.0,0.0,0.0
6,2,0.0,0.0,0.0
6,2,0.0,0.0,0.0
6,2,0.0,0.0,0.0
6,2,0.0,0.0,0.0
6,2,0.0,0.0,0.0
6,2,0.0,0.0,0.0
6,2,0.0,0.0,0.0
6,2,0.0,0.0,0.0
6,2,0.0,0.0,0.0
6,2,0.0,0.0,0.0
6,2,0.0,0.0,0.0
6,2,0.0,0.0,0.0
6,2,0.0,0.0,0.0
6,2,0.0,0.0,0.0
6,2,0.0,0.0,0.0
6,2,0.0,0.0,0.0
6,2,0.0,0.0,0.0
6,2,0.0,0.0,0.0
6,2,0.0,0.0,0.0
6,2,0.0,0.0,0.0
6,2,0.0,0.0,0.0
6,2,0.0,0.0,0.0
6,2,0.0,0.0,0.0
6,2,0.0,0.0,0.0
6,2,0.0,0.0,0.0
6,2,0.0,0.0,0.0
6,2,0.0,0.0,0.0
6,2,0.0,0.0,0.0
6,2,0.0,0.0,0.0
6,2,0.0,0.0,0.0
6,2,0.0,0.0,0.0
6,2,0.0,0.0,0.0
6,2,0.0,0.0,0.0
6,2,0.0,0.0,0.0
6,2,0.0,0.0,0.0
6,2,0.0,0.0,0.0
6,2,0.0,0.0,0.0
6,2,0.0,0.0,0.0
6,2,0.0,0.0,0.0
6,2,0.0,0.0,0.0
6,2,0.0,0.0,0.0
6,2,0.0,0.0,0.0
6,2,0.0,0.0,0.0
6,2,0.0,0.0,0.0
6,2,0.0,0.0,0.0
6,2,0.0,0.0,0.0
6,2,0.0,0.0,0.0
6,2,0.0,0.0,0.0
6,2,0.0,0.0,0.0
6,2,0.0,0.0,0.0
6,2,0.0,0.0,0.0
6,2,0.0,0.0,0.0
6,2,0.0,0.0,0.0
6,2,0.0,0.0,0.0
6,2,0.0,0.0,0.0
6,2,0.0,0.0,0.0
6,2,0.0,0.0,0.0
6,2,0.0,0.0,0.0
6,2,0.0,0.0,0.0
6,2,0.0,0.0,0.0
6,2,0.0,0.0,0.0
6,2,0.0,0.0,0.0
6,2,0.0,0.0,0.0
6,2,0.0,0.0,0.0
6,2,0.0,0.0,0.0
6,2,0.0,0.0,0.0
6,2,0.0,0.0,0.0
6,2,0.0,0.0,0.0
6,2,0.0,0.0,0.0
6,2,0.0,0.0,0.0
6,2,0.0,0.0,0.0
6,2,0.0,0.0,0.0
6,2,0.0,0.0,0.0
6,2,0.0,0.0,0.0
6,2,0.0,0.0,0.0
6,2,0.0,0.0,0.0
6,2,0.0,0.0,0.0
6,2,0.0,0.0,0.0
6,2,0.0,0.0,0.0
6,2,0.0,0.0,0.0
6,2,0.0,0.0,0.0
6,2,0.0,0.0,0.0
6,2,0.0,0.0,0.0
6,2,0.0,0.0,0.0
6,2,0.0,0.0,0.0
6,2,0.0,0.0,0.0
6,2,0.0,0.0,0.0
6,2,0.0,0.0,0.0
6,2,0.0,0.0,0.0
6,2,0.0,0.0,0.0
6,2,0.0,0.0,0.0
6,2,0.0,0.0,0.0
6,2,0.0,0.0,0.0
6,2,0.0,0.0,0.0
6,2,0.0,0.0,0.0
6,2,0.0,0.0,0.0
6,2,0.0,0.0,0.0
6,2,0.0,0.0,0.0
6,2,0.0,0.0,0.0
6,2,0.0,0.0,0.0
6,2,0.0,0.0,0.0
6,2,0.0,0.0,0.0
6,2,0.0,0.0,0.0
6,2,0.0,0.0,0.0
6,2,0.0,0.0,0.0
6,2,0.0,0.0,0.0
6,2,0.0,0.0,0.0
6,2,0.0,0.0,0.0
6,2,0.0,0.0,0.0
6,2,0.0,0.0,0.0
6,2,0.0,0.0,0.0
6,2,0.0,0.0,0.0
6,2,0.0,0.0,0.0
6,2,0.0,0.0,0.0
6,2,0.0,0.0,0.0
6,2,0.0,0.0,0.0
6,2,0.0,0.0,0.0
6,2,0.0,0.0,0.0
6,2,0.0,0.0,0.0
6,2,0.0,0.0,0.0
6,2,0.0,0.0,0.0
6,2,0.0,0.0,0.0
6,2,0.0,0.0,0.0
6,2,0.0,0.0,0.0
6,2,0.0,0.0,0.0
6,2,0.0,0.0,0.0
6,2,0.0,0.0,0.0
6,2,0.0,0.0,0.0
6,2,0.0,0.0,0.0
6,2,0.0,0.0,0.0
6,2,0.0,0.0,0.0
6,2,0.0,0.0,0.0
6,2,0.0,0.0,7.920000000000001
6,2,0.0,0.0,0.0
6,2,0.0,0.0,0.0
6,2,0.0,0.0,0.0
6,2,0.0,0.0,0.0
6,2,0.0,0.0,0.0
6,2,0.0,0.0,0.0
6,2,0.0,0.0,0.0
6,2,0.0,0.0,0.0
6,2,0.0,0.0,0.0
6,2,0.0,0.0,0.0
6,2,0.0,0.0,0.0
6,2,0.0,0.0,0.0
6,2,0.0,0.0,0.0
6,2,0.0,0.0,0.0
6,2,0.0,0.0,0.0
6,2,0.0,0.0,0.0
6,2,0.0,0.0,0.0
6,2,0.0,0.0,0.0
6,2,0.0,0.0,0.0
6,2,0.0,0.0,0.0
6,2,0.0,0.0,0.0
6,2,0.0,0.0,0.0
6,2,0.0,0.0,0.0
6,2,0.0,0.0,0.0
6,2,0.0,0.0,0.0
6,2,0.0,0.0,0.0
6,2,0.0,0.0,0.0
6,2,0.0,0.0,0.0
6,2,0.0,0.0,0.0
6,2,0.0,0.0,0.0
6,2,0.0,0.0,0.0
6,2,0.0,0.0,0.0
6,2,0.0,0.0,0.0
6,2,0.0,0.0,0.0
6,2,0.0,0.0,0.0
6,2,0.0,0.0,0.0
6,2,0.0,0.0,0.0
6,2,0.0,0.0,0.0
6,2,0.0,0.0,0.0
6,2,0.0,0.0,0.0
6,2,0.0,0.0,0.0
6,2,0.0,0.0,0.0
6,2,0.0,0.0,0.0
6,2,0.0,0.0,0.0
6,2,0.0,0.0,0.0
6,2,0.0,0.0,0.0
6,2,0.0,0.0,0.0
6,2,0.0,0.0,0.0
6,2,0.0,0.0,0.0
6,2,0.0,0.0,0.0
6,2,0.0,0.0,0.0
6,2,0.0,0.0,0.0
6,2,0.0,0.0,0.0
6,2,0.0,0.0,0.0
6,2,0.0,0.0,0.0
6,2,0.0,0.0,0.0
6,2,0.0,0.0,0.0
6,2,0.0,0.0,0.0
6,2,0.0,0.0,0.0
6,2,0.0,0.0,0.0
6,2,0.0,0.0,0.0
6,2,0.0,0.0,0.0
6,2,0.0,0.0,0.0
6,2,0.0,0.0,0.0
6,2,0.0,0.0,0.0
6,2,0.0,0.0,0.0
6,2,0.0,0.0,0.0
6,2,0.0,0.0,0.0
6,2,0.0,0.0,0.0
6,2,0.0,0.0,0.0
6,2,0.0,0.0,0.0
6,2,0.0,0.0,0.0
6,2,0.0,0.0,0.0
6,2,0.0,0.0,0.0
6,2,0.0,0.0,0.0
6,2,0.0,0.0,0.0
6,2,0.0,0.0,0.0
6,2,0.0,0.0,0.0
6,2,0.0,0.0,0.0
6,2,0.0,0.0,0.0
6,2,0.0,0.0,0.0
6,2,0.0,0.0,0.0
6,2,0.0,0.0,0.0
6,2,0.0,0.0,0.0
6,2,0.0,0.0,0.0
6,2,0.0,0.0,0.0
6,2,0.0,0.0,0.0
6,2,0.0,0.0,0.0
6,2,0.0,0.0,0.0
6,2,0.0,0.0,0.0
6,2,0.0,0.0,0.0
6,2,0.0,0.0,0.0
6,2,0.0,0.0,0.0
6,2,0.0,0.0,0.0
6,2,0.0,0.0,0.0
6,2,0.0,0.0,0.0
6,2,0.0,0.0,0.0
6,2,0.0,0.0,0.0
6,2,0.0,0.0,5.28
6,2,0.0,0.0,36.96
6,2,0.0,0.0,0.0
6,2,0.0,0.0,0.0
6,2,0.0,0.0,0.0
6,2,0.0,0.0,0.0
6,2,0.0,0.0,0.0
6,2,0.0,0.0,0.0
6,2,0.0,0.0,0.0
6,2,0.0,0.0,0.0
6,2,0.0,0.0,0.0
6,2,0.0,0.0,0.0
6,2,0.0,0.0,0.0
7,1,0.0,0.0,0.0
7,1,0.0,0.0,0.0
7,1,0.0,0.0,0.0
7,1,0.0,0.0,0.0
7,1,0.0,0.0,0.0
7,1,0.0,0.0,0.0
7,1,0.0,0.0,0.0
7,1,0.0,0.0,0.0
7,1,0.0,0.0,0.0
7,1,0.0,0.0,0.0
7,1,0.0,0.0,0.0
7,1,0.0,0.0,0.0
7,1,0.0,0.0,0.0
7,1,0.0,0.0,0.0
7,1,0.0,0.0,0.0
7,1,0.0,0.0,0.0
7,1,0.0,0.0,0.0
7,1,0.0,0.0,0.0
7,1,0.0,0.0,0.0
7,1,0.0,0.0,0.0
7,1,0.0,0.0,0.0
7,1,0.0,0.0,0.0
7,1,0.0,0.0,0.0
7,1,0.0,0.0,0.0
7,1,0.0,0.0,0.0
7,1,0.0,0.0,0.0
7,1,0.0,0.0,0.0
7,1,0.0,0.0,0.0
7,1,0.0,0.0,0.0
7,1,0.0,0.0,0.0
7,1,0.0,0.0,0.0
7,1,0.0,0.0,0.0
7,1,0.0,0.0,0.0
7,1,0.0,0.0,0.0
7,1,0.0,0.0,0.0
7,1,0.0,0.0,0.0
7,1,0.0,0.0,0.0
7,1,0.0,0.0,0.0
7,1,0.0,0.0,0.0
7,1,0.0,0.0,0.0
7,1,0.0,0.0,0.0
7,1,0.0,0.0,0.0
7,1,0.0,0.0,0.0
7,1,0.0,0.0,0.0
7,1,0.0,0.0,0.0
7,1,0.0,0.0,0.0
7,1,0.0,0.0,0.0
7,1,0.0,0.0,0.0
7,1,0.0,0.0,0.0
7,1,0.0,0.0,0.0
7,1,0.0,0.0,0.0
7,1,0.0,0.0,0.0
7,1,0.0,0.0,0.0
7,1,0.0,0.0,0.0
7,1,0.0,0.0,0.0
7,1,0.0,0.0,0.0
7,1,0.0,0.0,0.0
7,1,0.0,0.0,0.0
7,1,0.0,0.0,0.0
7,1,0.0,0.0,0.0
7,1,0.0,0.0,0.0
7,1,0.0,0.0,0.0
7,1,0.0,0.0,0.0
7,1,0.0,0.0,0.0
7,1,0.0,0.0,0.0
7,1,0.0,0.0,0.0
7,1,0.0,0.0,0.0
7,1,0.0,0.0,0.0
7,1,0.0,0.0,0.0
7,1,0.0,0.0,0.0
7,1,0.0,0.0,0.0
7,1,0.0,0.0,0.0
7,1,0.0,0.0,0.0
7,1,0.0,0.0,0.0
7,1,0.0,0.0,0.0
7,1,0.0,0.0,0.0
7,1,0.0,0.0,0.0
7,1,0.0,0.0,0.0
7,1,0.0,0.0,0.0
7,1,0.0,0.0,0.0
7,1,0.0,0.0,0.0
7,1,0.0,0.0,0.0
7,1,0.0,0.0,0.0
7,1,0.0,0.0,0.0
7,1,0.0,0.0,0.0
7,1,0.0,0.0,0.0
7,1,0.0,0.0,0.0
7,1,0.0,0.0,0.0
7,1,0.0,0.0,0.0
7,1,0.0,0.0,0.0
7,1,0.0,0.0,0.0
7,1,0.0,0.0,0.0
7,1,0.0,0.0,0.0
7,1,0.0,0.0,0.0
7,1,0.0,0.0,0.0
7,1,0.0,0.0,0.0
7,1,0.0,0.0,0.0
7,1,0.0,0.0,0.0
7,1,0.0,0.0,0.0
7,1,0.0,0.0,0.0
7,1,0.0,0.0,0.0
7,1,0.0,0.0,0.0
7,1,0.0,0.0,0.0
7,1,0.0,0.0,0.0
7,1,0.0,0.0,0.0
7,1,0.0,0.0,0.0
7,1,0.0,0.0,0.0
7,1,0.0,0.0,0.0
7,1,0.0,0.0,0.0
7,1,0.0,0.0,0.0
7,1,0.0,0.0,0.0
7,1,0.0,0.0,0.0
7,1,0.0,0.0,0.0
7,1,0.0,0.0,0.0
7,1,0.0,0.0,0.0
7,1,0.0,0.0,0.0
7,1,0.0,0.0,0.0
7,1,0.0,0.0,0.0
7,1,0.0,0.0,0.0
7,1,0.0,0.0,0.0
7,1,0.0,0.0,0.0
7,1,0.0,0.0,0.0
7,1,0.0,0.0,0.0
7,1,0.0,0.0,0.0
7,1,0.0,0.0,0.0
7,1,0.0,0.0,0.0
7,1,0.0,0.0,0.0
7,1,0.0,0.0,0.0
7,1,0.0,0.0,0.0
7,1,0.0,0.0,0.0
7,1,0.0,0.0,0.0
7,1,0.0,0.0,0.0
7,1,0.0,0.0,0.0
7,1,0.0,0.0,0.0
7,1,0.0,0.0,0.0
7,1,0.0,0.0,0.0
7,1,0.0,0.0,0.0
7,1,0.0,0.0,0.0
7,1,0.0,0.0,0.0
7,1,0.0,0.0,0.0
7,1,0.0,0.0,0.0
7,1,0.0,0.0,0.0
7,1,0.0,0.0,0.0
7,1,0.0,0.0,0.0
7,1,0.0,0.0,0.0
7,1,0.0,0.0,0.0
7,1,0.0,0.0,0.0
7,1,0.0,0.0,0.0
7,1,0.0,0.0,0.0
7,1,0.0,0.0,0.0
7,1,0.0,0.0,0.0
7,1,0.0,0.0,0.0
7,1,0.0,0.0,0.0
7,1,0.0,0.0,0.0
7,1,0.0,0.0,0.0
7,1,0.0,0.0,0.0
7,1,0.0,0.0,0.0
7,1,0.0,0.0,0.0
7,1,0.0,0.0,0.0
7,1,0.0,0.0,0.0
7,1,0.0,0.0,0.0
7,1,0.0,0.0,0.0
7,1,0.0,0.0,0.0
7,1,0.0,0.0,0.0
7,1,0.0,0.0,0.0
7,1,0.0,0.0,0.0
7,1,0.0,0.0,0.0
7,1,0.0,0.0,0.0
7,1,0.0,0.0,0.0
7,1,0.0,0.0,0.0
7,1,0.0,0.0,0.0
7,1,0.0,0.0,0.0
7,1,0.0,0.0,0.0
7,1,0.0,0.0,0.0
7,1,0.0,0.0,0.0
7,1,0.0,0.0,0.0
7,1,0.0,0.0,0.0
7,1,0.0,0.0,0.0
7,1,0.0,0.0,0.0
7,1,0.0,0.0,0.0
7,1,0.0,0.0,0.0
7,1,0.0,0.0,0.0
7,1,0.0,0.0,0.0
7,1,0.0,0.0,0.0
7,1,0.0,0.0,0.0
7,1,0.0,0.0,0.0
7,1,0.0,0.0,0.0
7,1,0.0,0.0,0.0
7,1,0.0,0.0,0.0
7,1,0.0,0.0,0.0
7,1,0.0,0.0,0.0
7,1,0.0,0.0,0.0
7,1,0.0,0.0,0.0
7,1,0.0,0.0,0.0
7,1,0.0,0.0,0.0
7,1,0.0,0.0,0.0
7,1,0.0,0.0,0.0
7,1,0.0,0.0,0.0
7,1,0.0,0.0,0.0
7,1,0.0,0.0,0.0
7,1,0.0,0.0,0.0
7,1,0.0,0.0,0.0
7,1,0.0,0.0,0.0
7,1,0.0,0.0,0.0
7,1,0.0,0.0,0.0
7,1,0.0,0.0,0.0
7,1,0.0,0.0,0.0
7,1,0.0,0.0,0.0
7,1,0.0,0.0,0.0
7,1,0.0,0.0,0.0
7,1,0.0,0.0,0.0
7,1,0.0,0.0,0.0
7,1,0.0,0.0,0.0
7,1,0.0,0.0,0.0
7,1,0.0,0.0,0.0
7,1,0.0,0.0,0.0
7,1,0.0,0.0,0.0
7,1,0.0,0.0,0.0
7,1,0.0,0.0,0.0
7,1,0.0,0.0,0.0
7,1,0.0,0.0,0.0
7,1,0.0,0.0,0.0
7,1,0.0,0.0,0.0
7,1,0.0,0.0,0.0
7,1,0.0,0.0,0.0
7,1,0.0,0.0,0.0
7,1,0.0,0.0,0.0
7,1,0.0,0.0,0.0
7,1,0.0,0.0,0.0
7,1,0.0,0.0,0.0
7,1,0.0,0.0,0.0
7,1,0.0,0.0,0.0
7,1,0.0,0.0,0.0
7,1,0.0,0.0,0.0
7,1,0.0,0.0,0.0
7,1,0.0,0.0,0.0
7,1,0.0,0.0,0.0
7,1,0.0,0.0,0.0
7,1,0.0,0.0,0.0
7,1,0.0,0.0,0.0
7,1,0.0,0.0,0.0
7,1,0.0,0.0,0.0
7,1,0.0,0.0,0.0
7,1,0.0,0.0,0.0
7,1,0.0,0.0,0.0
7,1,0.0,0.0,0.0
7,1,0.0,0.0,0.0
7,1,0.0,0.0,0.0
7,1,0.0,0.0,0.0
7,1,0.0,0.0,0.0
7,1,0.0,0.0,0.0
7,1,0.0,0.0,0.0
7,1,0.0,0.0,0.0
7,1,0.0,0.0,0.0
7,1,0.0,0.0,0.0
7,1,0.0,0.0,0.0
7,1,0.0,0.0,0.0
7,1,0.0,0.0,0.0
7,1,0.0,0.0,0.0
7,1,0.0,0.0,0.0
7,1,0.0,0.0,0.0
7,1,0.0,0.0,0.0
7,1,0.0,0.0,0.0
7,1,0.0,0.0,0.0
7,1,0.0,0.0,0.0
7,1,0.0,0.0,0.0
7,1,0.0,0.0,0.0
7,1,0.0,0.0,0.0
7,1,0.0,0.0,0.0
7,1,0.0,0.0,0.0
7,1,0.0,0.0,0.0
7,1,0.0,0.0,0.0
7,1,0.0,0.0,0.0
7,1,0.0,0.0,0.0
7,1,0.0,0.0,0.0
7,1,0.0,0.0,0.0
7,1,0.0,0.0,0.0
7,1,0.0,0.0,0.0
7,1,0.0,0.0,0.0
7,1,0.0,0.0,0.0
7,1,0.0,0.0,0.0
7,1,0.0,0.0,0.0
7,1,0.0,0.0,0.0
7,1,0.0,0.0,0.0
7,1,0.0,0.0,0.0
7,1,0.0,0.0,0.0
7,1,0.0,0.0,0.0
7,1,0.0,0.0,0.0
7,1,0.0,0.0,0.0
7,1,0.0,0.0,0.0
7,1,0.0,0.0,0.0
7,1,0.0,0.0,0.0
7,1,0.0,0.0,0.0
7,1,0.0,0.0,0.0
7,1,0.0,0.0,0.0
7,1,0.0,0.0,0.0
7,1,0.0,0.0,0.0
7,1,0.0,0.0,0.0
7,1,0.0,0.0,0.0
7,1,0.0,0.0,0.0
7,1,0.0,0.0,0.0
7,1,0.0,0.0,0.0
7,1,0.0,0.0,0.0
7,1,0.0,0.0,0.0
7,1,0.0,0.0,0.0
7,1,0.0,0.0,0.0
7,1,0.0,0.0,0.0
7,1,0.0,0.0,0.0
7,1,0.0,0.0,0.0
7,1,0.0,0.0,0.0
7,1,0.0,0.0,0.0
7,1,0.0,0.0,0.0
7,1,0.0,0.0,0.0
7,1,0.0,0.0,0.0
7,1,0.0,0.0,0.0
7,1,0.0,0.0,0.0
7,1,0.0,0.0,0.0
7,1,0.0,0.0,0.0
7,1,0.0,0.0,0.0
7,1,0.0,0.0,0.0
7,1,0.0,0.0,0.0
7,1,0.0,0.0,0.0
7,1,0.0,0.0,0.0
7,1,0.0,0.0,0.0
7,1,0.0,0.0,0.0
7,1,0.0,0.0,0.0
7,1,0.0,0.0,0.0
7,1,0.0,0.0,0.0
7,1,0.0,0.0,0.0
7,1,0.0,0.0,0.0
7,1,0.0,0.0,0.0
7,1,0.0,0.0,0.0
7,1,0.0,0.0,0.0
7,1,0.0,0.0,0.0
7,1,0.0,0.0,0.0
7,1,0.0,0.0,0.0
7,1,0.0,0.0,0.0
7,1,0.0,0.0,0.0
7,1,0.0,0.0,0.0
7,1,0.0,0.0,0.0
7,1,0.0,0.0,0.0
7,1,0.0,0.0,0.0
7,1,0.0,0.0,0.0
7,1,0.0,0.0,0.0
7,1,0.0,0.0,0.0
7,1,0.0,0.0,0.0
7,1,0.0,0.0,0.0
7,1,0.0,0.0,0.0
7,1,0.0,0.0,0.0
7,1,0.0,0.0,0.0
7,1,0.0,0.0,0.0
7,1,0.0,0.0,0.0
7,1,0.0,0.0,0.0
7,1,0.0,0.0,0.0
7,1,0.0,0.0,0.0
7,1,0.0,0.0,0.0
7,1,0.0,0.0,0.0
7,1,0.0,0.0,0.0
7,1,0.0,0.0,0.0
7,1,0.0,0.0,0.0
7,1,0.0,0.0,0.0
7,1,0.0,0.0,0.0
7,1,0.0,0.0,0.0
7,1,0.0,0.0,0.0
7,1,0.0,0.0,0.0
7,1,0.0,0.0,0.0
7,1,0.0,0.0,0.0
7,1,0.0,0.0,0.0
7,1,0.0,0.0,0.0
7,1,0.0,0.0,0.0
7,1,0.0,0.0,0.0
7,1,0.0,0.0,0.0
7,1,0.0,0.0,0.0
7,1,0.0,0.0,0.0
7,1,0.0,0.0,0.0
7,1,0.0,0.0,0.0
7,1,0.0,0.0,0.0
7,1,0.0,0.0,0.0
7,1,0.0,0.0,0.0
7,1,0.0,0.0,0.0
7,1,0.0,0.0,0.0
7,1,0.0,0.0,0.0
7,1,0.0,0.0,0.0
7,1,0.0,0.0,0.0
7,1,0.0,0.0,0.0
7,1,0.0,0.0,0.0
7,1,0.0,0.0,0.0
7,1,0.0,0.0,0.0
7,1,0.0,0.0,0.0
7,1,0.0,0.0,0.0
7,1,0.0,0.0,0.0
7,1,0.0,0.0,0.0
7,1,0.0,0.0,0.0
7,1,0.0,0.0,0.0
7,1,0.0,0.0,0.0
7,1,0.0,0.0,0.0
7,1,0.0,0.0,0.0
7,1,0.0,0.0,0.0
7,1,0.0,0.0,0.0
7,1,0.0,0.0,0.0
7,1,0.0,0.0,0.0
7,1,0.0,0.0,0.0
7,1,0.0,0.0,0.0
7,1,0.0,0.0,0.0
7,1,0.0,0.0,0.0
7,1,0.0,0.0,0.0
7,1,0.0,0.0,0.0
7,1,0.0,0.0,0.0
7,1,0.0,0.0,0.0
7,1,0.0,0.0,0.0
7,1,0.0,0.0,0.0
7,1,0.0,0.0,0.0
7,1,0.0,0.0,0.0
7,1,0.0,0.0,0.0
7,1,0.0,0.0,0.0
7,1,0.0,0.0,0.0
7,1,0.0,0.0,0.0
7,1,0.0,0.0,0.0
7,1,0.0,0.0,0.0
7,1,0.0,0.0,0.0
7,1,0.0,0.0,0.0
7,1,0.0,0.0,0.0
7,1,0.0,0.0,0.0
7,1,0.0,0.0,0.0
7,1,0.0,0.0,0.0
7,1,0.0,0.0,0.0
7,1,0.0,0.0,0.0
7,1,0.0,0.0,0.0
7,1,0.0,0.0,0.0
7,1,0.0,0.0,0.0
7,1,0.0,0.0,0.0
7,1,0.0,0.0,0.0
7,1,0.0,0.0,0.0
7,1,0.0,0.0,0.0
7,1,0.0,0.0,0.0
7,1,0.0,0.0,0.0
7,1,0.0,0.0,0.0
7,1,0.0,0.0,0.0
7,1,0.0,0.0,0.0
7,1,0.0,0.0,0.0
7,1,0.0,0.0,0.0
7,1,0.0,0.0,0.0
7,1,0.0,0.0,0.0
7,1,0.0,0.0,0.0
7,1,0.0,0.0,0.0
7,1,0.0,0.0,0.0
7,1,0.0,0.0,0.0
7,1,0.0,0.0,0.0
7,1,0.0,0.0,0.0
7,1,0.0,0.0,0.0
7,1,0.0,0.0,0.0
7,1,0.0,0.0,0.0
7,1,0.0,0.0,0.0
7,1,0.0,0.0,0.0
7,1,0.0,0.0,0.0
7,1,0.0,0.0,0.0
7,1,0.0,0.0,0.0
7,1,0.0,0.0,0.0
7,1,0.0,0.0,0.0
7,1,0.0,0.0,0.0
7,1,0.0,0.0,0.0
7,1,0.0,0.0,0.0
7,1,0.0,0.0,0.0
7,1,0.0,0.0,0.0
7,1,0.0,0.0,0.0
7,1,0.0,0.0,0.0
7,1,0.0,0.0,0.0
7,1,0.0,0.0,0.0
7,1,0.0,0.0,0.0
7,1,0.0,0.0,0.0
7,1,0.0,0.0,0.0
7,1,0.0,0.0,0.0
7,1,0.0,0.0,0.0
7,1,0.0,0.0,0.0
7,1,0.0,0.0,0.0
7,1,0.0,0.0,0.0
7,1,0.0,0.0,0.0
7,1,0.0,0.0,0.0
7,1,0.0,0.0,0.0
7,1,0.0,0.0,39.6
7,1,0.0,0.0,0.0
7,1,0.0,0.0,0.0
7,1,0.0,0.0,0.0
7,1,0.0,0.0,0.0
7,1,0.0,0.0,0.0
7,1,0.0,0.0,0.0
7,1,0.0,0.0,0.0
7,1,0.0,0.0,0.0
7,1,0.0,0.0,0.0
7,1,0.0,0.0,0.0
7,1,0.0,0.0,0.0
7,1,0.0,0.0,0.0
7,1,0.0,0.0,0.0
7,1,0.0,0.0,0.0
7,1,0.0,0.0,0.0
7,1,0.0,0.0,0.0
7,1,0.0,0.0,0.0
7,1,0.0,0.0,0.0
7,1,0.0,0.0,0.0
7,1,0.0,0.0,0.0
7,1,0.0,0.0,0.0
7,1,0.0,0.0,0.0
7,1,0.0,0.0,0.0
7,1,0.0,0.0,0.0
7,1,0.0,0.0,0.0
7,1,0.0,0.0,0.0
7,1,0.0,0.0,0.0
7,1,0.0,0.0,0.0
7,1,0.0,0.0,0.0
7,1,0.0,0.0,0.0
7,1,0.0,0.0,0.0
7,1,0.0,0.0,0.0
7,1,0.0,0.0,0.0
7,1,0.0,0.0,0.0
7,1,0.0,0.0,0.0
7,1,0.0,0.0,0.0
7,1,0.0,0.0,0.0
7,1,0.0,0.0,0.0
7,1,0.0,0.0,0.0
7,1,0.0,0.0,0.0
7,1,0.0,0.0,0.0
7,1,0.0,0.0,0.0
7,1,0.0,0.0,0.0
7,1,0.0,0.0,0.0
7,1,0.0,0.0,0.0
7,1,0.0,0.0,0.0
7,1,0.0,0.0,0.0
7,1,0.0,0.0,0.0
7,1,0.0,0.0,0.0
7,1,0.0,0.0,0.0
7,1,0.0,0.0,0.0
7,1,0.0,0.0,0.0
7,1,0.0,0.0,0.0
7,1,0.0,0.0,13.200000000000001
7,1,0.0,0.0,0.0
7,1,0.0,0.0,0.0
7,1,0.0,0.0,0.0
7,1,0.0,0.0,0.0
7,1,0.0,0.0,0.0
7,1,0.0,0.0,0.0
7,1,0.0,0.0,0.0
7,1,0.0,0.0,0.0
7,1,0.0,0.0,0.0
7,1,0.0,0.0,0.0
7,1,0.0,0.0,0.0
7,1,0.0,0.0,0.0
7,1,0.0,0.0,0.0
7,1,0.0,0.0,0.0
7,1,0.0,0.0,73.91999999999996
7,1,0.0,0.0,0.0
7,1,0.0,0.0,0.0
7,1,0.0,0.0,0.0
7,1,0.0,0.0,0.0
7,1,0.0,0.0,0.0
7,1,0.0,0.0,0.0
7,1,0.0,0.0,0.0
7,1,0.0,0.0,0.0
7,1,0.0,0.0,0.0
7,1,0.0,0.0,0.0
7,1,0.0,0.0,0.0
7,1,0.0,0.0,0.0
7,1,0.0,0.0,0.0
7,1,0.0,0.0,0.0
7,1,0.0,0.0,0.0
7,1,0.0,0.0,0.0
7,1,0.0,0.0,0.0
7,1,0.0,0.0,0.0
7,1,0.0,0.0,0.0
7,1,0.0,0.0,0.0
7,1,0.0,0.0,0.0
7,1,0.0,0.0,0.0
7,1,0.0,0.0,0.0
7,1,0.0,0.0,0.0
7,1,0.0,0.0,0.0
7,1,0.0,0.0,0.0
7,1,0.0,0.0,0.0
7,1,0.0,0.0,0.0
7,1,0.0,0.0,0.0
7,1,0.0,0.0,0.0
7,1,0.0,0.0,0.0
7,1,0.0,0.0,0.0
7,1,0.0,0.0,0.0
7,1,0.0,0.0,0.0
7,1,0.0,0.0,0.0
7,1,0.0,0.0,0.0
7,1,0.0,0.0,0.0
7,1,0.0,0.0,0.0
7,1,0.0,0.0,0.0
7,1,0.0,0.0,0.0
7,1,0.0,0.0,0.0
7,1,0.0,0.0,0.0
7,1,0.0,0.0,0.0
7,1,0.0,0.0,0.0
7,1,0.0,0.0,0.0
7,1,0.0,0.0,0.0
7,1,0.0,0.0,0.0
7,1,0.0,0.0,0.0
7,1,0.0,0.0,0.0
7,1,0.0,0.0,0.0
7,1,0.0,0.0,0.0
7,1,0.0,0.0,0.0
7,1,0.0,0.0,0.0
7,1,0.0,0.0,0.0
7,1,0.0,0.0,0.0
7,1,0.0,0.0,0.0
7,1,0.0,0.0,0.0
7,1,0.0,0.0,0.0
7,1,0.0,0.0,0.0
7,1,0.0,0.0,0.0
7,1,0.0,0.0,0.0
7,1,0.0,0.0,0.0
7,1,0.0,0.0,0.0
7,1,0.0,0.0,0.0
7,1,0.0,0.0,0.0
7,1,0.0,0.0,0.0
7,1,0.0,0.0,0.0
7,1,0.0,0.0,0.0
7,1,0.0,0.0,0.0
7,1,0.0,0.0,0.0
7,1,0.0,0.0,0.0
7,1,0.0,0.0,0.0
7,1,0.0,0.0,0.0
7,1,0.0,0.0,0.0
7,1,0.0,0.0,0.0
7,1,0.0,0.0,0.0
7,1,0.0,0.0,0.0
7,1,0.0,0.0,0.0
7,1,0.0,0.0,0.0
7,1,0.0,0.0,0.0
7,1,0.0,0.0,0.0
7,1,0.0,0.0,0.0
7,1,0.0,0.0,0.0
7,1,0.0,0.0,0.0
7,1,0.0,0.0,0.0
7,1,0.0,0.0,0.0
7,1,0.0,0.0,0.0
7,1,0.0,0.0,0.0
7,1,0.0,0.0,0.0
7,1,0.0,0.0,0.0
7,1,0.0,0.0,0.0
7,1,0.0,0.0,0.0
7,1,0.0,0.0,0.0
7,1,0.0,0.0,0.0
7,1,0.0,0.0,0.0
7,1,0.0,0.0,0.0
7,1,0.0,0.0,0.0
7,1,0.0,0.0,0.0
7,1,0.0,0.0,0.0
7,1,0.0,0.0,0.0
7,1,0.0,0.0,0.0
7,1,0.0,0.0,0.0
7,1,0.0,0.0,0.0
7,1,0.0,0.0,0.0
7,1,0.0,0.0,0.0
7,1,0.0,0.0,0.0
7,1,0.0,0.0,0.0
7,1,0.0,0.0,0.0
7,1,0.0,0.0,0.0
7,1,0.0,0.0,0.0
7,1,0.0,0.0,0.0
7,1,0.0,0.0,0.0
7,1,0.0,0.0,0.0
7,1,0.0,0.0,0.0
7,1,0.0,0.0,0.0
7,1,0.0,0.0,0.0
7,1,0.0,0.0,0.0
7,1,0.0,0.0,0.0
7,1,0.0,0.0,0.0
7,1,0.0,0.0,0.0
7,1,0.0,0.0,0.0
7,1,0.0,0.0,0.0
7,1,0.0,0.0,0.0
7,1,0.0,0.0,0.0
7,1,0.0,0.0,0.0
7,1,0.0,0.0,0.0
7,1,0.0,0.0,0.0
7,1,0.0,0.0,0.0
7,1,0.0,0.0,0.0
7,1,0.0,0.0,0.0
7,1,0.0,0.0,0.0
7,1,0.0,0.0,0.0
7,1,0.0,0.0,0.0
7,1,0.0,0.0,0.0
7,1,0.0,0.0,0.0
7,1,0.0,0.0,0.0
7,1,0.0,0.0,0.0
7,1,0.0,0.0,0.0
7,1,0.0,0.0,0.0
7,1,0.0,0.0,0.0
7,1,0.0,0.0,0.0
7,1,0.0,0.0,0.0
7,1,0.0,0.0,0.0
7,1,0.0,0.0,0.0
7,1,0.0,0.0,0.0
7,1,0.0,0.0,0.0
7,1,0.0,0.0,0.0
7,1,0.0,0.0,0.0
7,1,0.0,0.0,0.0
7,1,0.0,0.0,0.0
7,1,0.0,0.0,0.0
7,1,0.0,0.0,0.0
7,1,0.0,0.0,0.0
7,1,0.0,0.0,0.0
7,1,0.0,0.0,0.0
7,1,0.0,0.0,0.0
7,1,0.0,0.0,0.0
7,1,0.0,0.0,0.0
7,1,0.0,0.0,0.0
7,1,0.0,0.0,0.0
7,1,0.0,0.0,0.0
7,1,0.0,0.0,0.0
7,1,0.0,0.0,0.0
7,1,0.0,0.0,0.0
7,1,0.0,0.0,0.0
7,1,0.0,0.0,0.0
7,1,0.0,0.0,0.0
7,1,0.0,0.0,0.0
7,1,0.0,0.0,0.0
7,1,0.0,0.0,0.0
7,1,0.0,0.0,0.0
7,1,0.0,0.0,0.0
7,1,0.0,0.0,0.0
7,1,0.0,0.0,0.0
7,1,0.0,0.0,0.0
7,1,0.0,0.0,0.0
7,1,0.0,0.0,0.0
7,1,0.0,0.0,0.0
7,1,0.0,0.0,0.0
7,1,0.0,0.0,0.0
7,1,0.0,0.0,0.0
7,1,0.0,0.0,0.0
7,1,0.0,0.0,0.0
7,1,0.0,0.0,0.0
7,1,0.0,0.0,0.0
7,1,0.0,0.0,0.0
7,1,0.0,0.0,0.0
7,1,0.0,0.0,0.0
7,1,0.0,0.0,0.0
7,1,0.0,0.0,0.0
7,1,0.0,0.0,0.0
7,1,0.0,0.0,0.0
7,1,0.0,0.0,0.0
7,1,0.0,0.0,0.0
7,1,0.0,0.0,0.0
7,1,0.0,0.0,0.0
7,1,0.0,0.0,0.0
7,1,0.0,0.0,0.0
7,1,0.0,0.0,0.0
7,1,0.0,0.0,0.0
7,1,0.0,0.0,0.0
7,1,0.0,0.0,0.0
7,1,0.0,0.0,0.0
7,1,0.0,0.0,0.0
7,1,0.0,0.0,0.0
7,1,0.0,0.0,0.0
7,1,0.0,0.0,0.0
7,1,0.0,0.0,0.0
7,1,0.0,0.0,0.0
7,1,0.0,0.0,0.0
7,1,0.0,0.0,0.0
7,1,0.0,0.0,0.0
7,1,0.0,0.0,0.0
7,1,0.0,0.0,0.0
7,1,0.0,0.0,0.0
7,1,0.0,0.0,0.0
7,1,0.0,0.0,0.0
7,1,0.0,0.0,0.0
7,1,0.0,0.0,0.0
7,1,0.0,0.0,0.0
7,1,0.0,0.0,0.0
7,1,0.0,0.0,0.0
7,1,0.0,0.0,0.0
7,1,0.0,0.0,0.0
7,1,0.0,0.0,0.0
7,1,0.0,0.0,0.0
7,1,0.0,0.0,0.0
7,1,0.0,0.0,0.0
7,1,0.0,0.0,0.0
7,1,0.0,0.0,0.0
7,1,0.0,0.0,0.0
7,1,0.0,0.0,0.0
7,1,0.0,0.0,0.0
7,1,0.0,0.0,0.0
7,1,0.0,0.0,0.0
7,1,0.0,0.0,0.0
7,1,0.0,0.0,0.0
7,1,0.0,0.0,0.0
7,1,0.0,0.0,0.0
7,1,0.0,0.0,0.0
7,1,0.0,0.0,0.0
7,1,0.0,0.0,0.0
7,1,0.0,0.0,0.0
7,1,0.0,0.0,0.0
7,1,0.0,0.0,0.0
7,1,0.0,0.0,0.0
7,1,0.0,0.0,0.0
7,1,0.0,0.0,0.0
7,1,0.0,0.0,0.0
7,1,0.0,0.0,0.0
7,1,0.0,0.0,0.0
7,1,0.0,0.0,0.0
7,1,0.0,0.0,0.0
7,1,0.0,0.0,0.0
7,1,0.0,0.0,0.0
7,1,0.0,0.0,0.0
7,1,0.0,0.0,0.0
7,1,0.0,0.0,0.0
7,1,0.0,0.0,0.0
7,1,0.0,0.0,0.0
7,1,0.0,0.0,0.0
7,1,0.0,0.0,0.0
7,1,0.0,0.0,0.0
7,1,0.0,0.0,0.0
7,1,0.0,0.0,0.0
7,1,0.0,0.0,0.0
7,1,0.0,0.0,0.0
7,1,0.0,0.0,0.0
7,1,0.0,0.0,0.0
7,1,0.0,0.0,0.0
7,1,0.0,0.0,0.0
7,1,0.0,0.0,0.0
7,1,0.0,0.0,0.0
7,1,0.0,0.0,0.0
7,1,0.0,0.0,0.0
7,1,0.0,0.0,0.0
7,1,0.0,0.0,0.0
7,1,0.0,0.0,0.0
7,1,0.0,0.0,0.0
7,1,0.0,0.0,0.0
7,1,0.0,0.0,0.0
7,1,0.0,0.0,0.0
7,1,0.0,0.0,0.0
7,1,0.0,0.0,0.0
7,1,0.0,0.0,0.0
7,1,0.0,0.0,0.0
7,1,0.0,0.0,0.0
7,1,0.0,0.0,0.0
7,1,0.0,0.0,0.0
7,1,0.0,0.0,0.0
7,1,0.0,0.0,0.0
7,1,0.0,0.0,0.0
7,1,0.0,0.0,0.0
7,1,0.0,0.0,0.0
7,1,0.0,0.0,0.0
7,1,0.0,0.0,0.0
7,1,0.0,0.0,0.0
7,1,0.0,0.0,0.0
7,1,0.0,0.0,0.0
7,1,0.0,0.0,0.0
7,1,0.0,0.0,0.0
7,1,0.0,0.0,0.0
7,1,0.0,0.0,0.0
7,1,0.0,0.0,0.0
7,1,0.0,0.0,0.0
7,1,0.0,0.0,0.0
7,1,0.0,0.0,0.0
7,1,0.0,0.0,0.0
7,1,0.0,0.0,0.0
7,1,0.0,0.0,0.0
7,1,0.0,0.0,0.0
7,1,0.0,0.0,0.0
7,1,0.0,0.0,0.0
7,1,0.0,0.0,0.0
7,1,0.0,0.0,0.0
7,1,0.0,0.0,0.0
7,1,0.0,0.0,0.0
7,1,0.0,0.0,0.0
7,1,0.0,0.0,0.0
7,1,0.0,0.0,0.0
7,1,0.0,0.0,0.0
7,1,0.0,0.0,0.0
7,1,0.0,0.0,0.0
7,1,0.0,0.0,0.0
7,1,0.0,0.0,0.0
7,1,0.0,0.0,0.0
7,1,0.0,0.0,0.0
7,1,0.0,0.0,0.0
7,1,0.0,0.0,0.0
7,1,0.0,0.0,0.0
7,1,0.0,0.0,0.0
7,1,0.0,0.0,0.0
7,1,0.0,0.0,0.0
7,1,0.0,0.0,0.0
7,1,0.0,0.0,0.0
7,1,0.0,0.0,0.0
7,1,0.0,0.0,0.0
7,1,0.0,0.0,0.0
7,1,0.0,0.0,0.0
7,1,0.0,0.0,0.0
7,1,0.0,0.0,0.0
7,1,0.0,0.0,0.0
7,1,0.0,0.0,0.0
7,1,0.0,0.0,0.0
7,1,0.0,0.0,0.0
7,1,0.0,0.0,0.0
7,1,0.0,0.0,0.0
7,1,0.0,0.0,0.0
7,1,0.0,0.0,0.0
7,1,0.0,0.0,0.0
7,1,0.0,0.0,0.0
7,1,0.0,0.0,0.0
7,1,0.0,0.0,0.0
7,1,0.0,0.0,0.0
7,1,0.0,0.0,0.0
7,1,0.0,0.0,0.0
7,1,0.0,0.0,0.0
7,1,0.0,0.0,0.0
7,1,0.0,0.0,0.0
7,1,0.0,0.0,0.0
7,1,0.0,0.0,0.0
7,1,0.0,0.0,0.0
7,1,0.0,0.0,0.0
7,1,0.0,0.0,0.0
7,1,0.0,0.0,0.0
7,1,0.0,0.0,0.0
7,1,0.0,0.0,0.0
7,1,0.0,0.0,0.0
7,1,0.0,0.0,0.0
7,1,0.0,0.0,0.0
7,1,0.0,0.0,0.0
7,1,0.0,0.0,0.0
7,1,0.0,0.0,0.0
7,1,0.0,0.0,0.0
7,1,0.0,0.0,0.0
7,1,0.0,0.393188001479043,11.88
7,1,0.0,0.0,0.0
7,1,0.0,0.0,0.0
7,1,0.0,0.0,0.0
7,1,0.0,0.0,0.0
7,1,0.0,0.0,0.0
7,1,0.0,0.0,0.0
7,1,0.0,0.0,0.0
7,1,0.0,0.0,0.0
7,1,0.0,0.0,0.0
7,1,0.0,0.0,0.0
7,1,0.0,0.0,0.0
7,1,0.0,0.0,0.0
7,1,0.0,0.0,0.0
7,1,0.0,0.0,0.0
7,1,0.0,0.0,0.0
7,1,0.0,0.0,0.0
7,1,0.0,0.0,0.0
7,1,0.0,0.0,0.0
7,1,0.0,0.0,0.0
7,1,0.0,0.0,40.92
7,1,0.0,0.0,0.0
7,1,0.0,0.0,0.0
7,1,0.0,0.0,0.0
7,1,0.0,0.0,5.28
7,1,0.0,0.0,0.0
7,1,0.0,0.0,0.0
7,1,0.0,0.0,0.0
7,1,0.0,0.0,0.0
7,1,0.0,0.0,0.0
7,1,0.0,0.0,0.0
7,1,0.0,0.0,0.0
7,1,0.0,0.0,0.0
7,1,0.0,0.0,0.0
7,1,0.0,0.0,0.0
7,1,0.0,0.0,0.0
7,1,0.0,0.0,0.0
7,1,0.0,0.0,0.0
7,1,0.0,0.0,0.0
7,1,0.0,0.0,0.0
7,1,0.0,0.0,0.0
7,1,0.0,0.0,0.0
7,1,0.0,0.0,0.0
7,1,0.0,0.0,0.0
7,1,0.0,0.0,0.0
7,1,0.0,0.0,0.0
7,1,0.0,0.0,0.0
7,1,0.0,0.0,0.0
7,1,0.0,0.0,0.0
7,1,0.0,0.0,0.0
7,1,0.0,0.0,0.0
7,1,0.0,0.0,0.0
7,1,0.0,0.0,0.0
7,1,0.0,0.0,0.0
7,1,0.0,0.0,0.0
7,1,0.0,0.0,0.0
7,1,0.0,0.0,0.0
7,1,0.0,0.0,0.0
7,1,0.0,0.0,0.0
7,1,0.0,0.0,0.0
7,1,0.0,0.0,0.0
7,1,0.0,0.0,0.0
7,1,0.0,0.0,0.0
7,1,0.0,0.0,0.0
7,1,0.0,0.0,0.0
7,1,0.0,0.0,0.0
7,1,0.0,0.0,0.0
7,1,0.0,0.0,0.0
7,1,0.0,0.0,0.0
7,1,0.0,0.0,0.0
7,1,0.0,0.0,0.0
7,1,0.0,0.0,0.0
7,1,0.0,0.0,0.0
7,1,0.0,0.0,0.0
7,1,0.0,0.0,0.0
7,1,0.0,0.0,0.0
7,1,0.0,0.0,0.0
7,1,0.0,0.0,0.0
7,1,0.0,0.0,0.0
7,1,0.0,0.0,0.0
7,1,0.0,0.0,0.0
7,1,0.0,0.0,0.0
7,1,0.0,0.0,0.0
7,1,0.0,0.0,0.0
7,1,0.0,0.0,0.0
7,1,0.0,0.0,0.0
7,1,0.0,0.0,0.0
7,1,0.0,0.0,0.0
7,1,0.0,0.0,0.0
7,1,0.0,0.0,0.0
7,1,0.0,0.0,0.0
7,1,0.0,0.0,0.0
7,1,0.0,0.0,0.0
7,1,0.0,0.0,0.0
7,1,0.0,0.0,0.0
7,1,0.0,0.0,0.0
7,1,0.0,0.0,0.0
7,1,0.0,0.0,0.0
7,1,0.0,0.0,0.0
7,1,0.0,0.0,0.0
7,1,0.0,0.0,0.0
7,1,0.0,0.0,0.0
7,1,0.0,0.0,0.0
7,1,0.0,0.0,0.0
7,1,0.0,0.0,0.0
7,1,0.0,0.0,0.0
7,1,0.0,0.0,0.0
7,1,0.0,0.0,0.0
7,1,0.0,0.0,0.0
7,1,0.0,0.0,0.0
7,1,0.0,0.0,0.0
7,1,0.0,0.0,0.0
7,1,0.0,0.0,0.0
7,1,0.0,0.0,0.0
7,1,0.0,0.0,0.0
7,1,0.0,0.0,0.0
7,1,0.0,0.0,0.0
7,1,0.0,0.0,0.0
7,1,0.0,0.0,0.0
7,1,0.0,0.0,0.0
7,1,0.0,0.0,0.0
7,1,0.0,0.0,0.0
7,1,0.0,0.0,0.0
7,1,0.0,0.0,0.0
7,1,0.0,0.0,0.0
7,1,0.0,0.0,0.0
7,1,0.0,0.0,0.0
7,1,0.0,0.0,0.0
7,1,0.0,0.0,0.0
7,1,0.0,0.0,0.0
7,1,0.0,0.0,0.0
7,1,0.0,0.0,0.0
7,1,0.0,0.0,0.0
7,1,0.0,0.0,0.0
7,1,0.0,0.0,0.0
7,1,0.0,0.0,0.0
7,1,0.0,0.0,0.0
7,1,0.0,0.0,0.0
7,1,0.0,0.0,0.0
7,1,0.0,0.0,0.0
7,1,0.0,0.0,0.0
7,1,0.0,0.0,0.0
7,1,0.0,0.0,0.0
7,1,0.0,0.0,0.0
7,1,0.0,0.0,0.0
7,1,0.0,0.0,0.0
7,1,0.0,0.0,0.0
7,1,0.0,0.0,0.0
7,1,0.0,0.0,0.0
7,1,0.0,0.0,0.0
7,1,0.0,0.0,0.0
7,1,0.0,0.0,0.0
7,1,0.0,0.0,0.0
7,1,0.0,0.0,0.0
7,1,0.0,0.0,0.0
7,1,0.0,0.0,0.0
7,1,0.0,0.0,0.0
7,1,0.0,0.0,0.0
7,1,0.0,0.0,0.0
7,1,0.0,0.0,0.0
7,1,0.0,0.0,0.0
7,1,0.0,0.0,0.0
7,1,0.0,0.0,0.0
7,1,0.0,0.0,0.0
7,1,0.0,0.0,0.0
7,1,0.0,0.0,0.0
7,1,0.0,0.0,0.0
7,1,0.0,0.0,0.0
7,1,0.0,0.0,0.0
7,1,0.0,0.0,0.0
7,1,0.0,0.0,0.0
7,1,0.0,0.0,0.0
7,1,0.0,0.0,0.0
7,1,0.0,0.0,0.0
7,1,0.0,0.0,0.0
7,1,0.0,0.0,0.0
7,1,0.0,0.0,0.0
7,1,0.0,0.0,0.0
7,1,0.0,0.0,0.0
7,1,0.0,0.0,0.0
7,1,0.0,0.0,0.0
7,1,0.0,0.0,0.0
7,1,0.0,0.0,0.0
7,1,0.0,0.0,0.0
7,1,0.0,0.0,0.0
7,1,0.0,0.0,0.0
7,1,0.0,0.0,0.0
7,1,0.0,0.0,0.0
7,1,0.0,0.0,0.0
7,1,0.0,0.0,0.0
7,1,0.0,0.0,0.0
7,1,0.0,0.0,0.0
7,1,0.0,0.0,0.0
7,1,0.0,0.0,0.0
7,1,0.0,0.0,0.0
7,1,0.0,0.0,0.0
7,1,0.0,0.0,0.0
7,1,0.0,0.0,0.0
7,1,0.0,0.0,0.0
7,1,0.0,0.0,0.0
7,1,0.0,0.0,0.0
7,1,0.0,0.0,0.0
7,1,0.0,0.0,0.0
7,1,0.0,0.0,0.0
7,1,0.0,0.0,0.0
7,1,0.0,0.0,0.0
7,1,0.0,0.0,0.0
7,1,0.0,0.0,0.0
7,1,0.0,0.0,0.0
7,1,0.0,0.0,0.0
7,1,0.0,0.0,0.0
7,1,0.0,0.0,0.0
7,1,0.0,0.0,0.0
7,1,0.0,0.0,0.0
7,1,0.0,0.0,0.0
7,1,0.0,0.0,0.0
7,1,0.0,0.0,0.0
7,1,0.0,0.0,0.0
7,1,0.0,0.0,0.0
7,1,0.0,0.0,0.0
7,1,0.0,0.0,0.0
7,1,0.0,0.0,0.0
7,1,0.0,0.0,0.0
7,1,0.0,0.0,0.0
7,1,0.0,0.0,0.0
7,1,0.0,0.0,0.0
7,1,0.0,0.0,0.0
7,1,0.0,0.0,0.0
7,1,0.0,0.0,0.0
7,1,0.0,0.0,0.0
7,1,0.0,0.0,0.0
7,1,0.0,0.0,0.0
7,1,0.0,0.0,0.0
7,1,0.0,0.0,0.0
7,1,0.0,0.0,0.0
7,1,0.0,0.0,0.0
7,1,0.0,0.0,0.0
7,1,0.0,0.0,0.0
7,1,0.0,0.049460928185737885,72.59999999999997
7,1,0.0,0.0,0.0
7,1,0.0,0.0,0.0
7,1,0.0,0.0,0.0
7,1,0.0,0.0,0.0
7,1,0.0,0.0,0.0
7,1,0.0,0.0,0.0
7,1,0.0,0.0,0.0
7,1,0.0,0.0,0.0
7,1,0.0,0.0,0.0
7,1,0.0,0.0,0.0
7,1,0.0,0.0,0.0
7,1,0.0,0.0,0.0
7,1,0.0,0.0,0.0
7,1,0.0,0.0,0.0
7,1,0.0,0.0,0.0
7,1,0.0,0.0,0.0
7,1,0.0,0.0,0.0
7,1,0.0,0.0,0.0
7,1,0.0,0.0,0.0
7,1,0.0,0.0,0.0
7,1,0.0,0.0,0.0
7,1,0.0,0.0,0.0
7,1,0.0,0.0,0.0
7,1,0.0,0.0,0.0
7,1,0.0,0.0,0.0
7,1,0.0,0.0,0.0
7,1,0.0,0.0,0.0
7,1,0.0,0.0,0.0
7,1,0.0,0.0,0.0
7,1,0.0,0.0,0.0
7,1,0.0,0.0,0.0
7,1,0.0,0.0,0.0
7,1,0.0,0.0,0.0
7,1,0.0,0.0,0.0
7,1,0.0,0.0,0.0
7,1,0.0,0.0,0.0
7,1,0.0,0.0,0.0
7,1,0.0,0.0,0.0
7,1,0.0,0.0,0.0
7,1,0.0,0.0,0.0
7,1,0.0,0.0,0.0
7,1,0.0,0.0,0.0
7,1,0.0,0.0,0.0
7,1,0.0,0.0,0.0
7,1,0.0,0.0,0.0
7,1,0.0,0.0,0.0
7,1,0.0,0.0,0.0
7,1,0.0,0.0,0.0
7,1,0.0,0.0,0.0
7,1,0.0,0.0,0.0
7,1,0.0,0.0,0.0
7,1,0.0,0.0,0.0
7,1,0.0,0.0,0.0
7,1,0.0,0.0,0.0
7,1,0.0,0.0,0.0
7,1,0.0,0.0,0.0
7,1,0.0,0.0,0.0
7,1,0.0,0.0,0.0
7,1,0.0,0.0,0.0
7,1,0.0,0.0,0.0
7,1,0.0,0.0,0.0
7,1,0.0,0.0,0.0
7,1,0.0,0.0,0.0
7,1,0.0,0.0,0.0
7,1,0.0,0.0,0.0
7,1,0.0,0.0,0.0
7,1,0.0,0.0,0.0
7,1,0.0,0.0,0.0
7,1,0.0,0.0,0.0
7,1,0.0,0.0,0.0
7,1,0.0,0.0,0.0
7,1,0.0,0.0,0.0
7,1,0.0,0.0,0.0
7,1,0.0,0.0,0.0
7,1,0.0,0.0,0.0
7,1,0.0,0.0,0.0
7,1,0.0,0.0,0.0
7,1,0.0,0.0,0.0
7,1,0.0,0.0,0.0
7,1,0.0,0.0,0.0
7,1,0.0,0.0,0.0
7,1,0.0,0.0,0.0
7,1,0.0,0.0,0.0
7,1,0.0,0.0,0.0
7,1,0.0,0.0,0.0
7,1,0.0,0.0,0.0
7,1,0.0,0.0,0.0
7,1,0.0,0.0,0.0
7,1,0.0,0.0,0.0
7,1,0.0,0.0,0.0
7,1,0.0,0.0,0.0
7,1,0.0,0.0,0.0
7,1,0.0,0.0,0.0
7,1,0.0,0.0,0.0
7,1,0.0,0.0,0.0
7,1,0.0,0.0,0.0
7,1,0.0,0.0,0.0
7,1,0.0,0.0,0.0
7,1,0.0,0.0,0.0
7,1,0.0,0.0,0.0
7,1,0.0,0.0,0.0
7,1,0.0,0.0,0.0
7,1,0.0,0.0,0.0
7,1,0.0,0.0,0.0
7,1,0.0,0.0,0.0
7,1,0.0,0.0,0.0
7,1,0.0,0.0,0.0
7,1,0.0,0.0,0.0
7,1,0.0,0.0,0.0
7,1,0.0,0.0,0.0
7,1,0.0,0.0,0.0
7,1,0.0,0.0,0.0
7,1,0.0,0.0,0.0
7,1,0.0,0.0,0.0
7,1,0.0,0.0,0.0
7,1,0.0,0.0,0.0
7,1,0.0,0.0,39.6
7,1,0.0,0.0,0.0
7,1,0.0,0.0,0.0
7,1,0.0,0.0,0.0
7,1,0.0,0.0,0.0
7,1,0.0,0.0,0.0
7,1,0.0,0.0,0.0
7,1,0.0,0.0,0.0
7,1,0.0,0.0,0.0
7,1,0.0,0.0,0.0
7,1,0.0,0.0,0.0
7,1,0.0,0.0,0.0
7,1,0.0,0.0,11.88
7,1,0.0,0.0,0.0
7,1,0.0,0.0,0.0
7,1,0.0,0.0,0.0
7,1,0.0,0.0,0.0
7,1,0.0,0.0,0.0
7,1,0.0,0.0,0.0
7,1,0.0,0.0,0.0
7,1,0.0,0.0,0.0
7,1,0.0,0.0,0.0
7,1,0.0,0.0,0.0
7,1,0.0,0.0,0.0
7,1,0.0,0.0,0.0
7,1,0.0,0.0,0.0
7,1,0.0,0.0,0.0
7,1,0.0,0.0,0.0
7,1,0.0,0.0,0.0
7,1,0.0,0.0,0.0
7,1,0.0,0.0,0.0
7,1,0.0,0.0,0.0
7,1,0.0,0.0,0.0
7,1,0.0,0.0,0.0
7,1,0.0,0.0,0.0
7,1,0.0,0.0,0.0
7,1,0.0,0.0,0.0
7,1,0.0,0.0,0.0
7,1,0.0,0.0,0.0
7,1,0.0,0.0,0.0
7,1,0.0,0.0,0.0
7,1,0.0,0.0,0.0
7,1,0.0,0.0,0.0
7,1,0.0,0.0,0.0
7,1,0.0,0.0,0.0
7,1,0.0,0.0,0.0
7,1,0.0,0.0,0.0
7,1,0.0,0.0,0.0
7,1,0.0,0.0,0.0
7,1,0.0,0.0,0.0
7,1,0.0,0.0,0.0
7,1,0.0,0.0,0.0
7,1,0.0,0.0,0.0
7,1,0.0,0.0,0.0
7,1,0.0,0.0,0.0
7,1,0.0,0.0,0.0
7,1,0.0,0.0,0.0
7,1,0.0,0.0,0.0
7,1,0.0,0.0,0.0
7,1,0.0,0.0,0.0
7,1,0.0,0.0,0.0
7,1,0.0,0.0,0.0
7,1,0.0,0.0,0.0
7,1,0.0,0.0,0.0
7,1,0.0,0.0,0.0
7,1,0.0,0.0,0.0
7,1,0.0,0.0,0.0
7,1,0.0,0.0,0.0
7,1,0.0,0.0,0.0
7,1,0.0,0.0,0.0
7,1,0.0,0.0,0.0
7,1,0.0,0.0,0.0
7,1,0.0,0.0,0.0
7,1,0.0,0.0,0.0
7,1,0.0,0.0,0.0
7,1,0.0,0.0,0.0
7,1,0.0,0.0,0.0
7,1,0.0,0.0,0.0
7,1,0.0,0.0,0.0
7,1,0.0,0.0,0.0
7,1,0.0,0.0,0.0
7,1,0.0,0.0,0.0
7,1,0.0,0.0,0.0
7,1,0.0,0.0,0.0
7,1,0.0,0.0,0.0
7,1,0.0,0.0,0.0
7,1,0.0,0.0,0.0
7,1,0.0,0.0,0.0
7,1,0.0,0.0,0.0
7,1,0.0,0.0,0.0
7,1,0.0,0.0,0.0
7,1,0.0,0.0,0.0
7,1,0.0,0.0,0.0
7,1,0.0,0.0,0.0
7,1,0.0,0.0,0.0
7,1,0.0,0.0,0.0
7,1,0.0,0.0,0.0
7,1,0.0,0.0,0.0
7,1,0.0,0.0,0.0
7,1,0.0,0.0,0.0
7,1,0.0,0.0,0.0
7,1,0.0,0.0,0.0
7,1,0.0,0.0,0.0
7,1,0.0,0.0,0.0
7,1,0.0,0.0,0.0
7,1,0.0,0.0,0.0
7,1,0.0,0.0,0.0
7,1,0.0,0.0,0.0
7,1,0.0,0.0,0.0
7,1,0.0,0.0,0.0
7,1,0.0,0.0,0.0
7,1,0.0,0.0,0.0
7,1,0.0,0.0,0.0
7,1,0.0,0.0,0.0
7,1,0.0,0.0,0.0
7,1,0.0,0.0,0.0
7,1,0.0,0.0,0.0
7,1,0.0,0.0,0.0
7,1,0.0,0.0,0.0
7,1,0.0,0.0,0.0
7,1,0.0,0.0,0.0
7,1,0.0,0.0,0.0
7,1,0.0,0.0,0.0
7,1,0.0,0.0,0.0
7,1,0.0,0.0,0.0
7,1,0.0,0.0,0.0
7,1,0.0,0.0,0.0
7,1,0.0,0.0,0.0
7,1,0.0,0.0,0.0
7,1,0.0,0.0,0.0
7,1,0.0,0.0,0.0
7,1,0.0,0.0,0.0
7,1,0.0,0.0,0.0
7,1,0.0,0.0,0.0
7,1,0.0,0.0,0.0
7,1,0.0,0.0,0.0
7,1,0.0,0.0,0.0
7,1,0.0,0.0,0.0
7,1,0.0,0.0,0.0
7,1,0.0,0.0,0.0
7,1,0.0,0.0,0.0
7,1,0.0,0.0,0.0
7,1,0.0,0.0,0.0
7,1,0.0,0.0,0.0
7,1,0.0,0.0,0.0
7,1,0.0,0.0,0.0
7,1,0.0,0.0,0.0
7,1,0.0,0.0,0.0
7,1,0.0,0.0,0.0
7,1,0.0,0.0,0.0
7,1,0.0,0.0,60.720000000000006
7,1,0.0,0.0,0.0
7,1,0.0,0.0,0.0
7,1,0.0,0.0,0.0
7,1,0.0,0.0,0.0
7,1,0.0,0.0,0.0
7,1,0.0,0.0,0.0
7,1,0.0,0.0,0.0
7,1,0.0,0.0,0.0
7,1,0.0,0.0,0.0
7,1,0.0,0.0,0.0
7,1,0.0,0.0,0.0
7,1,0.0,0.0,0.0
7,1,0.0,0.0,0.0
7,1,0.0,0.0,0.0
7,1,0.0,0.0,39.6
7,1,0.0,0.0,0.0
7,1,0.0,0.0,0.0
7,1,0.0,0.0,0.0
7,1,0.0,0.0,0.0
7,1,0.0,0.0,0.0
7,1,0.0,0.0,0.0
7,1,0.0,0.0,0.0
7,1,0.0,0.0,0.0
7,1,0.0,0.0,0.0
7,1,0.0,0.0,0.0
7,1,0.0,0.0,0.0
7,1,0.0,0.0,0.0
7,1,0.0,0.0,0.0
7,1,0.0,0.0,0.0
7,1,0.0,0.0,0.0
7,1,0.0,0.0,0.0
7,1,0.0,0.0,0.0
7,1,0.0,0.0,0.0
7,1,0.0,0.0,0.0
7,1,0.0,0.0,0.0
7,1,0.0,0.0,0.0
7,1,0.0,0.0,0.0
7,1,0.0,0.0,0.0
7,1,0.0,0.0,0.0
7,1,0.0,0.0,0.0
7,1,0.0,0.0,0.0
7,1,0.0,0.0,0.0
7,1,0.0,0.0,0.0
7,1,0.0,0.0,0.0
7,1,0.0,0.0,0.0
7,1,0.0,0.0,0.0
7,1,0.0,0.0,0.0
7,1,0.0,0.0,0.0
7,1,0.0,0.0,0.0
7,1,0.0,0.0,0.0
7,1,0.0,0.0,0.0
7,1,0.0,0.0,0.0
7,1,0.0,0.0,0.0
7,1,0.0,0.0,0.0
7,1,0.0,0.0,0.0
7,1,0.0,0.0,0.0
7,1,0.0,0.0,0.0
7,1,0.0,0.0,0.0
7,1,0.0,0.0,0.0
7,1,0.0,0.0,0.0
7,1,0.0,0.0,0.0
7,1,0.0,0.0,0.0
7,1,0.0,0.0,0.0
7,1,0.0,0.0,0.0
7,1,0.0,0.0,0.0
7,1,0.0,0.0,0.0
7,1,0.0,0.0,0.0
7,1,0.0,0.0,0.0
7,1,0.0,0.0,0.0
7,1,0.0,0.0,0.0
7,1,0.0,0.0,0.0
7,1,0.0,0.0,0.0
7,1,0.0,0.0,0.0
7,1,0.0,0.0,0.0
7,1,0.0,0.0,0.0
7,1,0.0,0.0,0.0
7,1,0.0,0.0,0.0
7,1,0.0,0.0,0.0
7,1,0.0,0.0,0.0
7,1,0.0,0.0,0.0
7,1,0.0,0.0,0.0
7,1,0.0,0.0,0.0
7,1,0.0,0.0,0.0
7,1,0.0,0.0,0.0
7,1,0.0,0.0,0.0
7,1,0.0,0.0,0.0
7,1,0.0,0.0,0.0
7,1,0.0,0.0,0.0
7,1,0.0,0.0,0.0
7,1,0.0,0.0,0.0
7,1,0.0,0.0,0.0
7,1,0.0,0.0,0.0
7,1,0.0,0.0,0.0
7,1,0.0,0.0,0.0
7,1,0.0,0.0,0.0
7,1,0.0,0.0,0.0
7,1,0.0,0.0,0.0
7,1,0.0,0.0,0.0
7,1,0.0,0.0,0.0
7,1,0.0,0.0,0.0
7,1,0.0,0.0,0.0
7,1,0.0,0.0,0.0
7,1,0.0,0.0,0.0
7,1,0.0,0.0,0.0
7,1,0.0,0.0,0.0
7,1,0.0,0.0,0.0
7,1,0.0,0.0,0.0
7,1,0.0,0.0,0.0
7,1,0.0,0.0,0.0
7,1,0.0,0.0,0.0
7,1,0.0,0.0,0.0
7,1,0.0,0.0,0.0
7,1,0.0,0.0,0.0
7,1,0.0,0.0,0.0
7,1,0.0,0.0,0.0
7,1,0.0,0.0,0.0
7,1,0.0,0.0,0.0
7,1,0.0,0.0,0.0
7,1,0.0,0.0,0.0
7,1,0.0,0.0,0.0
7,1,0.0,0.0,0.0
7,1,0.0,0.0,0.0
7,1,0.0,0.0,0.0
7,1,0.0,0.0,0.0
7,1,0.0,0.0,0.0
7,1,0.0,0.0,0.0
7,1,0.0,0.0,0.0
7,1,0.0,0.0,0.0
7,1,0.0,0.0,0.0
7,1,0.0,0.0,0.0
7,1,0.0,0.0,0.0
7,1,0.0,0.0,0.0
7,1,0.0,0.0,0.0
7,1,0.0,0.0,0.0
7,1,0.0,0.0,0.0
7,1,0.0,0.0,0.0
7,1,0.0,0.0,0.0
7,1,0.0,0.0,0.0
7,1,0.0,0.0,0.0
7,1,0.0,0.0,0.0
7,1,0.0,0.0,0.0
7,1,0.0,0.0,0.0
7,1,0.0,0.0,0.0
7,1,0.0,0.0,0.0
7,1,0.0,0.0,0.0
7,1,0.0,0.0,0.0
7,1,0.0,0.0,0.0
7,1,0.0,0.0,0.0
7,1,0.0,0.0,0.0
7,1,0.0,0.0,0.0
7,1,0.0,0.0,0.0
7,1,0.0,0.0,0.0
7,1,0.0,0.0,0.0
7,1,0.0,0.0,0.0
7,1,0.0,0.0,0.0
7,1,0.0,0.0,0.0
7,1,0.0,0.0,0.0
7,1,0.0,0.0,0.0
7,1,0.0,0.0,0.0
7,1,0.0,0.0,0.0
7,1,0.0,0.0,0.0
7,1,0.0,0.0,0.0
7,1,0.0,0.0,0.0
7,1,0.0,0.0,0.0
7,1,0.0,0.0,0.0
7,1,0.0,0.0,0.0
7,1,0.0,0.0,0.0
7,1,0.0,0.0,0.0
7,1,0.0,0.0,0.0
7,1,0.0,0.0,0.0
7,1,0.0,0.0,0.0
7,1,0.0,0.0,0.0
7,1,0.0,0.0,0.0
7,1,0.0,0.0,0.0
7,1,0.0,0.0,0.0
7,1,0.0,0.0,0.0
7,1,0.0,0.0,0.0
7,1,0.0,0.0,0.0
7,1,0.0,0.0,0.0
7,1,0.0,0.0,0.0
7,1,0.0,0.0,0.0
7,1,0.0,0.0,0.0
7,1,0.0,0.0,0.0
7,1,0.0,0.0,0.0
7,1,0.0,0.0,0.0
7,1,0.0,0.0,0.0
7,1,0.0,0.0,0.0
7,1,0.0,0.0,0.0
7,1,0.0,0.0,0.0
7,1,0.0,0.0,0.0
7,1,0.0,0.0,0.0
7,1,0.0,0.0,0.0
7,1,0.0,0.0,0.0
7,1,0.0,0.0,0.0
7,1,0.0,0.0,0.0
7,1,0.0,0.0,0.0
7,1,0.0,0.0,0.0
7,1,0.0,0.0,0.0
7,1,0.0,0.0,0.0
7,1,0.0,0.0,0.0
7,1,0.0,0.0,0.0
7,1,0.0,0.0,0.0
7,1,0.0,0.0,0.0
7,1,0.0,0.0,0.0
7,1,0.0,0.0,0.0
7,1,0.0,0.0,0.0
7,1,0.0,0.0,0.0
7,1,0.0,0.0,0.0
7,1,0.0,0.0,0.0
7,1,0.0,0.0,0.0
7,1,0.0,0.0,0.0
7,1,0.0,0.0,0.0
7,1,0.0,0.0,0.0
7,1,0.0,0.0,0.0
7,1,0.0,0.0,0.0
7,1,0.0,0.0,0.0
7,1,0.0,0.0,0.0
7,1,0.0,0.0,0.0
7,1,0.0,0.0,0.0
7,1,0.0,0.0,0.0
7,1,0.0,0.0,0.0
7,1,0.0,0.0,0.0
7,1,0.0,0.0,0.0
7,1,0.0,0.0,0.0
7,1,0.0,0.0,0.0
7,1,0.0,0.0,0.0
7,1,0.0,0.0,0.0
7,1,0.0,0.0,0.0
7,1,0.0,0.0,0.0
7,1,0.0,0.0,0.0
7,1,0.0,0.0,0.0
7,1,0.0,0.0,0.0
7,1,0.0,0.0,0.0
7,1,0.0,0.0,0.0
7,1,0.0,0.0,0.0
7,1,0.0,0.0,0.0
7,1,0.0,0.0,0.0
7,1,0.0,0.0,0.0
7,1,0.0,0.0,0.0
7,1,0.0,0.0,0.0
7,1,0.0,0.0,0.0
7,1,0.0,0.0,0.0
7,1,0.0,0.0,0.0
7,1,0.0,0.0,0.0
7,1,0.0,0.0,0.0
7,1,0.0,0.0,0.0
7,1,0.0,0.0,0.0
7,1,0.0,0.0,0.0
7,1,0.0,0.0,0.0
7,1,0.0,0.0,0.0
7,1,0.0,0.0,0.0
7,1,0.0,0.0,0.0
7,1,0.0,0.0,0.0
7,1,0.0,0.0,0.0
7,1,0.0,0.0,0.0
7,1,0.0,0.0,0.0
7,1,0.0,0.0,0.0
7,1,0.0,0.0,0.0
7,1,0.0,0.0,0.0
7,1,0.0,0.0,0.0
7,1,0.0,0.0,0.0
7,1,0.0,0.0,0.0
7,1,0.0,0.0,0.0
7,1,0.0,0.0,0.0
7,1,0.0,0.0,0.0
7,1,0.0,0.0,0.0
7,1,0.0,0.0,0.0
7,1,0.0,0.0,0.0
7,1,0.0,0.0,0.0
7,1,0.0,0.0,0.0
7,1,0.0,0.0,0.0
7,1,0.0,0.0,0.0
7,1,0.0,0.0,0.0
7,1,0.0,0.0,0.0
7,1,0.0,0.0,0.0
7,1,0.0,0.0,0.0
7,1,0.0,0.0,0.0
7,1,0.0,0.0,0.0
7,1,0.0,0.0,0.0
7,1,0.0,0.0,0.0
7,1,0.0,0.0,0.0
7,1,0.0,0.0,0.0
7,1,0.0,0.0,0.0
7,1,0.0,0.0,0.0
7,1,0.0,0.0,0.0
7,1,0.0,0.0,0.0
7,1,0.0,0.0,0.0
7,1,0.0,0.0,0.0
7,1,0.0,0.0,0.0
7,1,0.0,0.0,0.0
7,1,0.0,0.0,0.0
7,1,0.0,0.0,0.0
7,1,0.0,0.0,0.0
7,1,0.0,0.0,0.0
7,1,0.0,0.0,0.0
7,1,0.0,0.0,0.0
7,1,0.0,0.0,0.0
7,1,0.0,0.0,0.0
7,1,0.0,0.0,0.0
7,1,0.0,0.0,0.0
7,1,0.0,0.0,0.0
7,1,0.0,0.0,0.0
7,1,0.0,0.0,0.0
7,1,0.0,0.0,0.0
7,1,0.0,0.0,0.0
7,1,0.0,0.0,0.0
7,1,0.0,0.0,0.0
7,1,0.0,0.0,0.0
7,1,0.0,0.0,0.0
7,1,0.0,0.0,0.0
7,1,0.0,0.0,0.0
7,1,0.0,0.0,0.0
7,1,0.0,0.0,0.0
7,1,0.0,0.0,0.0
7,1,0.0,0.0,0.0
7,1,0.0,0.0,0.0
7,1,0.0,0.0,0.0
7,1,0.0,0.0,0.0
7,1,0.0,0.0,0.0
7,1,0.0,0.0,0.0
7,1,0.0,0.0,0.0
7,1,0.0,0.0,0.0
7,1,0.0,0.0,0.0
7,1,0.0,0.0,0.0
7,1,0.0,0.0,0.0
7,1,0.0,0.0,0.0
7,1,0.0,0.0,0.0
7,1,0.0,0.0,0.0
7,1,0.0,0.0,0.0
7,1,0.0,0.0,0.0
7,1,0.0,0.0,0.0
7,1,0.0,0.0,0.0
7,1,0.0,0.0,0.0
7,1,0.0,0.0,0.0
7,1,0.0,0.0,13.200000000000001
7,1,0.0,0.0,0.0
7,1,0.0,0.0,0.0
7,1,0.0,0.0,0.0
7,1,0.0,0.0,0.0
7,1,0.0,0.0,0.0
7,1,0.0,0.0,0.0
7,1,0.0,0.0,0.0
7,1,0.0,0.0,0.0
7,1,0.0,0.0,0.0
7,1,0.0,0.0,0.0
7,1,0.0,0.0,0.0
7,1,0.0,0.0,0.0
7,1,0.0,0.0,0.0
7,1,0.0,0.0,0.0
7,1,0.0,0.0,0.0
7,1,0.0,0.0,0.0
7,1,0.0,0.0,0.0
7,1,0.0,0.0,0.0
7,1,0.0,0.0,0.0
7,1,0.0,0.0,0.0
7,1,0.0,0.0,0.0
7,1,0.0,0.0,0.0
7,1,0.0,0.0,0.0
7,1,0.0,0.0,0.0
7,1,0.0,0.0,0.0
7,1,0.0,0.0,0.0
7,1,0.0,0.0,0.0
7,1,0.0,0.0,0.0
7,1,0.0,0.0,0.0
7,1,0.0,0.0,0.0
7,1,0.0,0.0,0.0
7,1,0.0,0.0,0.0
7,1,0.0,0.0,0.0
7,1,0.0,0.0,0.0
7,1,0.0,0.0,0.0
7,1,0.0,0.0,0.0
7,1,0.0,0.0,0.0
7,1,0.0,0.0,0.0
7,1,0.0,0.0,0.0
7,1,0.0,0.0,0.0
7,1,0.0,0.0,0.0
7,1,0.0,0.0,0.0
7,1,0.0,0.0,0.0
7,1,0.0,0.0,0.0
7,1,0.0,0.0,0.0
7,1,0.0,0.0,0.0
7,1,0.0,0.0,0.0
7,1,0.0,0.0,0.0
7,1,0.0,0.0,0.0
7,1,0.0,0.0,0.0
7,1,0.0,0.0,0.0
7,1,0.0,0.0,0.0
7,1,0.0,0.0,0.0
7,1,0.0,0.0,0.0
7,1,0.0,0.0,0.0
7,1,0.0,0.0,0.0
7,1,0.0,0.0,0.0
7,1,0.0,0.0,0.0
7,1,0.0,0.0,0.0
7,1,0.0,0.0,0.0
7,1,0.0,0.0,0.0
7,1,0.0,0.0,0.0
7,1,0.0,0.0,0.0
7,1,0.0,0.0,0.0
7,1,0.0,0.0,0.0
7,1,0.0,0.0,0.0
7,1,0.0,0.0,0.0
7,1,0.0,0.0,0.0
7,1,0.0,0.0,0.0
7,1,0.0,0.0,0.0
7,1,0.0,0.0,0.0
7,1,0.0,0.0,0.0
7,1,0.0,0.0,0.0
7,1,0.0,0.0,0.0
7,1,0.0,0.0,0.0
7,1,0.0,0.0,0.0
7,1,0.0,0.0,0.0
7,1,0.0,0.0,0.0
7,1,0.0,0.0,0.0
7,1,0.0,0.0,0.0
7,1,0.0,0.0,0.0
7,1,0.0,0.0,0.0
7,1,0.0,0.0,0.0
7,1,0.0,0.0,0.0
7,1,0.0,0.0,0.0
7,1,0.0,0.0,0.0
7,1,0.0,0.0,0.0
7,1,0.0,0.0,0.0
7,1,0.0,0.0,0.0
7,1,0.0,0.0,0.0
7,1,0.0,0.0,0.0
7,1,0.0,0.0,0.0
7,1,0.0,0.0,0.0
7,1,0.0,0.0,0.0
7,1,0.0,0.0,0.0
7,1,0.0,0.0,0.0
7,1,0.0,0.0,0.0
7,1,0.0,0.0,0.0
7,1,0.0,0.0,0.0
7,1,0.0,0.0,0.0
7,1,0.0,0.0,0.0
7,1,0.0,0.0,0.0
7,1,0.0,0.0,0.0
7,1,0.0,0.0,0.0
7,1,0.0,0.0,0.0
7,1,0.0,0.0,0.0
7,1,0.0,0.0,0.0
7,1,0.0,0.0,0.0
7,1,0.0,0.0,0.0
7,1,0.0,0.0,0.0
7,1,0.0,0.0,0.0
7,1,0.0,0.0,0.0
7,1,0.0,0.0,0.0
7,1,0.0,0.0,0.0
7,1,0.0,0.0,0.0
7,1,0.0,0.0,0.0
7,1,0.0,0.0,0.0
7,1,0.0,0.0,0.0
7,1,0.0,0.0,0.0
7,1,0.0,0.0,0.0
7,1,0.0,0.0,0.0
7,1,0.0,0.0,0.0
7,1,0.0,0.0,0.0
7,1,0.0,0.0,0.0
7,1,0.0,0.0,0.0
7,1,0.0,0.0,0.0
7,1,0.0,0.0,0.0
7,1,0.0,0.0,0.0
7,1,0.0,0.0,0.0
7,1,0.0,0.0,0.0
7,1,0.0,0.0,0.0
7,1,0.0,0.0,0.0
7,1,0.0,0.0,0.0
7,1,0.0,0.0,0.0
7,1,0.0,0.0,0.0
7,1,0.0,0.0,0.0
7,1,0.0,0.0,0.0
7,1,0.0,0.0,0.0
7,1,0.0,0.0,0.0
7,1,0.0,0.0,0.0
7,1,0.0,0.0,0.0
7,1,0.0,0.0,0.0
7,1,0.0,0.0,0.0
7,1,0.0,0.0,0.0
7,1,0.0,0.0,0.0
7,1,0.0,0.0,0.0
7,1,0.0,0.0,0.0
7,1,0.0,0.0,0.0
7,1,0.0,0.0,0.0
7,1,0.0,0.0,0.0
7,1,0.0,0.0,0.0
7,1,0.0,0.0,0.0
7,1,0.0,0.0,0.0
7,1,0.0,0.0,0.0
7,1,0.0,0.0,0.0
7,1,0.0,0.0,0.0
7,1,0.0,0.0,0.0
7,1,0.0,0.0,0.0
7,1,0.0,0.0,0.0
7,1,0.0,0.0,0.0
7,1,0.0,0.0,0.0
7,1,0.0,0.0,0.0
7,1,0.0,0.0,0.0
7,1,0.0,0.0,0.0
7,1,0.0,0.0,0.0
7,1,0.0,0.0,0.0
7,1,0.0,0.0,0.0
7,1,0.0,0.0,0.0
7,1,0.0,0.0,0.0
7,1,0.0,0.0,0.0
7,1,0.0,0.0,0.0
7,1,0.0,0.0,0.0
7,1,0.0,0.0,0.0
7,1,0.0,0.0,0.0
7,1,0.0,0.0,0.0
7,1,0.0,0.0,0.0
7,1,0.0,0.0,0.0
7,1,0.0,0.0,0.0
7,1,0.0,0.0,0.0
7,1,0.0,0.0,0.0
7,1,0.0,0.0,0.0
7,1,0.0,0.0,0.0
7,1,0.0,0.0,0.0
7,1,0.0,0.0,0.0
7,1,0.0,0.0,0.0
7,1,0.0,0.0,0.0
7,1,0.0,0.0,0.0
7,1,0.0,0.0,0.0
7,1,0.0,0.0,0.0
7,1,0.0,0.0,0.0
7,1,0.0,0.0,0.0
7,1,0.0,0.0,0.0
7,1,0.0,0.0,0.0
7,1,0.0,0.0,0.0
7,1,0.0,0.0,0.0
7,1,0.0,0.0,0.0
7,1,0.0,0.0,0.0
7,1,0.0,0.0,0.0
7,1,0.0,0.0,0.0
7,1,0.0,0.0,0.0
7,1,0.0,0.0,0.0
7,1,0.0,0.0,0.0
7,1,0.0,0.0,0.0
7,1,0.0,0.0,0.0
7,1,0.0,0.0,0.0
7,1,0.0,0.0,0.0
7,1,0.0,0.0,0.0
7,1,0.0,0.0,0.0
7,1,0.0,0.0,0.0
7,1,0.0,0.0,0.0
7,1,0.0,0.0,0.0
7,1,0.0,0.0,0.0
7,1,0.0,0.0,0.0
7,1,0.0,0.0,0.0
7,1,0.0,0.0,0.0
7,1,0.0,0.0,0.0
7,1,0.0,0.0,0.0
7,1,0.0,0.0,0.0
7,1,0.0,0.0,0.0
7,1,0.0,0.0,0.0
7,1,0.0,0.0,0.0
7,1,0.0,0.0,0.0
7,1,0.0,0.0,0.0
7,1,0.0,0.0,0.0
7,1,0.0,0.0,0.0
7,1,0.0,0.0,0.0
7,1,0.0,0.0,0.0
7,1,0.0,0.0,0.0
7,1,0.0,0.0,0.0
7,1,0.0,0.0,0.0
7,1,0.0,0.0,0.0
7,1,0.0,0.0,0.0
7,1,0.0,0.0,0.0
7,1,0.0,0.0,0.0
7,1,0.0,0.0,0.0
7,1,0.0,0.0,0.0
7,1,0.0,0.0,0.0
7,1,0.0,0.0,0.0
7,1,0.0,0.0,0.0
7,1,0.0,0.0,0.0
7,1,0.0,0.0,0.0
7,1,0.0,0.0,0.0
7,1,0.0,0.0,0.0
7,1,0.0,0.0,0.0
7,1,0.0,0.0,0.0
7,1,0.0,0.0,0.0
7,1,0.0,0.0,0.0
7,1,0.0,0.0,0.0
7,1,0.0,0.0,0.0
7,1,0.0,0.0,0.0
7,1,0.0,0.0,0.0
7,1,0.0,0.0,0.0
7,1,0.0,0.0,0.0
7,1,0.0,0.0,0.0
7,1,0.0,0.0,0.0
7,1,0.0,0.0,0.0
7,1,0.0,0.0,0.0
7,1,0.0,0.0,0.0
7,1,0.0,0.0,0.0
7,1,0.0,0.0,0.0
7,1,0.0,0.0,0.0
7,1,0.0,0.0,0.0
7,1,0.0,0.0,0.0
7,1,0.0,0.0,0.0
7,1,0.0,0.0,0.0
7,1,0.0,0.0,0.0
7,1,0.0,0.0,0.0
7,1,0.0,0.0,0.0
7,1,0.0,0.0,0.0
7,1,0.0,0.0,0.0
7,1,0.0,0.0,0.0
7,1,0.0,0.0,0.0
7,1,0.0,0.0,0.0
7,1,0.0,0.0,0.0
7,1,0.0,0.0,0.0
7,1,0.0,0.0,0.0
7,1,0.0,0.0,0.0
7,1,0.0,0.0,0.0
7,1,0.0,0.0,0.0
7,1,0.0,0.0,0.0
7,1,0.0,0.0,0.0
7,1,0.0,0.0,0.0
7,1,0.0,0.0,0.0
7,1,0.0,0.0,0.0
7,1,0.0,0.0,0.0
7,1,0.0,0.0,0.0
7,1,0.0,0.0,0.0
7,1,0.0,0.0,0.0
7,1,0.0,0.0,0.0
7,1,0.0,0.0,0.0
7,1,0.0,0.0,0.0
7,1,0.0,0.0,0.0
7,1,0.0,0.0,0.0
7,1,0.0,0.0,0.0
7,1,0.0,0.0,0.0
7,1,0.0,0.0,0.0
7,1,0.0,0.0,0.0
7,1,0.0,0.0,0.0
7,1,0.0,0.0,0.0
7,1,0.0,0.0,0.0
7,1,0.0,0.0,0.0
7,1,0.0,0.0,0.0
7,1,0.0,0.0,0.0
7,1,0.0,0.0,0.0
7,1,0.0,0.0,0.0
7,1,0.0,0.0,0.0
7,1,0.0,0.0,0.0
7,1,0.0,0.0,0.0
7,1,0.0,0.0,0.0
7,1,0.0,0.0,0.0
7,1,0.0,0.0,0.0
7,1,0.0,0.0,0.0
7,1,0.0,0.0,0.0
7,1,0.0,0.0,0.0
7,1,0.0,0.0,0.0
7,1,0.0,0.0,0.0
7,1,0.0,0.0,0.0
7,1,0.0,0.0,0.0
7,1,0.0,0.0,0.0
7,1,0.0,0.0,0.0
7,1,0.0,0.0,0.0
7,1,0.0,0.0,0.0
7,1,0.0,0.0,0.0
7,1,0.0,0.0,0.0
7,1,0.0,0.0,0.0
7,1,0.0,0.0,0.0
7,1,0.0,0.0,0.0
7,1,0.0,0.0,0.0
7,1,0.0,0.0,0.0
7,1,0.0,0.0,0.0
7,1,0.0,0.0,0.0
7,1,0.0,0.0,0.0
7,1,0.0,0.0,0.0
7,1,0.0,0.0,0.0
7,1,0.0,0.0,0.0
7,1,0.0,0.0,0.0
7,1,0.0,0.0,0.0
7,1,0.0,0.0,0.0
7,1,0.0,0.0,0.0
7,1,0.0,0.0,0.0
7,1,0.0,0.0,0.0
7,1,0.0,0.0,0.0
7,1,0.0,0.0,0.0
7,1,0.0,0.0,0.0
7,1,0.0,0.0,0.0
7,1,0.0,0.0,0.0
7,1,0.0,0.0,0.0
7,1,0.0,0.0,0.0
7,1,0.0,0.0,0.0
7,1,0.0,0.0,0.0
7,1,0.0,0.0,0.0
7,1,0.0,0.0,0.0
7,1,0.0,0.0,0.0
7,1,0.0,0.0,0.0
7,1,0.0,0.0,0.0
7,1,0.0,0.0,0.0
7,1,0.0,0.0,0.0
7,1,0.0,0.0,0.0
7,1,0.0,0.0,0.0
7,1,0.0,0.0,0.0
7,1,0.0,0.0,0.0
7,1,0.0,0.0,0.0
7,1,0.0,0.0,0.0
7,1,0.0,0.0,0.0
7,1,0.0,0.0,0.0
7,1,0.0,0.0,0.0
7,1,0.0,0.0,0.0
7,1,0.0,0.0,0.0
7,1,0.0,0.0,0.0
7,1,0.0,0.0,0.0
7,1,0.0,0.0,0.0
7,1,0.0,0.0,0.0
7,1,0.0,0.0,0.0
7,1,0.0,0.0,0.0
7,1,0.0,0.0,0.0
7,1,0.0,0.0,0.0
7,1,0.0,0.0,0.0
7,1,0.0,0.0,0.0
7,1,0.0,0.0,0.0
7,1,0.0,0.0,0.0
7,1,0.0,0.0,0.0
7,1,0.0,0.0,0.0
7,1,0.0,0.0,0.0
7,1,0.0,0.0,0.0
7,1,0.0,0.0,0.0
7,1,0.0,0.0,0.0
7,1,0.0,0.0,0.0
7,1,0.0,0.0,0.0
7,1,0.0,0.0,0.0
7,1,0.0,0.0,0.0
7,1,0.0,0.0,0.0
7,1,0.0,0.0,0.0
7,1,0.0,0.0,0.0
7,1,0.0,0.0,0.0
7,1,0.0,0.0,0.0
7,1,0.0,0.0,0.0
7,1,0.0,0.0,0.0
7,1,0.0,0.0,0.0
7,1,0.0,0.0,0.0
7,1,0.0,0.0,0.0
7,1,0.0,0.0,0.0
7,1,0.0,0.0,0.0
7,1,0.0,0.0,0.0
7,1,0.0,0.0,0.0
7,1,0.0,0.0,0.0
7,1,0.0,0.0,0.0
7,1,0.0,0.0,0.0
7,1,0.0,0.0,0.0
7,1,0.0,0.0,0.0
7,1,0.0,0.0,0.0
7,1,0.0,0.0,0.0
7,1,0.0,0.0,0.0
7,1,0.0,0.0,0.0
7,1,0.0,0.0,0.0
7,1,0.0,0.0,0.0
7,1,0.0,0.0,0.0
7,1,0.0,0.0,0.0
7,1,0.0,0.0,0.0
7,1,0.0,0.0,0.0
7,1,0.0,0.0,0.0
7,1,0.0,0.0,0.0
7,1,0.0,0.0,0.0
7,1,0.0,0.0,0.0
7,1,0.0,0.0,0.0
7,1,0.0,0.0,0.0
7,1,0.0,0.0,0.0
7,1,0.0,0.0,0.0
7,1,0.0,0.0,0.0
7,1,0.0,0.0,0.0
7,1,0.0,0.0,0.0
7,1,0.0,0.0,0.0
7,1,0.0,0.0,0.0
7,1,0.0,0.0,0.0
7,1,0.0,0.0,0.0
7,1,0.0,0.0,0.0
7,1,0.0,0.0,0.0
7,1,0.0,0.0,0.0
7,1,0.0,0.0,0.0
7,1,0.0,0.0,0.0
7,1,0.0,0.0,0.0
7,1,0.0,0.0,0.0
7,1,0.0,0.0,0.0
7,1,0.0,0.0,0.0
7,1,0.0,0.0,0.0
7,1,0.0,0.0,0.0
7,1,0.0,0.0,0.0
7,1,0.0,0.0,0.0
7,1,0.0,0.0,0.0
7,1,0.0,0.0,0.0
7,1,0.0,0.0,0.0
7,1,0.0,0.0,0.0
7,1,0.0,0.0,0.0
7,1,0.0,0.0,0.0
7,1,0.0,0.0,0.0
7,1,0.0,0.0,0.0
7,1,0.0,0.0,0.0
7,1,0.0,0.0,0.0
7,1,0.0,0.0,0.0
7,1,0.0,0.0,0.0
7,1,0.0,0.0,0.0
7,1,0.0,0.0,0.0
7,1,0.0,0.0,0.0
7,1,0.0,0.0,0.0
7,1,0.0,0.0,0.0
7,1,0.0,0.0,0.0
7,1,0.0,0.0,0.0
7,1,0.0,0.0,0.0
7,1,0.0,0.0,0.0
7,1,0.0,0.0,0.0
7,1,0.0,0.0,0.0
7,1,0.0,0.0,0.0
7,1,0.0,0.0,0.0
7,1,0.0,0.0,0.0
7,1,0.0,0.0,0.0
7,1,0.0,0.0,0.0
7,1,0.0,0.0,0.0
7,1,0.0,0.0,0.0
7,1,0.0,0.0,60.720000000000006
7,1,0.0,0.0,0.0
7,1,0.0,0.0,0.0
7,1,0.0,0.0,0.0
7,1,0.0,0.0,0.0
7,1,0.0,0.0,0.0
7,1,0.0,0.0,0.0
7,1,0.0,0.0,0.0
7,1,0.0,0.0,0.0
7,1,0.0,0.0,0.0
7,1,0.0,0.0,0.0
7,1,0.0,0.0,0.0
7,1,0.0,0.0,0.0
7,1,0.0,0.0,0.0
7,1,0.0,0.0,0.0
7,1,0.0,0.0,0.0
7,1,0.0,0.0,0.0
7,1,0.0,0.0,0.0
7,1,0.0,0.0,0.0
7,1,0.0,0.0,0.0
7,1,0.0,0.0,0.0
7,1,0.0,0.0,0.0
7,1,0.0,0.0,0.0
7,1,0.0,0.0,0.0
7,1,0.0,0.0,0.0
7,1,0.0,0.0,0.0
7,1,0.0,0.0,0.0
7,1,0.0,0.0,0.0
7,1,0.0,0.0,0.0
7,1,0.0,0.0,0.0
7,1,0.0,0.0,0.0
7,1,0.0,0.0,0.0
7,1,0.0,0.0,0.0
7,1,0.0,0.0,0.0
7,1,0.0,0.0,0.0
7,1,0.0,0.0,0.0
7,1,0.0,0.0,0.0
7,1,0.0,0.0,0.0
7,1,0.0,0.0,0.0
7,1,0.0,0.0,0.0
7,1,0.0,0.0,0.0
7,1,0.0,0.0,0.0
7,1,0.0,0.0,0.0
7,1,0.0,0.0,0.0
7,1,0.0,0.0,0.0
7,1,0.0,0.0,0.0
7,1,0.0,0.0,0.0
7,1,0.0,0.0,0.0
7,1,0.0,0.0,0.0
7,1,0.0,0.0,0.0
7,1,0.0,0.0,0.0
7,1,0.0,0.0,0.0
7,1,0.0,0.0,0.0
7,1,0.0,0.0,0.0
7,1,0.0,0.0,0.0
7,1,0.0,0.0,0.0
7,1,0.0,0.0,0.0
7,1,0.0,0.0,0.0
7,1,0.0,0.0,0.0
7,1,0.0,0.0,0.0
7,1,0.0,0.0,0.0
7,1,0.0,0.0,0.0
7,1,0.0,0.0,0.0
7,1,0.0,0.0,0.0
7,1,0.0,0.0,0.0
7,1,0.0,0.0,0.0
7,1,0.0,0.0,0.0
7,1,0.0,0.0,0.0
7,1,0.0,0.0,0.0
7,1,0.0,0.0,0.0
7,1,0.0,0.0,0.0
7,1,0.0,0.0,0.0
7,1,0.0,0.0,0.0
7,1,0.0,0.0,0.0
7,1,0.0,0.0,0.0
7,1,0.0,0.0,0.0
7,1,0.0,0.0,0.0
7,1,0.0,0.0,0.0
7,1,0.0,0.0,0.0
7,1,0.0,0.0,0.0
7,1,0.0,0.0,0.0
7,1,0.0,0.0,0.0
7,1,0.0,0.0,0.0
7,1,0.0,0.0,0.0
7,1,0.0,0.0,0.0
7,1,0.0,0.0,0.0
7,1,0.0,0.0,0.0
7,1,0.0,0.0,0.0
7,1,0.0,0.0,0.0
7,1,0.0,0.0,0.0
7,1,0.0,0.0,0.0
7,1,0.0,0.0,0.0
7,1,0.0,0.0,0.0
7,1,0.0,0.0,36.96
7,1,0.0,0.0,0.0
7,1,0.0,0.0,0.0
7,1,0.0,0.0,0.0
7,1,0.0,0.0,0.0
7,1,0.0,0.0,0.0
7,1,0.0,0.0,0.0
7,1,0.0,0.0,0.0
7,1,0.0,0.0,0.0
7,1,0.0,0.0,0.0
7,1,0.0,0.0,0.0
7,1,0.0,0.0,0.0
7,1,0.0,0.0,0.0
7,1,0.0,0.0,0.0
7,1,0.0,0.0,0.0
7,1,0.0,0.0,0.0
7,1,0.0,0.0,0.0
7,1,0.0,0.0,0.0
7,1,0.0,0.0,0.0
7,1,0.0,0.0,0.0
7,1,0.0,0.0,0.0
7,1,0.0,0.0,0.0
7,1,0.0,0.0,0.0
7,1,0.0,0.0,0.0
7,1,0.0,0.0,0.0
7,1,0.0,0.0,0.0
7,1,0.0,0.0,0.0
7,1,0.0,0.0,0.0
7,1,0.0,0.0,0.0
7,1,0.0,0.0,0.0
7,1,0.0,0.0,0.0
7,1,0.0,0.0,0.0
7,1,0.0,0.0,0.0
7,1,0.0,0.0,0.0
7,1,0.0,0.0,0.0
7,1,0.0,0.0,0.0
7,1,0.0,0.0,0.0
7,1,0.0,0.0,0.0
7,1,0.0,0.0,0.0
7,1,0.0,0.0,0.0
7,1,0.0,0.0,0.0
7,1,0.0,0.0,0.0
7,1,0.0,0.0,0.0
7,1,0.0,0.0,0.0
7,1,0.0,0.0,0.0
7,1,0.0,0.0,0.0
7,1,0.0,0.0,0.0
7,1,0.0,0.0,0.0
7,1,0.0,0.0,0.0
7,1,0.0,0.0,0.0
7,1,0.0,0.0,0.0
7,1,0.0,0.0,0.0
7,1,0.0,0.0,0.0
7,1,0.0,0.0,43.56
7,1,0.0,0.0,0.0
7,1,0.0,0.0,0.0
7,1,0.0,0.0,0.0
7,1,0.0,0.0,0.0
7,1,0.0,0.0,0.0
7,1,0.0,0.0,0.0
7,1,0.0,0.0,0.0
7,1,0.0,0.0,0.0
7,1,0.0,0.0,0.0
7,1,0.0,0.0,0.0
7,1,0.0,0.0,0.0
7,1,0.0,0.0,0.0
7,1,0.0,0.0,0.0
7,1,0.0,0.0,0.0
7,1,0.0,0.0,0.0
7,1,0.0,0.0,0.0
7,1,0.0,0.0,0.0
7,1,0.0,0.0,0.0
7,1,0.0,0.0,0.0
7,1,0.0,0.0,0.0
7,1,0.0,0.0,0.0
7,1,0.0,0.0,0.0
7,1,0.0,0.0,0.0
7,1,0.0,0.0,0.0
7,1,0.0,0.0,0.0
7,1,0.0,0.0,0.0
7,1,0.0,0.0,0.0
7,1,0.0,0.0,0.0
7,1,0.0,0.0,0.0
7,1,0.0,0.0,0.0
7,1,0.0,0.0,0.0
7,1,0.0,0.0,0.0
7,1,0.0,0.0,0.0
7,1,0.0,0.0,0.0
7,1,0.0,0.0,0.0
7,1,0.0,0.0,0.0
7,1,0.0,0.0,0.0
7,1,0.0,0.0,0.0
7,1,0.0,0.0,0.0
7,1,0.0,0.0,0.0
7,1,0.0,0.0,0.0
7,1,0.0,0.0,0.0
7,1,0.0,0.0,0.0
7,1,0.0,0.0,0.0
7,1,0.0,0.0,0.0
7,1,0.0,0.0,0.0
7,1,0.0,0.0,0.0
7,1,0.0,0.0,0.0
7,1,0.0,0.0,0.0
7,1,0.0,0.0,0.0
7,1,0.0,0.0,0.0
7,1,0.0,0.0,0.0
7,1,0.0,0.0,0.0
7,1,0.0,0.0,0.0
7,1,0.0,0.0,0.0
7,1,0.0,0.0,0.0
7,1,0.0,0.0,0.0
7,1,0.0,0.0,0.0
7,1,0.0,0.0,0.0
7,1,0.0,0.0,0.0
7,1,0.0,0.0,0.0
7,1,0.0,0.0,0.0
7,1,0.0,0.0,0.0
7,1,0.0,0.0,0.0
7,1,0.0,0.0,0.0
7,1,0.0,0.0,0.0
7,1,0.0,0.0,0.0
7,1,0.0,0.0,0.0
7,1,0.0,0.0,0.0
7,1,0.0,0.0,0.0
7,1,0.0,0.0,0.0
7,1,0.0,0.0,0.0
7,1,0.0,0.0,0.0
7,1,0.0,0.0,0.0
7,1,0.0,0.0,0.0
7,1,0.0,0.0,0.0
7,1,0.0,0.0,0.0
7,1,0.0,0.0,0.0
7,1,0.0,0.0,0.0
7,1,0.0,0.0,0.0
7,1,0.0,0.0,0.0
7,1,0.0,0.0,0.0
7,1,0.0,0.0,0.0
7,1,0.0,0.0,0.0
7,1,0.0,0.0,0.0
7,1,0.0,0.0,0.0
7,1,0.0,0.0,0.0
7,1,0.0,0.0,0.0
7,1,0.0,0.0,0.0
7,1,0.0,0.0,0.0
7,1,0.0,0.0,0.0
7,1,0.0,0.0,0.0
7,1,0.0,0.0,0.0
7,1,0.0,0.0,0.0
7,1,0.0,0.0,0.0
7,1,0.0,0.0,0.0
7,1,0.0,0.0,0.0
7,1,0.0,0.0,0.0
7,1,0.0,0.0,0.0
7,1,0.0,0.0,0.0
7,1,0.0,0.0,0.0
7,1,0.0,0.0,0.0
7,1,0.0,0.0,0.0
7,1,0.0,0.0,0.0
7,1,0.0,0.0,0.0
7,1,0.0,0.0,0.0
7,1,0.0,0.0,0.0
7,1,0.0,0.0,0.0
7,1,0.0,0.0,0.0
7,1,0.0,0.0,0.0
7,1,0.0,0.0,0.0
7,1,0.0,0.0,0.0
7,1,0.0,0.0,0.0
7,1,0.0,0.0,0.0
7,1,0.0,0.0,0.0
7,1,0.0,0.0,0.0
7,1,0.0,0.0,0.0
7,1,0.0,0.0,0.0
7,1,0.0,0.0,0.0
7,1,0.0,0.0,0.0
7,1,0.0,0.0,0.0
7,1,0.0,0.0,0.0
7,1,0.0,0.0,0.0
7,1,0.0,0.0,0.0
7,1,0.0,0.0,0.0
7,1,0.0,0.0,0.0
7,1,0.0,0.0,0.0
7,1,0.0,0.0,0.0
7,1,0.0,0.0,0.0
7,1,0.0,0.0,0.0
7,1,0.0,0.0,0.0
7,1,0.0,0.0,0.0
7,1,0.0,0.0,0.0
7,1,0.0,0.0,0.0
7,1,0.0,0.0,0.0
7,1,0.0,0.0,0.0
7,1,0.0,0.0,0.0
7,1,0.0,0.0,0.0
7,1,0.0,0.0,0.0
7,1,0.0,0.0,0.0
7,1,0.0,0.0,0.0
7,1,0.0,0.0,0.0
7,1,0.0,0.0,0.0
7,1,0.0,0.0,0.0
7,1,0.0,0.0,0.0
7,1,0.0,0.0,0.0
7,1,0.0,0.0,0.0
7,1,0.0,0.0,0.0
7,1,0.0,0.0,0.0
7,1,0.0,0.0,0.0
7,1,0.0,0.0,0.0
7,1,0.0,0.0,0.0
7,1,0.0,0.0,0.0
7,1,0.0,0.0,0.0
7,1,0.0,0.0,0.0
7,1,0.0,0.0,0.0
7,1,0.0,0.0,0.0
7,1,0.0,0.0,0.0
7,1,0.0,0.0,0.0
7,1,0.0,0.0,0.0
7,1,0.0,0.0,0.0
7,1,0.0,0.0,0.0
7,1,0.0,0.0,0.0
7,1,0.0,0.0,0.0
7,1,0.0,0.0,0.0
7,1,0.0,0.0,0.0
7,1,0.0,0.0,0.0
7,1,0.0,0.0,0.0
7,1,0.0,0.0,0.0
7,1,0.0,0.0,0.0
7,1,0.0,0.0,0.0
7,1,0.0,0.0,0.0
7,1,0.0,0.0,0.0
7,1,0.0,0.0,0.0
7,1,0.0,0.0,0.0
7,1,0.0,0.0,0.0
7,1,0.0,0.0,0.0
7,1,0.0,0.0,0.0
7,1,0.0,0.0,0.0
7,1,0.0,0.0,0.0
7,1,0.0,0.0,0.0
7,1,0.0,0.0,0.0
7,1,0.0,0.0,0.0
7,1,0.0,0.0,0.0
7,1,0.0,0.0,0.0
7,1,0.0,0.0,0.0
7,1,0.0,0.0,0.0
7,1,0.0,0.0,0.0
7,1,0.0,0.0,0.0
7,1,0.0,0.0,0.0
7,1,0.0,0.0,0.0
7,1,0.0,0.0,0.0
7,1,0.0,0.0,0.0
7,1,0.0,0.0,0.0
7,1,0.0,0.0,0.0
7,1,0.0,0.0,0.0
7,1,0.0,0.0,0.0
7,1,0.0,0.0,0.0
7,1,0.0,0.0,0.0
7,1,0.0,0.0,0.0
7,1,0.0,0.0,0.0
7,1,0.0,0.0,0.0
7,1,0.0,0.0,0.0
7,1,0.0,0.0,0.0
7,1,0.0,0.0,0.0
7,1,0.0,0.0,0.0
7,1,0.0,0.0,0.0
7,1,0.0,0.0,0.0
7,1,0.0,0.0,0.0
7,1,0.0,0.0,0.0
7,1,0.0,0.0,0.0
7,1,0.0,0.0,0.0
7,1,0.0,0.0,0.0
7,1,0.0,0.0,0.0
7,1,0.0,0.0,0.0
7,1,0.0,0.0,0.0
7,1,0.0,0.0,0.0
7,1,0.0,0.0,0.0
7,1,0.0,0.0,0.0
7,1,0.0,0.0,0.0
7,1,0.0,0.0,0.0
7,1,0.0,0.0,0.0
7,1,0.0,0.0,0.0
7,1,0.0,0.0,0.0
7,1,0.0,0.0,0.0
7,1,0.0,0.0,0.0
7,1,0.0,0.0,0.0
7,1,0.0,0.0,0.0
7,1,0.0,0.0,0.0
7,1,0.0,0.0,0.0
7,1,0.0,0.0,0.0
7,1,0.0,0.0,0.0
7,1,0.0,0.0,0.0
7,1,0.0,0.0,0.0
7,1,0.0,0.0,0.0
7,1,0.0,0.0,0.0
7,1,0.0,0.0,0.0
7,1,0.0,0.0,0.0
7,1,0.0,0.0,0.0
7,1,0.0,0.0,0.0
7,1,0.0,0.0,0.0
7,1,0.0,0.0,0.0
7,1,0.0,0.0,0.0
7,1,0.0,0.0,0.0
7,1,0.0,0.0,0.0
7,1,0.0,0.0,0.0
7,1,0.0,0.0,0.0
7,1,0.0,0.0,0.0
7,1,0.0,0.0,0.0
7,1,0.0,0.0,0.0
7,1,0.0,0.0,0.0
7,1,0.0,0.0,0.0
7,1,0.0,0.0,0.0
7,1,0.0,0.0,0.0
7,1,0.0,0.0,0.0
7,1,0.0,0.0,0.0
7,1,0.0,0.0,0.0
7,1,0.0,0.0,0.0
7,1,0.0,0.0,0.0
7,1,0.0,0.0,0.0
7,1,0.0,0.0,0.0
7,1,0.0,0.0,0.0
7,1,0.0,0.0,0.0
7,1,0.0,0.0,0.0
7,1,0.0,0.0,0.0
7,1,0.0,0.0,0.0
7,1,0.0,0.0,0.0
7,1,0.0,0.0,0.0
7,1,0.0,0.0,0.0
7,1,0.0,0.0,0.0
7,1,0.0,0.0,0.0
7,1,0.0,0.0,0.0
7,1,0.0,0.0,0.0
7,1,0.0,0.0,0.0
7,1,0.0,0.0,0.0
7,1,0.0,0.0,0.0
7,1,0.0,0.0,0.0
7,1,0.0,0.0,0.0
7,1,0.0,0.0,0.0
7,1,0.0,0.0,0.0
7,1,0.0,0.0,0.0
7,1,0.0,0.0,0.0
7,1,0.0,0.0,0.0
7,1,0.0,0.0,0.0
7,1,0.0,0.0,0.0
7,1,0.0,0.0,0.0
7,1,0.0,0.0,0.0
7,1,0.0,0.0,0.0
7,1,0.0,0.0,0.0
7,1,0.0,0.0,0.0
7,1,0.0,0.0,0.0
7,1,0.0,0.0,0.0
7,1,0.0,0.0,0.0
7,1,0.0,0.0,0.0
7,1,0.0,0.0,0.0
7,1,0.0,0.0,0.0
7,1,0.0,0.0,0.0
7,1,0.0,0.0,0.0
7,1,0.0,0.0,0.0
7,1,0.0,0.0,0.0
7,1,0.0,0.0,0.0
7,1,0.0,0.0,0.0
7,1,0.0,0.0,0.0
7,1,0.0,0.0,0.0
7,1,0.0,0.0,0.0
7,1,0.0,0.0,0.0
7,1,0.0,0.0,0.0
7,1,0.0,0.0,0.0
7,1,0.0,0.0,0.0
7,1,0.0,0.0,0.0
7,1,0.0,0.0,0.0
7,1,0.0,0.0,0.0
7,1,0.0,0.0,0.0
7,1,0.0,0.0,0.0
7,1,0.0,0.0,0.0
7,1,0.0,0.0,0.0
7,1,0.0,0.0,0.0
7,1,0.0,0.0,0.0
7,1,0.0,0.0,0.0
7,1,0.0,0.0,0.0
7,1,0.0,0.0,0.0
7,1,0.0,0.0,0.0
7,1,0.0,0.0,0.0
7,1,0.0,0.0,0.0
7,1,0.0,0.0,0.0
7,1,0.0,0.0,0.0
7,1,0.0,0.0,0.0
7,1,0.0,0.0,0.0
7,1,0.0,0.0,0.0
7,1,0.0,0.0,0.0
7,1,0.0,0.0,0.0
7,1,0.0,0.0,0.0
7,1,0.0,0.0,0.0
7,1,0.0,0.0,0.0
7,1,0.0,0.0,0.0
7,1,0.0,0.0,0.0
7,1,0.0,0.0,0.0
7,1,0.0,0.0,0.0
7,1,0.0,0.0,0.0
7,1,0.0,0.0,0.0
7,1,0.0,0.0,0.0
7,1,0.0,0.0,0.0
7,1,0.0,0.0,0.0
7,1,0.0,0.0,0.0
7,1,0.0,0.0,0.0
7,1,0.0,0.0,0.0
7,1,0.0,0.0,0.0
7,1,0.0,0.0,0.0
7,1,0.0,0.0,0.0
7,1,0.0,0.0,0.0
7,1,0.0,0.0,0.0
7,1,0.0,0.0,0.0
7,1,0.0,0.0,0.0
7,1,0.0,0.0,0.0
7,1,0.0,0.0,0.0
7,1,0.0,0.0,0.0
7,1,0.0,0.0,0.0
7,1,0.0,0.0,0.0
7,1,0.0,0.0,0.0
7,1,0.0,0.0,0.0
7,1,0.0,0.0,0.0
7,1,0.0,0.0,0.0
7,1,0.0,0.0,0.0
7,1,0.0,0.0,0.0
7,1,0.0,0.0,0.0
7,1,0.0,0.0,0.0
7,1,0.0,0.0,0.0
7,1,0.0,0.0,0.0
7,1,0.0,0.0,0.0
7,1,0.0,0.0,0.0
7,1,0.0,0.0,0.0
7,1,0.0,0.0,0.0
7,1,0.0,0.0,0.0
7,1,0.0,0.0,0.0
7,1,0.0,0.0,0.0
7,1,0.0,0.0,0.0
7,1,0.0,0.0,0.0
7,1,0.0,0.0,0.0
7,1,0.0,0.0,0.0
7,1,0.0,0.0,0.0
7,1,0.0,0.0,0.0
7,1,0.0,0.0,0.0
7,1,0.0,0.0,0.0
7,1,0.0,0.0,0.0
7,1,0.0,0.0,0.0
7,1,0.0,0.0,0.0
7,1,0.0,0.0,0.0
7,1,0.0,0.0,0.0
7,1,0.0,0.0,0.0
7,1,0.0,0.0,0.0
7,1,0.0,0.0,0.0
7,1,0.0,0.0,0.0
7,1,0.0,0.0,0.0
7,1,0.0,0.0,0.0
7,1,0.0,0.0,0.0
7,1,0.0,0.0,0.0
7,1,0.0,0.0,0.0
7,1,0.0,0.0,0.0
7,1,0.0,0.0,0.0
7,1,0.0,0.0,0.0
7,1,0.0,0.0,0.0
7,1,0.0,0.0,0.0
7,1,0.0,0.0,0.0
7,1,0.0,0.0,0.0
7,1,0.0,0.0,0.0
7,1,0.0,0.0,0.0
7,1,0.0,0.0,0.0
7,1,0.0,0.0,0.0
7,1,0.0,0.0,0.0
7,1,0.0,0.0,0.0
7,1,0.0,0.0,0.0
7,1,0.0,0.0,0.0
7,1,0.0,0.0,0.0
7,1,0.0,0.0,0.0
7,1,0.0,0.0,0.0
7,1,0.0,0.0,0.0
7,1,0.0,0.0,0.0
7,1,0.0,0.0,0.0
7,1,0.0,0.0,0.0
7,1,0.0,0.0,0.0
7,1,0.0,0.0,40.92
7,1,0.0,0.0,0.0
7,1,0.0,0.0,0.0
7,1,0.0,0.0,0.0
7,1,0.0,0.0,0.0
7,1,0.0,0.0,0.0
7,1,0.0,0.0,0.0
7,1,0.0,0.0,0.0
7,1,0.0,0.0,0.0
7,1,0.0,0.0,0.0
7,1,0.0,0.0,0.0
7,1,0.0,0.0,0.0
7,1,0.0,0.0,0.0
7,1,0.0,0.0,0.0
7,1,0.0,0.0,0.0
7,1,0.0,0.0,0.0
7,1,0.0,0.0,0.0
7,1,0.0,0.0,0.0
7,1,0.0,0.0,0.0
7,1,0.0,0.0,0.0
7,1,0.0,0.0,0.0
7,1,0.0,0.0,0.0
7,1,0.0,0.0,0.0
7,1,0.0,0.0,0.0
7,1,0.0,0.0,0.0
7,1,0.0,0.0,0.0
7,1,0.0,0.0,0.0
7,1,0.0,0.0,0.0
7,1,0.0,0.0,0.0
7,1,0.0,0.0,0.0
7,1,0.0,0.0,0.0
7,1,0.0,0.0,0.0
7,1,0.0,0.0,0.0
7,1,0.0,0.0,0.0
7,1,0.0,0.0,0.0
7,1,0.0,0.0,0.0
7,1,0.0,0.0,0.0
7,1,0.0,0.0,0.0
7,1,0.0,0.0,0.0
7,1,0.0,0.0,0.0
7,1,0.0,0.0,0.0
7,1,0.0,0.0,0.0
7,1,0.0,0.0,0.0
7,1,0.0,0.0,0.0
7,1,0.0,0.0,0.0
7,1,0.0,0.0,0.0
7,1,0.0,0.0,0.0
7,1,0.0,0.0,0.0
7,1,0.0,0.0,0.0
7,1,0.0,0.0,0.0
7,1,0.0,0.0,0.0
7,1,0.0,0.0,0.0
7,1,0.0,0.0,0.0
7,1,0.0,0.0,0.0
7,1,0.0,0.0,0.0
7,1,0.0,0.0,0.0
7,1,0.0,0.0,0.0
7,1,0.0,0.0,0.0
7,1,0.0,0.0,0.0
7,1,0.0,0.0,0.0
7,1,0.0,0.0,0.0
7,1,0.0,0.0,0.0
7,1,0.0,0.0,0.0
7,1,0.0,0.0,0.0
7,1,0.0,0.0,0.0
7,1,0.0,0.0,0.0
7,1,0.0,0.0,0.0
7,1,0.0,0.0,0.0
7,1,0.0,0.0,0.0
7,1,0.0,0.0,0.0
7,1,0.0,0.0,0.0
7,1,0.0,0.0,0.0
7,1,0.0,0.0,0.0
7,1,0.0,0.0,0.0
7,1,0.0,0.0,0.0
7,1,0.0,0.0,0.0
7,1,0.0,0.0,0.0
7,1,0.0,0.0,0.0
7,1,0.0,0.0,0.0
7,1,0.0,0.0,0.0
7,1,0.0,0.0,0.0
7,1,0.0,0.0,0.0
7,1,0.0,0.0,0.0
7,1,0.0,0.0,0.0
7,1,0.0,0.0,0.0
7,1,0.0,0.0,0.0
7,1,0.0,0.0,0.0
7,1,0.0,0.0,0.0
7,1,0.0,0.0,0.0
7,1,0.0,0.0,0.0
7,1,0.0,0.0,0.0
7,1,0.0,0.0,0.0
7,1,0.0,0.0,0.0
7,1,0.0,0.0,0.0
7,1,0.0,0.0,0.0
7,1,0.0,0.0,0.0
7,1,0.0,0.0,0.0
7,1,0.0,0.0,0.0
7,1,0.0,0.0,0.0
7,1,0.0,0.0,0.0
7,1,0.0,0.0,0.0
7,1,0.0,0.0,0.0
7,1,0.0,0.0,0.0
7,1,0.0,0.0,0.0
7,1,0.0,0.0,0.0
7,1,0.0,0.0,0.0
7,1,0.0,0.0,0.0
7,1,0.0,0.0,0.0
7,1,0.0,0.0,0.0
7,1,0.0,0.0,0.0
7,1,0.0,0.0,0.0
7,1,0.0,0.0,0.0
7,1,0.0,0.0,0.0
7,1,0.0,0.0,0.0
7,1,0.0,0.0,0.0
7,1,0.0,0.0,0.0
7,1,0.0,0.0,0.0
7,1,0.0,0.0,0.0
7,1,0.0,0.0,0.0
7,1,0.0,0.0,0.0
7,1,0.0,0.0,0.0
7,1,0.0,0.0,0.0
7,1,0.0,0.0,0.0
7,1,0.0,0.0,0.0
7,1,0.0,0.0,0.0
7,1,0.0,0.0,0.0
7,1,0.0,0.0,0.0
7,1,0.0,0.0,0.0
7,1,0.0,0.0,0.0
7,1,0.0,0.0,0.0
7,1,0.0,0.0,0.0
7,1,0.0,0.0,0.0
7,1,0.0,0.0,0.0
7,1,0.0,0.0,0.0
7,1,0.0,0.0,0.0
7,1,0.0,0.0,0.0
7,1,0.0,0.0,0.0
7,1,0.0,0.0,0.0
7,1,0.0,0.0,0.0
7,1,0.0,0.0,0.0
7,1,0.0,0.0,0.0
7,1,0.0,0.0,0.0
7,1,0.0,0.0,0.0
7,1,0.0,0.0,0.0
7,1,0.0,0.0,0.0
7,1,0.0,0.0,0.0
7,1,0.0,0.0,0.0
7,1,0.0,0.0,0.0
7,1,0.0,0.0,0.0
7,1,0.0,0.0,0.0
7,1,0.0,0.0,0.0
7,1,0.0,0.0,0.0
7,1,0.0,0.0,0.0
7,1,0.0,0.0,0.0
7,1,0.0,0.0,0.0
7,1,0.0,0.0,0.0
7,1,0.0,0.0,0.0
7,1,0.0,0.0,0.0
7,1,0.0,0.0,0.0
7,1,0.0,0.0,0.0
7,1,0.0,0.0,0.0
7,1,0.0,0.0,0.0
7,1,0.0,0.0,0.0
7,1,0.0,0.0,0.0
7,1,0.0,0.0,0.0
7,1,0.0,0.0,0.0
7,1,0.0,0.0,0.0
7,1,0.0,0.0,0.0
7,1,0.0,0.0,0.0
7,1,0.0,0.0,0.0
7,1,0.0,0.0,0.0
7,1,0.0,0.0,0.0
7,1,0.0,0.0,0.0
7,1,0.0,0.0,0.0
7,1,0.0,0.0,0.0
7,1,0.0,0.0,0.0
7,1,0.0,0.0,0.0
7,1,0.0,0.0,0.0
7,1,0.0,0.0,0.0
7,1,0.0,0.0,0.0
7,1,0.0,0.0,0.0
7,1,0.0,0.0,0.0
7,1,0.0,0.0,0.0
7,1,0.0,0.0,0.0
7,1,0.0,0.0,0.0
7,1,0.0,0.0,0.0
7,1,0.0,0.0,0.0
7,1,0.0,0.0,0.0
7,1,0.0,0.0,0.0
7,1,0.0,0.0,0.0
7,1,0.0,0.0,0.0
7,1,0.0,0.0,0.0
7,1,0.0,0.0,0.0
7,1,0.0,0.0,0.0
7,1,0.0,0.0,0.0
7,1,0.0,0.0,0.0
7,1,0.0,0.0,0.0
7,1,0.0,0.0,0.0
7,1,0.0,0.0,0.0
7,1,0.0,0.0,0.0
7,1,0.0,0.0,0.0
7,1,0.0,0.0,0.0
7,1,0.0,0.0,0.0
7,1,0.0,0.0,0.0
7,1,0.0,0.0,0.0
7,1,0.0,0.0,0.0
7,1,0.0,0.0,0.0
7,1,0.0,0.0,0.0
7,1,0.0,0.0,0.0
7,1,0.0,0.0,0.0
7,1,0.0,0.0,0.0
7,1,0.0,0.0,0.0
7,1,0.0,0.0,0.0
7,1,0.0,0.0,0.0
7,1,0.0,0.0,0.0
7,1,0.0,0.0,0.0
7,1,0.0,0.0,0.0
7,1,0.0,0.0,0.0
7,1,0.0,0.0,0.0
7,1,0.0,0.0,0.0
7,1,0.0,0.0,0.0
7,1,0.0,0.0,0.0
7,1,0.0,0.0,0.0
7,1,0.0,0.0,0.0
7,1,0.0,0.0,0.0
7,1,0.0,0.0,0.0
7,1,0.0,0.0,0.0
7,1,0.0,0.0,0.0
7,1,0.0,0.0,0.0
7,1,0.0,0.0,0.0
7,1,0.0,0.0,0.0
7,1,0.0,0.0,0.0
7,1,0.0,0.0,0.0
7,1,0.0,0.0,0.0
7,1,0.0,0.0,0.0
7,1,0.0,0.0,0.0
7,1,0.0,0.0,0.0
7,1,0.0,0.0,0.0
7,1,0.0,0.0,0.0
7,1,0.0,0.0,0.0
7,1,0.0,0.0,0.0
7,1,0.0,0.0,0.0
7,1,0.0,0.0,0.0
7,1,0.0,0.0,0.0
7,1,0.0,0.0,0.0
7,1,0.0,0.0,0.0
7,1,0.0,0.0,0.0
7,1,0.0,0.0,0.0
7,1,0.0,0.0,0.0
7,1,0.0,0.0,0.0
7,1,0.0,0.0,0.0
7,1,0.0,0.0,0.0
7,1,0.0,0.0,0.0
7,1,0.0,0.0,0.0
7,1,0.0,0.0,0.0
7,1,0.0,0.0,0.0
7,1,0.0,0.0,0.0
7,1,0.0,0.0,0.0
7,1,0.0,0.0,0.0
7,1,0.0,0.0,0.0
7,1,0.0,0.0,0.0
7,1,0.0,0.0,0.0
7,1,0.0,0.0,0.0
7,1,0.0,0.0,0.0
7,1,0.0,0.0,0.0
7,1,0.0,0.0,0.0
7,1,0.0,0.0,0.0
7,1,0.0,0.0,0.0
7,1,0.0,0.0,0.0
7,1,0.0,0.0,0.0
7,1,0.0,0.0,0.0
7,1,0.0,0.0,0.0
7,1,0.0,0.0,0.0
7,1,0.0,0.0,0.0
7,1,0.0,0.0,0.0
7,1,0.0,0.0,0.0
7,1,0.0,0.0,0.0
7,1,0.0,0.0,0.0
7,1,0.0,0.0,0.0
7,1,0.0,0.0,0.0
7,1,0.0,0.0,0.0
7,1,0.0,0.0,0.0
7,1,0.0,0.0,0.0
7,1,0.0,0.0,0.0
7,1,0.0,0.0,0.0
7,1,0.0,0.0,0.0
7,1,0.0,0.0,0.0
7,1,0.0,0.0,0.0
7,1,0.0,0.0,0.0
7,1,0.0,0.0,0.0
7,1,0.0,0.0,0.0
7,1,0.0,0.0,0.0
7,1,0.0,0.0,0.0
7,1,0.0,0.0,0.0
7,1,0.0,0.0,0.0
7,1,0.0,0.0,0.0
7,1,0.0,0.0,0.0
7,1,0.0,0.0,0.0
7,1,0.0,0.0,0.0
7,1,0.0,0.0,0.0
7,1,0.0,0.0,0.0
7,1,0.0,0.0,0.0
7,1,0.0,0.0,0.0
7,1,0.0,0.0,0.0
7,1,0.0,0.0,0.0
7,1,0.0,0.0,0.0
7,1,0.0,0.0,0.0
7,1,0.0,0.0,0.0
7,1,0.0,0.0,0.0
7,1,0.0,0.0,0.0
7,1,0.0,0.0,0.0
7,1,0.0,0.0,0.0
7,1,0.0,0.0,0.0
7,1,0.0,0.0,0.0
7,1,0.0,0.0,0.0
7,1,0.0,0.0,0.0
7,1,0.0,0.0,0.0
7,1,0.0,0.0,0.0
7,1,0.0,0.0,0.0
7,1,0.0,0.0,0.0
7,1,0.0,0.0,0.0
7,1,0.0,0.0,0.0
7,1,0.0,0.0,0.0
7,1,0.0,0.0,0.0
7,1,0.0,0.0,0.0
7,1,0.0,0.0,0.0
7,1,0.0,0.0,0.0
7,1,0.0,0.0,0.0
7,1,0.0,0.0,0.0
7,1,0.0,0.0,0.0
7,1,0.0,0.0,0.0
7,1,0.0,0.0,0.0
7,1,0.0,0.0,0.0
7,1,0.0,0.0,0.0
7,1,0.0,0.0,0.0
7,1,0.0,0.0,0.0
7,1,0.0,0.0,0.0
7,1,0.0,0.0,0.0
7,1,0.0,0.0,0.0
7,1,0.0,0.0,0.0
7,1,0.0,0.0,0.0
7,1,0.0,0.0,0.0
7,1,0.0,0.0,0.0
7,1,0.0,0.0,0.0
7,1,0.0,0.0,0.0
7,1,0.0,0.0,0.0
7,1,0.0,0.0,0.0
7,1,0.0,0.0,0.0
7,1,0.0,0.0,0.0
7,1,0.0,0.0,0.0
7,1,0.0,0.0,0.0
7,1,0.0,0.0,0.0
7,1,0.0,0.0,0.0
7,1,0.0,0.0,0.0
7,1,0.0,0.0,0.0
7,1,0.0,0.0,0.0
7,1,0.0,0.0,0.0
7,1,0.0,0.0,0.0
7,1,0.0,0.0,0.0
7,1,0.0,0.0,0.0
7,1,0.0,0.0,0.0
7,1,0.0,0.0,0.0
7,1,0.0,0.0,0.0
7,1,0.0,0.0,0.0
7,1,0.0,0.0,0.0
7,1,0.0,0.0,0.0
7,1,0.0,0.0,0.0
7,1,0.0,0.0,0.0
7,1,0.0,0.0,0.0
7,1,0.0,0.0,0.0
7,1,0.0,0.0,0.0
7,1,0.0,0.0,0.0
7,1,0.0,0.0,0.0
7,1,0.0,0.0,0.0
7,1,0.0,0.0,0.0
7,1,0.0,0.0,0.0
7,1,0.0,0.0,0.0
7,1,0.0,0.0,0.0
7,1,0.0,0.0,0.0
7,1,0.0,0.0,0.0
7,1,0.0,0.0,0.0
7,1,0.0,0.0,0.0
7,1,0.0,0.0,0.0
7,1,0.0,0.0,0.0
7,1,0.0,0.0,0.0
7,1,0.0,0.0,0.0
7,1,0.0,0.0,0.0
7,1,0.0,0.0,0.0
7,1,0.0,0.0,0.0
7,1,0.0,0.0,0.0
7,1,0.0,0.0,0.0
7,1,0.0,0.0,0.0
7,1,0.0,0.0,0.0
7,1,0.0,0.0,0.0
7,1,0.0,0.0,0.0
7,1,0.0,0.0,0.0
7,1,0.0,0.0,0.0
7,1,0.0,0.0,0.0
7,1,0.0,0.0,0.0
7,1,0.0,0.0,0.0
7,1,0.0,0.0,0.0
7,1,0.0,0.0,0.0
7,1,0.0,0.0,0.0
7,1,0.0,0.0,0.0
7,1,0.0,0.0,0.0
7,1,0.0,0.0,0.0
7,1,0.0,0.0,0.0
7,1,0.0,0.0,0.0
7,1,0.0,0.0,0.0
7,1,0.0,0.0,0.0
7,1,0.0,0.0,0.0
7,1,0.0,0.0,0.0
7,1,0.0,0.0,0.0
7,1,0.0,0.0,0.0
7,1,0.0,0.0,0.0
7,1,0.0,0.0,0.0
7,1,0.0,0.0,0.0
7,1,0.0,0.0,0.0
7,1,0.0,0.0,0.0
7,1,0.0,0.0,0.0
7,1,0.0,0.0,0.0
7,1,0.0,0.0,0.0
7,1,0.0,0.0,0.0
7,1,0.0,0.0,0.0
7,1,0.0,0.0,0.0
7,1,0.0,0.0,0.0
7,1,0.0,0.0,0.0
7,1,0.0,0.0,0.0
7,1,0.0,0.0,0.0
7,1,0.0,0.0,0.0
7,1,0.0,0.0,0.0
7,1,0.0,0.0,0.0
7,1,0.0,0.0,0.0
7,1,0.0,0.0,0.0
7,1,0.0,0.0,0.0
7,1,0.0,0.0,0.0
7,1,0.0,0.0,0.0
7,1,0.0,0.0,0.0
7,1,0.0,0.0,0.0
7,1,0.0,0.0,0.0
7,1,0.0,0.0,0.0
7,1,0.0,0.0,0.0
7,1,0.0,0.0,0.0
7,1,0.0,0.0,0.0
7,1,0.0,0.0,0.0
7,1,0.0,0.0,0.0
7,1,0.0,0.0,0.0
7,1,0.0,0.0,0.0
7,1,0.0,0.0,0.0
7,1,0.0,0.0,0.0
7,1,0.0,0.0,0.0
7,1,0.0,0.0,0.0
7,1,0.0,0.0,0.0
7,1,0.0,0.0,0.0
7,1,0.0,0.0,0.0
7,1,0.0,0.0,0.0
7,1,0.0,0.0,0.0
7,1,0.0,0.0,0.0
7,1,0.0,0.0,0.0
7,1,0.0,0.0,0.0
7,1,0.0,0.0,0.0
7,1,0.0,0.0,0.0
7,1,0.0,0.0,0.0
7,1,0.0,0.0,0.0
7,1,0.0,0.0,0.0
7,1,0.0,0.0,0.0
7,1,0.0,0.0,0.0
7,1,0.0,0.0,0.0
7,1,0.0,0.0,0.0
7,1,0.0,0.0,0.0
7,1,0.0,0.0,0.0
7,1,0.0,0.0,0.0
7,1,0.0,0.0,0.0
7,1,0.0,0.0,0.0
7,1,0.0,0.0,0.0
7,1,0.0,0.0,0.0
7,1,0.0,0.0,0.0
7,1,0.0,0.0,0.0
7,1,0.0,0.0,0.0
7,1,0.0,0.0,0.0
7,1,0.0,0.0,0.0
7,1,0.0,0.0,0.0
7,1,0.0,0.0,0.0
7,1,0.0,0.0,0.0
7,1,0.0,0.0,0.0
7,1,0.0,0.0,0.0
7,1,0.0,0.0,0.0
7,1,0.0,0.0,0.0
7,1,0.0,0.0,0.0
7,1,0.0,0.0,0.0
7,1,0.0,0.0,0.0
7,1,0.0,0.0,0.0
7,1,0.0,0.0,0.0
7,1,0.0,0.0,0.0
7,1,0.0,0.0,0.0
7,1,0.0,0.0,0.0
7,1,0.0,0.0,0.0
7,1,0.0,0.0,0.0
7,1,0.0,0.0,0.0
7,1,0.0,0.0,0.0
7,1,0.0,0.0,0.0
7,1,0.0,0.0,0.0
7,1,0.0,0.0,0.0
7,1,0.0,0.0,0.0
7,1,0.0,0.0,0.0
7,1,0.0,0.0,0.0
7,1,0.0,0.0,0.0
7,1,0.0,0.0,0.0
7,1,0.0,0.0,0.0
7,1,0.0,0.0,0.0
7,1,0.0,0.0,0.0
7,1,0.0,0.0,0.0
7,1,0.0,0.0,0.0
7,1,0.0,0.0,0.0
7,1,0.0,0.0,0.0
7,1,0.0,0.0,0.0
7,1,0.0,0.0,0.0
7,1,0.0,0.0,0.0
7,1,0.0,0.0,0.0
7,1,0.0,0.0,0.0
7,1,0.0,0.0,0.0
7,1,0.0,0.0,0.0
7,1,0.0,0.0,0.0
7,1,0.0,0.0,0.0
7,1,0.0,0.0,0.0
7,1,0.0,0.0,0.0
7,1,0.0,0.0,0.0
7,1,0.0,0.0,0.0
7,1,0.0,0.0,0.0
7,1,0.0,0.0,0.0
7,1,0.0,0.0,0.0
7,1,0.0,0.0,0.0
7,1,0.0,0.0,0.0
7,1,0.0,0.0,0.0
7,1,0.0,0.0,0.0
7,1,0.0,0.0,0.0
7,1,0.0,0.0,0.0
7,1,0.0,0.0,0.0
7,1,0.0,0.0,0.0
7,1,0.0,0.0,0.0
7,1,0.0,0.0,0.0
7,1,0.0,0.0,0.0
7,1,0.0,0.0,0.0
7,1,0.0,0.0,0.0
7,1,0.0,0.0,0.0
7,1,0.0,0.0,0.0
7,1,0.0,0.0,0.0
7,1,0.0,0.0,0.0
7,1,0.0,0.0,0.0
7,1,0.0,0.0,0.0
7,1,0.0,0.0,0.0
7,1,0.0,0.06782415572550349,30.360000000000003
7,1,0.0,0.0,0.0
7,1,0.0,0.0,0.0
7,1,0.0,0.0,0.0
7,1,0.0,0.0,0.0
7,1,0.0,0.0,0.0
7,1,0.0,0.0,0.0
7,1,0.0,0.0,0.0
7,1,0.0,0.0,0.0
7,1,0.0,0.0,0.0
7,1,0.0,0.0,0.0
7,1,0.0,0.0,0.0
7,1,0.0,0.0,0.0
7,1,0.0,0.0,0.0
7,1,0.0,0.0,0.0
7,1,0.0,0.0,0.0
7,1,0.0,0.0,0.0
7,1,0.0,0.0,0.0
7,1,0.0,0.0,0.0
7,1,0.0,0.0,0.0
7,1,0.0,0.0,0.0
7,1,0.0,0.0,0.0
7,1,0.0,0.0,0.0
7,1,0.0,0.0,0.0
7,1,0.0,0.0,0.0
7,1,0.0,0.0,0.0
7,1,0.0,0.0,0.0
7,1,0.0,0.0,0.0
7,1,0.0,0.0,0.0
7,1,0.0,0.0,0.0
7,1,0.0,0.0,0.0
7,1,0.0,0.0,0.0
7,1,0.0,0.0,0.0
7,1,0.0,0.0,0.0
7,1,0.0,0.0,0.0
7,1,0.0,0.0,0.0
7,1,0.0,0.0,0.0
7,1,0.0,0.0,0.0
7,1,0.0,0.0,0.0
7,1,0.0,0.0,0.0
7,1,0.0,0.0,0.0
7,1,0.0,0.0,0.0
7,1,0.0,0.0,0.0
7,1,0.0,0.0,0.0
7,1,0.0,0.0,0.0
7,1,0.0,0.0,0.0
7,1,0.0,0.0,0.0
7,1,0.0,0.0,0.0
7,1,0.0,0.0,0.0
7,1,0.0,0.0,0.0
7,1,0.0,0.0,0.0
7,1,0.0,0.0,0.0
7,1,0.0,0.0,0.0
7,1,0.0,0.0,0.0
7,1,0.0,0.0,0.0
7,1,0.0,0.0,0.0
7,1,0.0,0.0,0.0
7,1,0.0,0.0,0.0
7,1,0.0,0.0,0.0
7,1,0.0,0.0,0.0
7,1,0.0,0.0,0.0
7,1,0.0,0.0,0.0
7,1,0.0,0.0,0.0
7,1,0.0,0.0,0.0
7,1,0.0,0.0,0.0
7,1,0.0,0.0,0.0
7,1,0.0,0.0,0.0
7,1,0.0,0.0,0.0
7,1,0.0,0.0,0.0
7,1,0.0,0.0,0.0
7,1,0.0,0.0,0.0
7,1,0.0,0.0,0.0
7,1,0.0,0.0,0.0
7,1,0.0,0.0,0.0
7,1,0.0,0.0,0.0
7,1,0.0,0.0,0.0
7,1,0.0,0.0,0.0
7,1,0.0,0.0,0.0
7,1,0.0,0.0,0.0
7,1,0.0,0.0,0.0
7,1,0.0,0.0,0.0
7,1,0.0,0.0,0.0
7,1,0.0,0.0,0.0
7,1,0.0,0.0,0.0
7,1,0.0,0.0,0.0
7,1,0.0,0.0,0.0
7,1,0.0,0.0,0.0
7,1,0.0,0.0,0.0
7,1,0.0,0.0,0.0
7,1,0.0,0.0,0.0
7,1,0.0,0.0,0.0
7,1,0.0,0.0,0.0
7,1,0.0,0.0,0.0
7,1,0.0,0.0,0.0
7,1,0.0,0.0,0.0
7,1,0.0,0.0,0.0
7,1,0.0,0.0,0.0
7,1,0.0,0.0,0.0
7,1,0.0,0.0,0.0
7,1,0.0,0.0,0.0
7,1,0.0,0.0,0.0
7,1,0.0,0.0,0.0
7,1,0.0,0.0,0.0
7,1,0.0,0.0,0.0
7,1,0.0,0.0,0.0
7,1,0.0,0.0,0.0
7,1,0.0,0.0,0.0
7,1,0.0,0.0,0.0
7,1,0.0,0.0,0.0
7,1,0.0,0.0,0.0
7,1,0.0,0.0,0.0
7,1,0.0,0.0,0.0
7,1,0.0,0.0,0.0
7,1,0.0,0.0,0.0
7,1,0.0,0.0,0.0
7,1,0.0,0.0,0.0
7,1,0.0,0.0,0.0
7,1,0.0,0.0,0.0
7,1,0.0,0.0,0.0
7,1,0.0,0.0,0.0
7,1,0.0,0.0,0.0
7,1,0.0,0.0,0.0
7,1,0.0,0.0,0.0
7,1,0.0,0.0,0.0
7,1,0.0,0.0,0.0
7,1,0.0,0.0,0.0
7,1,0.0,0.0,0.0
7,1,0.0,0.0,0.0
7,1,0.0,0.0,0.0
7,1,0.0,0.0,0.0
7,1,0.0,0.0,0.0
7,1,0.0,0.0,0.0
7,1,0.0,0.0,0.0
7,1,0.0,0.0,0.0
7,1,0.0,0.0,0.0
7,1,0.0,0.0,0.0
7,1,0.0,0.0,0.0
7,1,0.0,0.0,0.0
7,1,0.0,0.0,0.0
7,1,0.0,0.0,0.0
7,1,0.0,0.0,0.0
7,1,0.0,0.0,0.0
7,1,0.0,0.0,0.0
7,1,0.0,0.0,0.0
7,1,0.0,0.0,0.0
7,1,0.0,0.0,0.0
7,1,0.0,0.0,0.0
7,1,0.0,0.0,0.0
7,1,0.0,0.0,0.0
7,1,0.0,0.0,0.0
7,1,0.0,0.0,0.0
7,1,0.0,0.0,0.0
7,1,0.0,0.0,0.0
7,1,0.0,0.0,0.0
7,1,0.0,0.0,0.0
7,1,0.0,0.0,0.0
7,1,0.0,0.0,0.0
7,1,0.0,0.0,0.0
7,1,0.0,0.0,0.0
7,1,0.0,0.0,0.0
7,1,0.0,0.0,0.0
7,1,0.0,0.0,0.0
7,1,0.0,0.0,0.0
7,1,0.0,0.0,0.0
7,1,0.0,0.0,0.0
7,1,0.0,0.0,0.0
7,1,0.0,0.0,0.0
7,1,0.0,0.0,0.0
7,1,0.0,0.0,0.0
7,1,0.0,0.0,0.0
7,1,0.0,0.0,0.0
7,1,0.0,0.0,0.0
7,1,0.0,0.0,0.0
7,1,0.0,0.0,0.0
7,1,0.0,0.0,0.0
7,1,0.0,0.0,0.0
7,1,0.0,0.0,0.0
7,1,0.0,0.0,0.0
7,1,0.0,0.0,0.0
7,1,0.0,0.0,0.0
7,1,0.0,0.0,0.0
7,1,0.0,0.0,0.0
7,1,0.0,0.0,0.0
7,1,0.0,0.0,0.0
7,1,0.0,0.0,0.0
7,1,0.0,0.0,0.0
7,1,0.0,0.0,0.0
7,1,0.0,0.0,0.0
7,1,0.0,0.0,0.0
7,1,0.0,0.0,0.0
7,1,0.0,0.0,0.0
7,1,0.0,0.0,0.0
7,1,0.0,0.0,0.0
7,1,0.0,0.0,0.0
7,1,0.0,0.0,0.0
7,1,0.0,0.0,0.0
7,1,0.0,0.0,0.0
7,1,0.0,0.0,0.0
7,1,0.0,0.0,0.0
7,1,0.0,0.0,0.0
7,1,0.0,0.0,0.0
7,1,0.0,0.0,0.0
7,1,0.0,0.0,0.0
7,1,0.0,0.0,0.0
7,1,0.0,0.0,0.0
7,1,0.0,0.0,0.0
7,1,0.0,0.0,0.0
7,1,0.0,0.0,0.0
7,1,0.0,0.0,0.0
7,1,0.0,0.0,0.0
7,1,0.0,0.0,0.0
7,1,0.0,0.0,0.0
7,1,0.022158024367254114,0.0,5.28
7,1,0.0,0.0,0.0
7,1,0.0,0.0,0.0
7,1,0.0,0.0,0.0
7,1,0.0,0.0,0.0
7,1,0.0,0.0,0.0
7,1,0.0,0.0,0.0
7,1,0.0,0.0,0.0
7,1,0.0,0.0,0.0
7,1,0.0,0.0,0.0
7,1,0.0,0.0,0.0
7,1,0.0,0.0,0.0
7,1,0.0,0.0,0.0
7,1,0.0,0.0,0.0
7,1,0.0,0.0,0.0
7,1,0.0,0.0,0.0
7,1,0.0,0.0,0.0
7,1,0.0,0.0,0.0
7,1,0.0,0.0,0.0
7,1,0.0,0.0,0.0
7,1,0.0,0.0,0.0
7,1,0.0,0.0,0.0
7,1,0.0,0.0,0.0
7,1,0.0,0.0,0.0
7,1,0.0,0.0,0.0
7,1,0.0,0.0,0.0
7,1,0.0,0.0,0.0
7,1,0.0,0.0,0.0
7,1,0.0,0.0,0.0
7,1,0.0,0.0,0.0
7,1,0.0,0.0,0.0
7,1,0.0,0.0,0.0
7,1,0.0,0.0,0.0
7,1,0.0,0.0,0.0
7,1,0.0,0.0,0.0
7,1,0.0,0.0,0.0
7,1,0.0,0.0,0.0
7,1,0.0,0.0,0.0
7,1,0.0,0.0,0.0
7,1,0.0,0.0,0.0
7,1,0.0,0.0,0.0
7,1,0.0,0.0,0.0
7,1,0.0,0.0,0.0
7,1,0.0,0.0,0.0
7,1,0.0,0.0,0.0
7,1,0.0,0.0,0.0
7,1,0.0,0.0,0.0
7,1,0.0,0.0,0.0
7,1,0.0,0.0,0.0
7,1,0.0,0.0,0.0
7,1,0.0,0.0,0.0
7,1,0.0,0.0,0.0
7,1,0.0,0.0,0.0
7,1,0.0,0.0,0.0
7,1,0.0,0.0,0.0
7,1,0.0,0.0,0.0
7,1,0.0,0.0,0.0
7,1,0.0,0.0,0.0
7,1,0.0,0.0,0.0
7,1,0.0,0.0,0.0
7,1,0.0,0.0,0.0
7,1,0.0,0.0,0.0
7,1,0.0,0.0,0.0
7,1,0.0,0.0,0.0
7,1,0.0,0.0,0.0
7,1,0.0,0.0,0.0
7,1,0.0,0.0,0.0
7,1,0.0,0.0,0.0
7,1,0.0,0.0,0.0
7,1,0.0,0.0,0.0
7,1,0.0,0.0,0.0
7,1,0.0,0.0,0.0
7,1,0.0,0.0,0.0
7,1,0.0,0.0,0.0
7,1,0.0,0.0,0.0
7,1,0.0,0.0,0.0
7,1,0.0,0.0,0.0
7,1,0.0,0.0,0.0
7,1,0.0,0.0,0.0
7,1,0.0,0.0,0.0
7,1,0.0,0.0,0.0
7,1,0.0,0.0,0.0
7,1,0.0,0.0,0.0
7,1,0.0,0.0,0.0
7,1,0.0,0.0,0.0
7,1,0.0,0.0,0.0
7,1,0.0,0.0,0.0
7,1,0.0,0.0,0.0
7,1,0.0,0.0,0.0
7,1,0.0,0.0,0.0
7,1,0.0,0.0,0.0
7,1,0.0,0.0,0.0
7,1,0.0,0.0,0.0
7,1,0.0,0.0,0.0
7,1,0.0,0.0,0.0
7,1,0.0,0.0,0.0
7,1,0.0,0.0,0.0
7,1,0.0,0.0,0.0
7,1,0.0,0.0,0.0
7,1,0.0,0.0,0.0
7,1,0.0,0.0,0.0
7,1,0.0,0.0,0.0
7,1,0.0,0.0,0.0
7,1,0.0,0.0,0.0
7,1,0.0,0.0,0.0
7,1,0.0,0.0,0.0
7,1,0.0,0.0,0.0
7,1,0.0,0.0,0.0
7,1,0.0,0.0,0.0
7,1,0.0,0.0,0.0
7,1,0.0,0.0,0.0
7,1,0.0,0.0,0.0
7,1,0.0,0.0,0.0
7,1,0.0,0.0,0.0
7,1,0.0,0.0,0.0
7,1,0.0,0.0,0.0
7,1,0.0,0.0,0.0
7,1,0.0,0.0,0.0
7,1,0.0,0.0,0.0
7,1,0.0,0.0,0.0
7,1,0.0,0.0,0.0
7,1,0.0,0.0,0.0
7,1,0.0,0.0,0.0
7,1,0.0,0.0,0.0
7,1,0.0,0.0,0.0
7,1,0.0,0.0,0.0
7,1,0.0,0.0,0.0
7,1,0.0,0.0,0.0
7,1,0.0,0.0,0.0
7,1,0.0,0.0,0.0
7,1,0.0,0.0,0.0
7,1,0.0,0.0,0.0
7,1,0.0,0.0,0.0
7,1,0.0,0.0,0.0
7,1,0.0,0.0,0.0
7,1,0.0,0.0,0.0
7,1,0.0,0.0,0.0
7,1,0.0,0.0,0.0
7,1,0.0,0.0,0.0
7,1,0.0,0.0,0.0
7,1,0.0,0.0,0.0
7,1,0.0,0.0,0.0
7,1,0.0,0.0,0.0
7,1,0.0,0.0,0.0
7,1,0.0,0.0,0.0
7,1,0.0,0.0,0.0
7,1,0.0,0.0,0.0
7,1,0.0,0.0,0.0
7,1,0.0,0.0,0.0
7,1,0.0,0.0,0.0
7,1,0.0,0.0,0.0
7,1,0.0,0.0,0.0
7,1,0.0,0.0,0.0
7,1,0.0,0.0,0.0
7,1,0.0,0.0,0.0
7,1,0.0,0.0,0.0
7,1,0.0,0.0,0.0
7,1,0.0,0.0,0.0
7,1,0.0,0.0,0.0
7,1,0.0,0.0,0.0
7,1,0.0,0.0,0.0
7,1,0.0,0.0,0.0
7,1,0.0,0.0,0.0
7,1,0.0,0.0,0.0
7,1,0.0,0.0,0.0
7,1,0.0,0.0,0.0
7,1,0.0,0.0,0.0
7,1,0.0,0.0,0.0
7,1,0.0,0.0,0.0
7,1,0.0,0.0,0.0
7,1,0.0,0.0,0.0
7,1,0.0,0.0,0.0
7,1,0.0,0.0,0.0
7,1,0.0,0.0,0.0
7,1,0.0,0.0,0.0
7,1,0.0,0.0,0.0
7,1,0.0,0.0,0.0
7,1,0.0,0.0,0.0
7,1,0.0,0.0,0.0
7,1,0.0,0.0,0.0
7,1,0.0,0.0,0.0
7,1,0.0,0.0,0.0
7,1,0.0,0.0,0.0
7,1,0.0,0.0,0.0
7,1,0.0,0.0,0.0
7,1,0.0,0.0,0.0
7,1,0.0,0.0,0.0
7,1,0.0,0.0,0.0
7,1,0.0,0.0,0.0
7,1,0.0,0.0,0.0
7,1,0.0,0.0,0.0
7,1,0.0,0.0,0.0
7,1,0.0,0.0,0.0
7,1,0.0,0.0,0.0
7,1,0.0,0.0,0.0
7,1,0.0,0.0,0.0
7,1,0.0,0.0,0.0
7,1,0.0,0.0,0.0
7,1,0.0,0.0,0.0
7,1,0.0,0.0,0.0
7,1,0.0,0.0,0.0
7,1,0.0,0.0,0.0
7,1,0.0,0.0,0.0
7,1,0.0,0.0,0.0
7,1,0.0,0.0,0.0
7,1,0.0,0.0,0.0
7,1,0.0,0.0,0.0
7,1,0.0,0.0,0.0
7,1,0.0,0.0,0.0
7,1,0.0,0.0,0.0
7,1,0.0,0.0,0.0
7,1,0.0,0.0,0.0
7,1,0.0,0.0,0.0
7,1,0.0,0.0,0.0
7,1,0.0,0.0,0.0
7,1,0.0,0.0,0.0
7,1,0.0,0.0,0.0
7,1,0.0,0.0,0.0
7,1,0.0,0.0,0.0
7,1,0.0,0.0,0.0
7,1,0.0,0.0,0.0
7,1,0.0,0.0,0.0
7,1,0.0,0.0,0.0
7,1,0.0,0.0,0.0
7,1,0.0,0.0,0.0
7,1,0.0,0.0,0.0
7,1,0.0,0.0,0.0
7,1,0.0,0.0,0.0
7,1,0.0,0.0,0.0
7,1,0.0,0.0,0.0
7,1,0.0,0.0,0.0
7,1,0.0,0.0,0.0
7,1,0.0,0.0,0.0
7,1,0.0,0.0,0.0
7,1,0.0,0.0,0.0
7,1,0.0,0.0,0.0
7,1,0.0,0.0,0.0
7,1,0.0,0.0,0.0
7,1,0.0,0.0,0.0
7,1,0.0,0.0,0.0
7,1,0.0,0.0,0.0
7,1,0.0,0.0,0.0
7,1,0.0,0.0,0.0
7,1,0.0,0.0,0.0
7,1,0.0,0.0,0.0
7,1,0.0,0.0,0.0
7,1,0.0,0.0,0.0
7,1,0.0,0.0,0.0
7,1,0.0,0.0,0.0
7,1,0.0,0.0,0.0
7,1,0.0,0.0,0.0
7,1,0.0,0.0,0.0
7,1,0.0,0.0,0.0
7,1,0.0,0.0,0.0
7,1,0.0,0.0,0.0
7,1,0.0,0.0,0.0
7,1,0.0,0.0,0.0
7,1,0.0,0.0,0.0
7,1,0.0,0.0,0.0
7,1,0.0,0.0,0.0
7,1,0.0,0.0,0.0
7,1,0.0,0.0,0.0
7,1,0.0,0.0,0.0
7,1,0.0,0.0,0.0
7,1,0.0,0.0,0.0
7,1,0.0,0.0,0.0
7,1,0.0,0.0,0.0
7,1,0.0,0.0,0.0
7,1,0.0,0.0,0.0
7,1,0.0,0.0,0.0
7,1,0.0,0.0,0.0
7,1,0.0,0.0,0.0
7,1,0.0,0.0,0.0
7,1,0.0,0.0,0.0
7,1,0.0,0.0,0.0
7,1,0.0,0.0,0.0
7,1,0.0,0.0,0.0
7,1,0.0,0.0,0.0
7,1,0.0,0.0,0.0
7,1,0.0,0.0,0.0
7,1,0.0,0.0,0.0
7,1,0.0,0.0,0.0
7,1,0.0,0.0,0.0
7,1,0.0,0.0,0.0
7,1,0.0,0.0,0.0
7,1,0.0,0.0,0.0
7,1,0.0,0.0,0.0
7,1,0.0,0.0,0.0
7,1,0.0,0.0,0.0
7,1,0.0,0.0,0.0
7,1,0.0,0.0,0.0
7,1,0.0,0.0,0.0
7,1,0.0,0.0,0.0
7,1,0.0,0.0,0.0
7,1,0.0,0.0,0.0
7,1,0.0,0.0,0.0
7,1,0.0,0.0,0.0
7,1,0.0,0.0,0.0
7,1,0.0,0.0,0.0
7,1,0.0,0.0,0.0
7,1,0.0,0.0,0.0
7,1,0.0,0.0,0.0
7,1,0.0,0.0,0.0
7,1,0.0,0.0,0.0
7,1,0.0,0.0,0.0
7,1,0.0,0.0,0.0
7,1,0.0,0.0,0.0
7,1,0.0,0.0,0.0
7,1,0.0,0.0,0.0
7,1,0.0,0.0,0.0
7,1,0.0,0.0,0.0
7,1,0.0,0.0,0.0
7,1,0.0,0.0,0.0
7,1,0.0,0.0,0.0
7,1,0.0,0.0,0.0
7,1,0.0,0.0,0.0
7,1,0.0,0.0,0.0
7,1,0.0,0.0,0.0
7,1,0.0,0.0,0.0
7,1,0.0,0.0,0.0
7,1,0.0,0.0,0.0
7,1,0.0,0.0,0.0
7,1,0.0,0.0,0.0
7,1,0.0,0.0,0.0
7,1,0.0,0.0,0.0
7,1,0.0,0.0,0.0
7,1,0.0,0.0,0.0
7,1,0.0,0.0,0.0
7,1,0.0,0.0,0.0
7,1,0.0,0.0,0.0
7,1,0.0,0.0,0.0
7,1,0.0,0.0,0.0
7,1,0.0,0.0,0.0
7,1,0.0,0.0,0.0
7,1,0.0,0.0,0.0
7,1,0.0,0.0,0.0
7,1,0.0,0.0,0.0
7,1,0.0,0.0,0.0
7,1,0.0,0.0,0.0
7,1,0.0,0.0,0.0
7,1,0.0,0.0,0.0
7,1,0.0,0.0,0.0
7,1,0.0,0.0,0.0
7,1,0.0,0.0,0.0
7,1,0.0,0.0,0.0
7,1,0.0,0.0,0.0
7,1,0.0,0.0,0.0
7,1,0.0,0.0,0.0
7,1,0.0,0.0,0.0
7,1,0.0,0.0,0.0
7,1,0.0,0.0,0.0
7,1,0.0,0.0,0.0
7,1,0.0,0.0,0.0
7,1,0.0,0.0,0.0
7,1,0.0,0.0,0.0
7,1,0.0,0.0,0.0
7,1,0.0,0.0,0.0
7,1,0.0,0.0,0.0
7,1,0.0,0.0,0.0
7,1,0.0,0.0,0.0
7,1,0.0,0.0,0.0
7,1,0.0,0.0,0.0
7,1,0.0,0.0,0.0
7,1,0.0,0.0,0.0
7,1,0.0,0.0,0.0
7,1,0.0,0.0,0.0
7,1,0.0,0.0,0.0
7,1,0.0,0.0,0.0
7,1,0.0,0.0,0.0
7,1,0.0,0.0,0.0
7,1,0.0,0.0,0.0
7,1,0.0,0.0,0.0
7,1,0.0,0.0,0.0
7,1,0.0,0.0,0.0
7,1,0.0,0.0,0.0
7,1,0.0,0.0,0.0
7,1,0.0,0.0,0.0
7,1,0.0,0.0,0.0
7,1,0.0,0.0,0.0
7,1,0.0,0.0,0.0
7,1,0.0,0.0,0.0
7,1,0.0,0.0,0.0
7,1,0.0,0.0,0.0
7,1,0.0,0.0,0.0
7,1,0.0,0.0,0.0
7,1,0.0,0.0,0.0
7,1,0.0,0.0,0.0
7,1,0.0,0.0,0.0
7,1,0.0,0.0,0.0
7,1,0.0,0.0,0.0
7,1,0.0,0.0,0.0
7,1,0.0,0.0,0.0
7,1,0.0,0.0,0.0
7,1,0.0,0.0,0.0
7,1,0.0,0.0,0.0
7,1,0.0,0.0,0.0
7,1,0.0,0.0,0.0
7,1,0.0,0.0,0.0
7,1,0.0,0.0,0.0
7,1,0.0,0.0,0.0
7,1,0.0,0.0,0.0
7,1,0.0,0.0,0.0
7,1,0.0,0.0,0.0
7,1,0.0,0.0,0.0
7,1,0.0,0.0,0.0
7,1,0.0,0.0,0.0
7,1,0.0,0.0,0.0
7,1,0.0,0.0,0.0
7,1,0.0,0.0,0.0
7,1,0.0,0.0,0.0
7,1,0.0,0.0,0.0
7,1,0.0,0.0,0.0
7,1,0.0,0.0,0.0
7,1,0.0,0.0,0.0
7,1,0.0,0.0,0.0
7,1,0.0,0.0,0.0
7,1,0.0,0.0,0.0
7,1,0.0,0.0,0.0
7,1,0.0,0.022779010168976654,13.200000000000001
7,1,0.0,0.0,0.0
7,1,0.0,0.0,0.0
7,1,0.0,0.0,0.0
7,1,0.0,0.0,0.0
7,1,0.0,0.0,0.0
7,1,0.0,0.0,0.0
7,1,0.0,0.0,0.0
7,1,0.0,0.0,0.0
7,1,0.0,0.0,0.0
7,1,0.0,0.0,0.0
7,1,0.0,0.0,0.0
7,1,0.0,0.0,0.0
7,1,0.0,0.0,0.0
7,1,0.0,0.0,0.0
7,1,0.0,0.0,0.0
7,1,0.0,0.0,0.0
7,1,0.0,0.0,0.0
7,1,0.0,0.0,0.0
7,1,0.0,0.0,0.0
7,1,0.0,0.0,0.0
7,1,0.0,0.0,0.0
7,1,0.0,0.0,0.0
7,1,0.0,0.0,0.0
7,1,0.0,0.0,0.0
7,1,0.0,0.0,0.0
7,1,0.0,0.0,0.0
7,1,0.0,0.0,0.0
7,1,0.0,0.0,0.0
7,1,0.0,0.0,0.0
7,1,0.0,0.0,0.0
7,1,0.0,0.0,0.0
7,1,0.0,0.0,0.0
7,1,0.0,0.0,0.0
7,1,0.0,0.0,0.0
7,1,0.0,0.0,0.0
7,1,0.0,0.0,0.0
7,1,0.0,0.0,0.0
7,1,0.0,0.0,0.0
7,1,0.0,0.0,0.0
7,1,0.0,0.0,0.0
7,1,0.0,0.0,0.0
7,1,0.0,0.0,0.0
7,1,0.0,0.0,0.0
7,1,0.0,0.0,0.0
7,1,0.0,0.0,0.0
7,1,0.0,0.0,0.0
7,1,0.0,0.0,0.0
7,1,0.0,0.0,0.0
7,1,0.0,0.0,0.0
7,1,0.0,0.0,0.0
7,1,0.0,0.0,0.0
7,1,0.0,0.0,0.0
7,1,0.0,0.0,0.0
7,1,0.0,0.0,0.0
7,1,0.0,0.0,0.0
7,1,0.0,0.0,0.0
7,1,0.0,0.0,0.0
7,1,0.0,0.0,0.0
7,1,0.0,0.0,0.0
7,1,0.0,0.0,0.0
7,1,0.0,0.0,0.0
7,1,0.0,0.0,0.0
7,1,0.0,0.0,0.0
7,1,0.0,0.0,0.0
7,1,0.0,0.0,0.0
7,1,0.0,0.0,0.0
7,1,0.0,0.0,0.0
7,1,0.0,0.0,0.0
7,1,0.0,0.0,0.0
7,1,0.0,0.0,0.0
7,1,0.0,0.0,0.0
7,1,0.0,0.0,0.0
7,1,0.0,0.0,0.0
7,1,0.0,0.0,0.0
7,1,0.0,0.0,0.0
7,1,0.0,0.0,0.0
7,1,0.0,0.0,0.0
7,1,0.0,0.0,0.0
7,1,0.0,0.0,0.0
7,1,0.0,0.0,0.0
7,1,0.0,0.0,0.0
7,1,0.0,0.0,0.0
7,1,0.0,0.0,0.0
7,1,0.0,0.0,0.0
7,1,0.0,0.0,0.0
7,1,0.0,0.0,0.0
7,1,0.0,0.0,0.0
7,1,0.0,0.0,0.0
7,1,0.0,0.0,0.0
7,1,0.0,0.0,0.0
7,1,0.0,0.0,0.0
7,1,0.0,0.0,0.0
7,1,0.0,0.0,0.0
7,1,0.0,0.0,0.0
7,1,0.0,0.0,0.0
7,1,0.0,0.0,0.0
7,1,0.0,0.0,0.0
7,1,0.0,0.0,0.0
7,1,0.0,0.0,0.0
7,1,0.0,0.0,0.0
7,1,0.0,0.0,0.0
7,1,0.0,0.0,0.0
7,1,0.0,0.0,0.0
7,1,0.0,0.0,0.0
7,1,0.0,0.0,0.0
7,1,0.0,0.0,0.0
7,1,0.0,0.0,0.0
7,1,0.0,0.0,0.0
7,1,0.0,0.0,0.0
7,1,0.0,0.0,0.0
7,1,0.0,0.0,0.0
7,1,0.0,0.0,0.0
7,1,0.0,0.0,0.0
7,1,0.0,0.0,0.0
7,1,0.0,0.0,0.0
7,1,0.0,0.0,0.0
7,1,0.0,0.0,0.0
7,1,0.0,0.0,0.0
7,1,0.0,0.0,0.0
7,1,0.0,0.0,0.0
7,1,0.0,0.0,0.0
7,1,0.0,0.0,0.0
7,1,0.0,0.0,9.24
7,1,0.0,0.0,0.0
7,1,0.0,0.0,0.0
7,1,0.0,0.0,0.0
7,1,0.0,0.0,0.0
7,1,0.0,0.0,0.0
7,1,0.0,0.0,0.0
7,1,0.0,0.0,0.0
7,1,0.0,0.0,0.0
7,1,0.0,0.0,0.0
7,1,0.0,0.0,0.0
7,1,0.0,0.0,0.0
7,1,0.0,0.0,0.0
7,1,0.0,0.0,0.0
7,1,0.0,0.0,0.0
7,1,0.0,0.0,0.0
7,1,0.0,0.0,0.0
7,1,0.0,0.0,0.0
7,1,0.0,0.0,0.0
7,1,0.0,0.0,0.0
7,1,0.0,0.0,0.0
7,1,0.0,0.0,0.0
7,1,0.0,0.0,0.0
7,1,0.0,0.0,0.0
7,1,0.0,0.0,0.0
7,1,0.0,0.0,0.0
7,1,0.0,0.0,0.0
7,1,0.0,0.0,0.0
7,1,0.0,0.0,0.0
7,1,0.0,0.0,0.0
7,1,0.0,0.0,0.0
7,1,0.0,0.0,0.0
7,1,0.0,0.0,0.0
7,1,0.0,0.0,0.0
7,1,0.0,0.0,0.0
7,1,0.0,0.0,0.0
7,1,0.0,0.0,0.0
7,1,0.0,0.0,0.0
7,1,0.0,0.0,0.0
7,1,0.0,0.0,0.0
7,1,0.0,0.0,0.0
7,1,0.0,0.0,0.0
7,1,0.0,0.0,0.0
7,1,0.0,0.0,0.0
7,1,0.0,0.0,0.0
7,1,0.0,0.0,0.0
7,1,0.0,0.0,0.0
7,1,0.0,0.0,0.0
7,1,0.0,0.0,0.0
7,1,0.0,0.0,0.0
7,1,0.0,0.0,0.0
7,1,0.0,0.0,0.0
7,1,0.0,0.0,0.0
7,1,0.0,0.0,0.0
7,1,0.0,0.0,0.0
7,1,0.0,0.0,0.0
7,1,0.0,0.0,0.0
7,1,0.0,0.0,0.0
7,1,0.0,0.0,0.0
7,1,0.0,0.0,0.0
7,1,0.0,0.0,0.0
7,1,0.0,0.0,0.0
7,1,0.0,0.0,0.0
7,1,0.0,0.0,0.0
7,1,0.0,0.0,0.0
7,1,0.0,0.0,0.0
7,1,0.0,0.0,0.0
7,1,0.0,0.0,0.0
7,1,0.0,0.0,0.0
7,1,0.0,0.0,0.0
7,1,0.0,0.0,0.0
7,1,0.0,0.0,0.0
7,1,0.0,0.0,0.0
7,1,0.0,0.0,0.0
7,1,0.0,0.0,0.0
7,1,0.0,0.0,0.0
7,1,0.0,0.0,0.0
7,1,0.0,0.0,0.0
7,1,0.0,0.0,0.0
7,1,0.0,0.0,0.0
7,1,0.0,0.0,0.0
7,1,0.0,0.0,0.0
7,1,0.0,0.0,0.0
7,1,0.0,0.0,0.0
7,1,0.0,0.0,0.0
7,1,0.0,0.0,0.0
7,1,0.0,0.0,0.0
7,1,0.0,0.0,0.0
7,1,0.0,0.0,0.0
7,1,0.0,0.0,0.0
7,1,0.0,0.0,0.0
7,1,0.0,0.0,0.0
7,1,0.0,0.0,0.0
7,1,0.0,0.0,0.0
7,1,0.0,0.0,0.0
7,1,0.0,0.0,0.0
7,1,0.0,0.0,0.0
7,1,0.0,0.0,0.0
7,1,0.0,0.0,0.0
7,1,0.0,0.0,0.0
7,1,0.0,0.0,0.0
7,1,0.0,0.0,0.0
7,1,0.0,0.0,0.0
7,1,0.0,0.0,0.0
7,1,0.0,0.0,0.0
7,1,0.0,0.0,0.0
7,1,0.0,0.0,0.0
7,1,0.0,0.0,0.0
7,1,0.0,0.0,0.0
7,1,0.0,0.0,0.0
7,1,0.0,0.0,0.0
7,1,0.0,0.0,0.0
7,1,0.0,0.0,0.0
7,1,0.0,0.0,0.0
7,1,0.0,0.0,0.0
7,1,0.0,0.0,0.0
7,1,0.0,0.0,0.0
7,1,0.0,0.0,0.0
7,1,0.0,0.0,0.0
7,1,0.0,0.0,0.0
7,1,0.0,0.0,0.0
7,1,0.0,0.0,0.0
7,1,0.0,0.0,0.0
7,1,0.0,0.0,0.0
7,1,0.0,0.0,0.0
7,1,0.0,0.0,0.0
7,1,0.0,0.0,0.0
7,1,0.0,0.0,0.0
7,1,0.0,0.0,0.0
7,1,0.0,0.0,0.0
7,1,0.0,0.0,0.0
7,1,0.0,0.0,0.0
7,1,0.0,0.0,0.0
7,1,0.0,0.0,0.0
7,1,0.0,0.0,0.0
7,1,0.0,0.0,0.0
7,1,0.0,0.0,0.0
7,1,0.0,0.0,0.0
7,1,0.0,0.0,0.0
7,1,0.0,0.0,0.0
7,1,0.0,0.0,0.0
7,1,0.0,0.0,0.0
7,1,0.0,0.0,0.0
7,1,0.0,0.0,0.0
7,1,0.0,0.0,0.0
7,1,0.0,0.0,0.0
7,1,0.0,0.0,0.0
7,1,0.0,0.0,0.0
7,1,0.0,0.0,0.0
7,1,0.0,0.0,0.0
7,1,0.0,0.0,0.0
7,1,0.0,0.0,0.0
7,1,0.0,0.0,0.0
7,1,0.0,0.0,0.0
7,1,0.0,0.0,0.0
7,1,0.0,0.0,0.0
7,1,0.0,0.0,0.0
7,1,0.0,0.0,0.0
7,1,0.0,0.0,0.0
7,1,0.0,0.0,0.0
7,1,0.0,0.0,0.0
7,1,0.0,0.0,0.0
7,1,0.0,0.0,0.0
7,1,0.0,0.0,0.0
7,1,0.0,0.0,0.0
7,1,0.0,0.0,0.0
7,1,0.0,0.0,0.0
7,1,0.0,0.0,0.0
7,1,0.0,0.0,0.0
7,1,0.0,0.0,0.0
7,1,0.0,0.0,0.0
7,1,0.0,0.0,0.0
7,1,0.0,0.0,0.0
7,1,0.0,0.0,0.0
7,1,0.0,0.0,0.0
7,1,0.0,0.0,0.0
7,1,0.0,0.0,0.0
7,1,0.0,0.0,0.0
7,1,0.0,0.0,0.0
7,1,0.0,0.0,0.0
7,1,0.0,0.0,0.0
7,1,0.0,0.0,0.0
7,1,0.0,0.0,0.0
7,1,0.0,0.0,0.0
7,1,0.0,0.0,0.0
7,1,0.0,0.0,0.0
7,1,0.0,0.0,0.0
7,1,0.0,0.0,0.0
7,1,0.0,0.0,0.0
7,1,0.0,0.0,0.0
7,1,0.0,0.0,0.0
7,1,0.0,0.0,0.0
7,1,0.0,0.0,0.0
7,1,0.0,0.0,0.0
7,1,0.0,0.0,0.0
7,1,0.0,0.0,0.0
7,1,0.0,0.0,0.0
7,1,0.0,0.0,0.0
7,1,0.0,0.0,0.0
7,1,0.0,0.0,0.0
7,1,0.0,0.0,0.0
7,1,0.0,0.0,0.0
7,1,0.0,0.0,0.0
7,1,0.0,0.0,0.0
7,1,0.0,0.0,0.0
7,1,0.0,0.0,0.0
7,1,0.0,0.0,0.0
7,1,0.0,0.0,0.0
7,1,0.0,0.0,0.0
7,1,0.0,0.0,0.0
7,1,0.0,0.0,0.0
7,1,0.0,0.0,0.0
7,1,0.0,0.0,0.0
7,1,0.0,0.0,0.0
7,1,0.0,0.0,0.0
7,1,0.0,0.0,0.0
7,1,0.0,0.0,0.0
7,1,0.0,0.0,0.0
7,1,0.0,0.0,0.0
7,1,0.0,0.0,0.0
7,1,0.0,0.0,0.0
7,1,0.0,0.0,0.0
7,1,0.0,0.0,0.0
7,1,0.0,0.0,0.0
7,1,0.0,0.0,0.0
7,1,0.0,0.0,0.0
7,1,0.0,0.0,0.0
7,1,0.0,0.0,0.0
7,1,0.0,0.0,0.0
7,1,0.0,0.0,0.0
7,1,0.0,0.0,0.0
7,1,0.0,0.0,0.0
7,1,0.0,0.0,0.0
7,1,0.0,0.0,0.0
7,1,0.0,0.0,0.0
7,1,0.0,0.0,0.0
7,1,0.0,0.0,0.0
7,1,0.0,0.0,0.0
7,1,0.0,0.0,0.0
7,1,0.0,0.0,0.0
7,1,0.0,0.0,0.0
7,1,0.0,0.0,0.0
7,1,0.0,0.0,0.0
7,1,0.0,0.0,0.0
7,1,0.0,0.0,0.0
7,1,0.0,0.0,0.0
7,1,0.0,0.0,0.0
7,1,0.0,0.0,0.0
7,1,0.0,0.0,0.0
7,1,0.0,0.0,0.0
7,1,0.0,0.0,0.0
7,1,0.0,0.0,0.0
7,1,0.0,0.0,0.0
7,1,0.0,0.0,0.0
7,1,0.0,0.0,0.0
7,1,0.0,0.0,0.0
7,1,0.0,0.0,0.0
7,1,0.0,0.0,0.0
7,1,0.0,0.0,0.0
7,1,0.0,0.0,0.0
7,1,0.0,0.0,0.0
7,1,0.0,0.0,0.0
7,1,0.0,0.0,0.0
7,1,0.0,0.0,0.0
7,1,0.0,0.0,0.0
7,1,0.0,0.0,0.0
7,1,0.0,0.0,0.0
7,1,0.0,0.0,0.0
7,1,0.0,0.0,0.0
7,1,0.0,0.0,0.0
7,1,0.0,0.0,0.0
7,1,0.0,0.0,0.0
7,1,0.0,0.0,0.0
7,1,0.0,0.0,0.0
7,1,0.0,0.0,0.0
7,1,0.0,0.0,0.0
7,1,0.0,0.0,0.0
7,1,0.0,0.0,0.0
7,1,0.0,0.0,0.0
7,1,0.0,0.0,0.0
7,1,0.0,0.0,0.0
7,1,0.0,0.0,0.0
7,1,0.0,0.0,0.0
7,1,0.0,0.0,0.0
7,1,0.0,0.0,0.0
7,1,0.0,0.0,0.0
7,1,0.0,0.0,0.0
7,1,0.0,0.0,0.0
7,1,0.0,0.0,0.0
7,1,0.0,0.0,0.0
7,1,0.0,0.0,0.0
7,1,0.0,0.0,0.0
7,1,0.0,0.0,0.0
7,1,0.0,0.0,0.0
7,1,0.0,0.0,0.0
7,1,0.0,0.0,0.0
7,1,0.0,0.0,0.0
7,1,0.0,0.0,0.0
7,1,0.0,0.0,0.0
7,1,0.0,0.0,0.0
7,1,0.0,0.0,0.0
7,1,0.0,0.0,0.0
7,1,0.0,0.0,0.0
7,1,0.0,0.0,0.0
7,1,0.0,0.0,0.0
7,1,0.0,0.0,0.0
7,1,0.0,0.0,0.0
7,1,0.0,0.0,0.0
7,1,0.0,0.0,0.0
7,1,0.0,0.0,0.0
7,1,0.0,0.0,0.0
7,1,0.0,0.0,0.0
7,1,0.0,0.0,0.0
7,1,0.0,0.0,0.0
7,1,0.0,0.0,0.0
7,1,0.0,0.0,0.0
7,1,0.0,0.0,0.0
7,1,0.0,0.0,0.0
7,1,0.0,0.0,0.0
7,1,0.0,0.0,0.0
7,1,0.0,0.0,0.0
7,1,0.0,0.0,0.0
7,1,0.0,0.0,0.0
7,1,0.0,0.0,0.0
7,1,0.0,0.0,0.0
7,1,0.0,0.0,0.0
7,1,0.0,0.0,0.0
7,1,0.0,0.0,0.0
7,1,0.0,0.0,0.0
7,1,0.0,0.0,0.0
7,1,0.0,0.0,0.0
7,1,0.0,0.0,0.0
7,1,0.0,0.0,0.0
7,1,0.0,0.0,0.0
7,1,0.0,0.0,0.0
7,1,0.0,0.0,0.0
7,1,0.0,0.0,0.0
7,1,0.0,0.0,0.0
7,1,0.0,0.0,0.0
7,1,0.0,0.0,0.0
7,1,0.0,0.0,0.0
7,1,0.0,0.0,0.0
7,1,0.0,0.0,0.0
7,1,0.0,0.0,0.0
7,1,0.0,0.0,0.0
7,1,0.0,0.0,0.0
7,1,0.0,0.0,0.0
7,1,0.0,0.0,0.0
7,1,0.0,0.0,0.0
7,1,0.0,0.0,0.0
7,1,0.0,0.0,0.0
7,1,0.0,0.0,0.0
7,1,0.0,0.0,0.0
7,1,0.0,0.0,0.0
7,1,0.0,0.0,0.0
7,1,0.0,0.0,0.0
7,1,0.0,0.0,0.0
7,1,0.0,0.0,0.0
7,1,0.0,0.0,0.0
7,1,0.0,0.0,0.0
7,1,0.0,0.0,0.0
7,1,0.0,0.0,0.0
7,1,0.0,0.0,0.0
7,1,0.0,0.0,0.0
7,1,0.0,0.0,0.0
7,1,0.0,0.0,0.0
7,1,0.0,0.0,0.0
7,1,0.0,0.0,0.0
7,1,0.0,0.0,0.0
7,1,0.0,0.0,0.0
7,1,0.0,0.0,0.0
7,1,0.0,0.0,0.0
7,1,0.0,0.0,0.0
7,1,0.0,0.0,0.0
7,1,0.0,0.0,0.0
7,1,0.0,0.0,0.0
7,1,0.0,0.0,0.0
7,1,0.0,0.0,0.0
7,1,0.0,0.0,0.0
7,1,0.0,0.0,0.0
7,1,0.0,0.0,0.0
7,1,0.0,0.0,0.0
7,1,0.0,0.0,0.0
7,1,0.0,0.0,0.0
7,1,0.0,0.0,0.0
7,1,0.0,0.0,0.0
7,1,0.0,0.0,0.0
7,1,0.0,0.0,0.0
7,1,0.0,0.0,0.0
7,1,0.0,0.0,0.0
7,1,0.0,0.0,0.0
7,1,0.0,0.0,0.0
7,1,0.0,0.0,0.0
7,1,0.0,0.0,0.0
7,1,0.0,0.0,0.0
7,1,0.0,0.0,0.0
7,1,0.0,0.0,0.0
7,1,0.0,0.0,0.0
7,1,0.0,0.0,0.0
7,1,0.0,0.0,0.0
7,1,0.0,0.0,0.0
7,1,0.0,0.0,0.0
7,1,0.0,0.0,0.0
7,1,0.0,0.0,0.0
7,1,0.0,0.0,0.0
7,1,0.0,0.0,0.0
7,1,0.0,0.0,0.0
7,1,0.0,0.0,0.0
7,1,0.0,0.0,0.0
7,1,0.0,0.0,0.0
7,1,0.0,0.0,0.0
7,1,0.0,0.0,0.0
7,1,0.0,0.0,0.0
7,1,0.0,0.0,0.0
7,1,0.0,0.0,0.0
7,1,0.0,0.0,0.0
7,1,0.0,0.0,0.0
7,1,0.0,0.0,0.0
7,1,0.0,0.0,0.0
7,1,0.0,0.0,0.0
7,1,0.0,0.0,0.0
7,1,0.0,0.0,0.0
7,1,0.0,0.0,0.0
7,1,0.0,0.0,0.0
7,1,0.0,0.0,0.0
7,1,0.0,0.0,0.0
7,1,0.0,0.0,0.0
7,1,0.0,0.0,0.0
7,1,0.0,0.0,0.0
7,1,0.0,0.0,0.0
7,1,0.0,0.0,0.0
7,1,0.0,0.0,0.0
7,1,0.0,0.0,0.0
7,1,0.0,0.0,0.0
7,1,0.0,0.0,0.0
7,1,0.0,0.0,0.0
7,1,0.0,0.0,0.0
7,1,0.0,0.0,0.0
7,1,0.0,0.0,0.0
7,1,0.0,0.0,0.0
7,1,0.0,0.0,0.0
7,1,0.0,0.0,0.0
7,1,0.0,0.0,0.0
7,1,0.0,0.0,0.0
7,1,0.0,0.0,0.0
7,1,0.0,0.0,0.0
7,1,0.0,0.0,0.0
7,1,0.0,0.0,0.0
7,1,0.0,0.0,0.0
7,1,0.0,0.0,0.0
7,1,0.0,0.0,0.0
7,1,0.0,0.0,0.0
7,1,0.0,0.0,0.0
7,1,0.0,0.0,9.24
7,1,0.0,0.0,0.0
7,1,0.0,0.0,0.0
7,1,0.0,0.0,0.0
7,1,0.0,0.0,0.0
7,1,0.0,0.0,0.0
7,1,0.0,0.0,0.0
7,1,0.0,0.0,0.0
7,1,0.0,0.0,0.0
7,1,0.0,0.0,0.0
7,1,0.0,0.0,0.0
7,1,0.0,0.0,0.0
7,1,0.0,0.0,0.0
7,1,0.0,0.0,0.0
7,1,0.0,0.0,0.0
7,1,0.0,0.0,0.0
7,1,0.0,0.0,0.0
7,1,0.0,0.0,0.0
7,1,0.0,0.0,0.0
7,1,0.0,0.0,0.0
7,1,0.0,0.0,0.0
7,1,0.0,0.0,0.0
7,1,0.0,0.0,0.0
7,1,0.0,0.0,0.0
7,1,0.0,0.0,0.0
7,1,0.0,0.0,0.0
7,1,0.0,0.0,0.0
7,1,0.0,0.0,0.0
7,1,0.0,0.0,0.0
7,1,0.0,0.0,0.0
7,1,0.0,0.0,0.0
7,1,0.0,0.0,0.0
7,1,0.0,0.0,0.0
7,1,0.0,0.0,0.0
7,1,0.0,0.0,0.0
7,1,0.0,0.0,0.0
7,1,0.0,0.0,0.0
7,1,0.0,0.0,0.0
7,1,0.0,0.0,0.0
7,1,0.0,0.0,0.0
7,1,0.0,0.0,0.0
7,1,0.0,0.0,0.0
7,1,0.0,0.0,0.0
7,1,0.0,0.0,0.0
7,1,0.0,0.0,0.0
7,1,0.0,0.0,0.0
7,1,0.0,0.0,0.0
7,1,0.0,0.0,0.0
7,1,0.0,0.0,0.0
7,1,0.0,0.0,0.0
7,1,0.0,0.0,0.0
7,1,0.0,0.0,0.0
7,1,0.0,0.0,0.0
7,1,0.0,0.0,0.0
7,1,0.0,0.0,0.0
7,1,0.0,0.0,0.0
7,1,0.0,0.0,0.0
7,1,0.0,0.0,0.0
7,1,0.0,0.0,0.0
7,1,0.0,0.0,0.0
7,1,0.0,0.0,0.0
7,1,0.0,0.0,0.0
7,1,0.0,0.0,0.0
7,1,0.0,0.0,0.0
7,1,0.0,0.0,0.0
7,1,0.0,0.0,0.0
7,1,0.0,0.0,0.0
7,1,0.0,0.0,0.0
7,1,0.0,0.0,0.0
7,1,0.0,0.0,0.0
7,1,0.0,0.0,0.0
7,1,0.0,0.0,0.0
7,1,0.0,0.0,0.0
7,1,0.0,0.0,0.0
7,1,0.0,0.0,0.0
7,1,0.0,0.0,0.0
7,1,0.0,0.0,0.0
7,1,0.0,0.0,0.0
7,1,0.0,0.0,0.0
7,1,0.0,0.0,0.0
7,1,0.0,0.0,0.0
7,1,0.0,0.0,0.0
7,1,0.0,0.0,0.0
7,1,0.0,0.0,0.0
7,1,0.0,0.0,0.0
7,1,0.0,0.0,0.0
7,1,0.0,0.0,0.0
7,1,0.0,0.0,0.0
7,1,0.0,0.0,0.0
7,1,0.0,0.0,0.0
7,1,0.0,0.0,0.0
7,1,0.0,0.0,0.0
7,1,0.0,0.0,0.0
7,1,0.0,0.0,0.0
7,1,0.0,0.0,0.0
7,1,0.0,0.0,0.0
7,1,0.0,0.0,0.0
7,1,0.0,0.0,0.0
7,1,0.0,0.0,0.0
7,1,0.0,0.0,0.0
7,1,0.0,0.0,0.0
7,1,0.0,0.0,0.0
7,1,0.0,0.0,0.0
7,1,0.0,0.0,0.0
7,1,0.0,0.0,0.0
7,1,0.0,0.0,0.0
7,1,0.0,0.0,0.0
7,1,0.0,0.0,0.0
7,1,0.0,0.0,0.0
7,1,0.0,0.0,0.0
7,1,0.0,0.0,0.0
7,1,0.0,0.0,0.0
7,1,0.0,0.0,0.0
7,1,0.0,0.0,0.0
7,1,0.0,0.0,0.0
7,1,0.0,0.0,0.0
7,1,0.0,0.0,0.0
7,1,0.0,0.0,0.0
7,1,0.0,0.0,0.0
7,1,0.0,0.0,0.0
7,1,0.0,0.0,0.0
7,1,0.0,0.0,0.0
7,1,0.0,0.0,0.0
7,1,0.0,0.0,0.0
7,1,0.0,0.0,0.0
7,1,0.0,0.0,0.0
7,1,0.0,0.5372507958347796,40.92
7,1,0.0,0.0,0.0
7,1,0.0,0.0,0.0
7,1,0.0,0.0,0.0
7,1,0.0,0.0,0.0
7,1,0.0,0.0,0.0
7,1,0.0,0.0,0.0
7,1,0.0,0.0,0.0
7,1,0.0,0.0,0.0
7,1,0.0,0.0,0.0
7,1,0.0,0.0,0.0
7,1,0.0,0.0,0.0
7,1,0.0,0.0,0.0
7,1,0.0,0.0,0.0
7,1,0.0,0.0,0.0
7,1,0.0,0.0,0.0
7,1,0.0,0.0,0.0
8,0,0.0,0.0,0.0
8,0,0.0,0.0,0.0
8,0,0.0,0.0,0.0
8,0,0.0,0.0,0.0
8,0,0.0,0.0,0.0
8,0,0.0,0.0,0.0
8,0,0.0,0.0,0.0
8,0,0.0,0.0,0.0
8,0,0.0,0.0,0.0
8,0,0.0,0.0,0.0
8,0,0.0,0.0,0.0
8,0,0.0,0.0,0.0
8,0,0.0,0.0,0.0
8,0,0.0,0.0,0.0
8,0,0.0,0.0,0.0
8,0,0.0,0.0,0.0
8,0,0.0,0.0,0.0
8,0,0.0,0.0,0.0
8,0,0.0,0.0,0.0
8,0,0.0,0.0,0.0
8,0,0.0,0.0,0.0
8,0,0.0,0.0,0.0
8,0,0.0,0.0,0.0
8,0,0.0,0.0,0.0
8,0,0.0,0.0,0.0
8,0,0.0,0.0,0.0
8,0,0.0,0.0,0.0
8,0,0.0,0.0,0.0
8,0,0.0,0.0,0.0
8,0,0.0,0.0,0.0
8,0,0.0,0.0,0.0
8,0,0.0,0.0,0.0
8,0,0.0,0.0,0.0
8,0,0.0,0.0,0.0
8,0,0.0,0.0,0.0
8,0,0.0,0.0,0.0
8,0,0.0,0.0,0.0
8,0,0.0,0.0,0.0
8,0,0.0,0.0,0.0
8,0,0.0,0.0,0.0
8,0,0.0,0.0,0.0
8,0,0.0,0.0,0.0
8,0,0.0,0.0,0.0
8,0,0.0,0.0,0.0
8,0,0.0,0.0,0.0
8,0,0.0,0.0,0.0
8,0,0.0,0.0,0.0
8,0,0.0,0.0,0.0
8,0,0.0,0.0,0.0
8,0,0.0,0.0,0.0
8,0,0.0,0.0,0.0
8,0,0.0,0.0,0.0
8,0,0.0,0.0,0.0
8,0,0.0,0.0,0.0
8,0,0.0,0.0,0.0
8,0,0.0,0.0,0.0
8,0,0.0,0.0,0.0
8,0,0.0,0.0,0.0
8,0,0.0,0.0,0.0
8,0,0.0,0.0,0.0
8,0,0.0,0.0,0.0
8,0,0.0,0.0,0.0
8,0,0.0,0.0,0.0
8,0,0.0,0.0,0.0
8,0,0.0,0.0,0.0
8,0,0.0,0.0,0.0
8,0,0.0,0.0,0.0
8,0,0.0,0.0,0.0
8,0,0.0,0.0,0.0
8,0,0.0,0.0,0.0
8,0,0.0,0.0,0.0
8,0,0.0,0.0,0.0
8,0,0.0,0.0,0.0
8,0,0.0,0.0,0.0
8,0,0.0,0.0,0.0
8,0,0.0,0.0,0.0
8,0,0.0,0.0,0.0
8,0,0.0,0.0,0.0
8,0,0.0,0.0,0.0
8,0,0.0,0.0,0.0
8,0,0.0,0.0,0.0
8,0,0.0,0.0,0.0
8,0,0.0,0.0,0.0
8,0,0.0,0.0,0.0
8,0,0.0,0.0,0.0
8,0,0.0,0.0,0.0
8,0,0.0,0.0,0.0
8,0,0.0,0.0,0.0
8,0,0.0,0.0,0.0
8,0,0.0,0.0,0.0
8,0,0.0,0.0,0.0
8,0,0.0,0.0,0.0
8,0,0.0,0.0,0.0
8,0,0.0,0.0,0.0
8,0,0.0,0.0,0.0
8,0,0.0,0.0,0.0
8,0,0.0,0.0,0.0
8,0,0.0,0.0,0.0
8,0,0.0,0.0,0.0
8,0,0.0,0.0,0.0
8,0,0.0,0.0,0.0
8,0,0.0,0.0,0.0
8,0,0.0,0.0,0.0
8,0,0.0,0.0,0.0
8,0,0.0,0.0,0.0
8,0,0.0,0.0,0.0
8,0,0.0,0.0,0.0
8,0,0.0,0.0,0.0
8,0,0.0,0.0,0.0
8,0,0.0,0.0,0.0
8,0,0.0,0.0,0.0
8,0,0.0,0.0,0.0
8,0,0.0,0.0,0.0
8,0,0.0,0.0,0.0
8,0,0.0,0.0,0.0
8,0,0.0,0.0,0.0
8,0,0.0,0.0,0.0
8,0,0.0,0.0,0.0
8,0,0.0,0.0,0.0
8,0,0.0,0.0,0.0
8,0,0.0,0.0,0.0
8,0,0.0,0.0,0.0
8,0,0.0,0.0,0.0
8,0,0.0,0.0,0.0
8,0,0.0,0.0,0.0
8,0,0.0,0.0,0.0
8,0,0.0,0.0,0.0
8,0,0.0,0.0,0.0
8,0,0.0,0.0,0.0
8,0,0.0,0.0,0.0
8,0,0.0,0.0,0.0
8,0,0.0,0.0,0.0
8,0,0.0,0.0,0.0
8,0,0.0,0.0,0.0
8,0,0.0,0.0,0.0
8,0,0.0,0.0,0.0
8,0,0.0,0.0,0.0
8,0,0.0,0.0,0.0
8,0,0.0,0.0,0.0
8,0,0.0,0.0,0.0
8,0,0.0,0.0,0.0
8,0,0.0,0.0,0.0
8,0,0.0,0.0,0.0
8,0,0.0,0.0,0.0
8,0,0.0,0.0,0.0
8,0,0.0,0.0,0.0
8,0,0.0,0.0,0.0
8,0,0.0,0.0,0.0
8,0,0.0,0.0,0.0
8,0,0.0,0.0,0.0
8,0,0.0,0.0,0.0
8,0,0.0,0.0,0.0
8,0,0.0,0.0,0.0
8,0,0.0,0.0,0.0
8,0,0.0,0.0,0.0
8,0,0.0,0.0,0.0
8,0,0.0,0.0,0.0
8,0,0.0,0.0,0.0
8,0,0.0,0.0,0.0
8,0,0.0,0.0,0.0
8,0,0.0,0.0,0.0
8,0,0.0,0.0,0.0
8,0,0.0,0.0,0.0
8,0,0.0,0.0,0.0
8,0,0.0,0.0,0.0
8,0,0.0,0.0,0.0
8,0,0.0,0.0,0.0
8,0,0.0,0.0,0.0
8,0,0.0,0.0,0.0
8,0,0.0,0.0,0.0
8,0,0.0,0.0,0.0
8,0,0.0,0.0,0.0
8,0,0.0,0.0,0.0
8,0,0.0,0.0,0.0
8,0,0.0,0.0,0.0
8,0,0.0,0.0,0.0
8,0,0.0,0.0,0.0
8,0,0.0,0.0,0.0
8,0,0.0,0.0,0.0
8,0,0.0,0.0,0.0
8,0,0.0,0.0,0.0
8,0,0.0,0.0,0.0
8,0,0.0,0.0,0.0
8,0,0.0,0.0,0.0
8,0,0.0,0.0,0.0
8,0,0.0,0.0,0.0
8,0,0.0,0.0,0.0
8,0,0.0,0.0,0.0
8,0,0.0,0.0,0.0
8,0,0.0,0.0,0.0
8,0,0.0,0.0,0.0
8,0,0.0,0.0,0.0
8,0,0.0,0.0,0.0
8,0,0.0,0.0,0.0
8,0,0.0,0.0,0.0
8,0,0.0,0.0,0.0
8,0,0.0,0.0,0.0
8,0,0.0,0.0,0.0
8,0,0.0,0.0,0.0
8,0,0.0,0.0,0.0
8,0,0.0,0.0,0.0
8,0,0.0,0.0,0.0
8,0,0.0,0.0,0.0
8,0,0.0,0.0,0.0
8,0,0.0,0.0,0.0
8,0,0.0,0.0,0.0
8,0,0.0,0.0,0.0
8,0,0.0,0.0,0.0
8,0,0.0,0.0,0.0
8,0,0.0,0.0,0.0
8,0,0.0,0.0,0.0
8,0,0.0,0.0,0.0
8,0,0.0,0.0,0.0
8,0,0.0,0.0,0.0
8,0,0.0,0.0,0.0
8,0,0.0,0.0,0.0
8,0,0.0,0.0,0.0
8,0,0.0,0.0,0.0
8,0,0.0,0.0,0.0
8,0,0.0,0.0,0.0
8,0,0.0,0.0,0.0
8,0,0.0,0.0,0.0
8,0,0.0,0.0,0.0
8,0,0.0,0.0,0.0
8,0,0.0,0.0,0.0
8,0,0.0,0.0,0.0
8,0,0.0,0.0,0.0
8,0,0.0,0.0,0.0
8,0,0.0,0.0,0.0
8,0,0.0,0.0,0.0
8,0,0.0,0.0,0.0
8,0,0.0,0.0,0.0
8,0,0.0,0.0,0.0
8,0,0.0,0.0,0.0
8,0,0.0,0.0,0.0
8,0,0.0,0.0,0.0
8,0,0.0,0.0,0.0
8,0,0.0,0.0,0.0
8,0,0.0,0.0,0.0
8,0,0.0,0.0,0.0
8,0,0.0,0.0,0.0
8,0,0.0,0.0,0.0
8,0,0.0,0.0,0.0
8,0,0.0,0.0,0.0
8,0,0.0,0.0,0.0
8,0,0.0,0.0,0.0
8,0,0.0,0.0,0.0
8,0,0.0,0.0,0.0
8,0,0.0,0.0,0.0
8,0,0.0,0.0,0.0
8,0,0.0,0.0,0.0
8,0,0.0,0.0,0.0
8,0,0.0,0.0,0.0
8,0,0.0,0.0,0.0
8,0,0.0,0.0,0.0
8,0,0.0,0.0,0.0
8,0,0.0,0.0,0.0
8,0,0.0,0.0,0.0
8,0,0.0,0.0,0.0
8,0,0.0,0.0,0.0
8,0,0.0,0.0,0.0
8,0,0.0,0.0,0.0
8,0,0.0,0.0,0.0
8,0,0.0,0.0,0.0
8,0,0.0,0.0,0.0
8,0,0.0,0.0,0.0
8,0,0.0,0.0,0.0
8,0,0.0,0.0,0.0
8,0,0.0,0.0,0.0
8,0,0.0,0.0,0.0
8,0,0.0,0.0,0.0
8,0,0.0,0.0,0.0
8,0,0.0,0.0,0.0
8,0,0.0,0.0,0.0
8,0,0.0,0.0,0.0
8,0,0.0,0.0,0.0
8,0,0.0,0.0,0.0
8,0,0.0,0.0,0.0
8,0,0.0,0.0,0.0
8,0,0.0,0.0,0.0
8,0,0.0,0.0,0.0
8,0,0.0,0.0,0.0
8,0,0.0,0.0,0.0
8,0,0.0,0.0,0.0
8,0,0.0,0.0,0.0
8,0,0.0,0.0,0.0
8,0,0.0,0.0,0.0
8,0,0.0,0.0,0.0
8,0,0.0,0.0,0.0
8,0,0.0,0.0,0.0
8,0,0.0,0.0,0.0
8,0,0.0,0.0,0.0
8,0,0.0,0.0,0.0
8,0,0.0,0.0,0.0
8,0,0.0,0.0,0.0
8,0,0.0,0.0,0.0
8,0,0.0,0.0,0.0
8,0,0.0,0.0,0.0
8,0,0.0,0.0,0.0
8,0,0.0,0.0,0.0
8,0,0.0,0.0,0.0
8,0,0.0,0.0,0.0
8,0,0.0,0.0,0.0
8,0,0.0,0.0,0.0
8,0,0.0,0.0,0.0
8,0,0.0,0.0,0.0
8,0,0.0,0.0,0.0
8,0,0.0,0.0,0.0
8,0,0.0,0.0,0.0
8,0,0.0,0.0,0.0
8,0,0.0,0.0,0.0
8,0,0.0,0.0,0.0
8,0,0.0,0.0,0.0
8,0,0.0,0.0,0.0
8,0,0.0,0.0,0.0
8,0,0.0,0.0,0.0
8,0,0.0,0.0,0.0
8,0,0.0,0.0,0.0
8,0,0.0,0.0,0.0
8,0,0.0,0.0,0.0
8,0,0.0,0.0,0.0
8,0,0.0,0.0,0.0
8,0,0.0,0.0,0.0
8,0,0.0,0.0,0.0
8,0,0.0,0.0,0.0
8,0,0.0,0.0,0.0
8,0,0.0,0.0,0.0
8,0,0.0,0.0,0.0
8,0,0.0,0.0,0.0
8,0,0.0,0.0,0.0
8,0,0.0,0.0,0.0
8,0,0.0,0.0,0.0
8,0,0.0,0.0,0.0
8,0,0.0,0.0,0.0
8,0,0.0,0.0,0.0
8,0,0.0,0.0,0.0
8,0,0.0,0.0,0.0
8,0,0.0,0.0,0.0
8,0,0.0,0.0,0.0
8,0,0.0,0.0,0.0
8,0,0.0,0.0,0.0
8,0,0.0,0.0,0.0
8,0,0.0,0.0,0.0
8,0,0.0,0.0,0.0
8,0,0.0,0.0,0.0
8,0,0.0,0.0,0.0
8,0,0.0,0.0,0.0
8,0,0.0,0.0,0.0
8,0,0.0,0.0,0.0
8,0,0.0,0.0,0.0
8,0,0.0,0.0,0.0
8,0,0.0,0.0,0.0
8,0,0.0,0.0,0.0
8,0,0.0,0.0,0.0
8,0,0.0,0.0,0.0
8,0,0.0,0.0,0.0
8,0,0.0,0.0,0.0
8,0,0.0,0.0,0.0
8,0,0.0,0.0,0.0
8,0,0.0,0.0,0.0
8,0,0.0,0.0,0.0
8,0,0.0,0.0,0.0
8,0,0.0,0.0,0.0
8,0,0.0,0.0,0.0
8,0,0.0,0.0,0.0
8,0,0.0,0.0,0.0
8,0,0.8053045960910552,0.0,63.36000000000001
8,0,0.0,0.0,0.0
8,0,0.0,0.0,0.0
8,0,0.0,0.0,0.0
8,0,0.0,0.0,0.0
8,0,0.0,0.0,0.0
8,0,0.0,0.0,0.0
8,0,0.0,0.0,0.0
8,0,0.0,0.0,0.0
8,0,0.0,0.0,0.0
8,0,0.0,0.0,0.0
8,0,0.0,0.0,0.0
8,0,0.0,0.0,0.0
8,0,0.0,0.0,0.0
8,0,0.0,0.0,0.0
8,0,0.0,0.0,0.0
8,0,0.0,0.0,0.0
8,0,0.0,0.0,0.0
8,0,0.0,0.0,0.0
8,0,0.0,0.0,0.0
8,0,0.0,0.0,0.0
8,0,0.0,0.0,0.0
8,0,0.0,0.0,0.0
8,0,0.0,0.0,0.0
8,0,0.0,0.0,0.0
8,0,0.0,0.0,0.0
8,0,0.0,0.0,0.0
8,0,0.0,0.0,0.0
8,0,0.0,0.0,0.0
8,0,0.0,0.0,0.0
8,0,0.0,0.0,0.0
8,0,0.0,0.0,0.0
8,0,0.0,0.0,0.0
8,0,0.0,0.0,0.0
8,0,0.0,0.0,0.0
8,0,0.0,0.0,0.0
8,0,0.0,0.0,0.0
8,0,0.0,0.0,0.0
8,0,0.0,0.0,0.0
8,0,0.0,0.0,0.0
8,0,0.0,0.0,0.0
8,0,0.0,0.0,0.0
8,0,0.0,0.0,0.0
8,0,0.0,0.0,0.0
8,0,0.0,0.0,0.0
8,0,0.0,0.0,0.0
8,0,0.0,0.0,0.0
8,0,0.0,0.0,0.0
8,0,0.0,0.0,0.0
8,0,0.0,0.0,0.0
8,0,0.0,0.0,0.0
8,0,0.0,0.0,0.0
8,0,0.0,0.0,0.0
8,0,0.0,0.0,0.0
8,0,0.0,0.0,0.0
8,0,0.0,0.0,0.0
8,0,0.0,0.0,0.0
8,0,0.0,0.0,0.0
8,0,0.0,0.0,0.0
8,0,0.0,0.0,0.0
8,0,0.0,0.0,0.0
8,0,0.0,0.0,0.0
8,0,0.0,0.0,0.0
8,0,0.0,0.0,0.0
8,0,0.0,0.0,0.0
8,0,0.0,0.0,0.0
8,0,0.0,0.0,0.0
8,0,0.0,0.0,0.0
8,0,0.0,0.0,0.0
8,0,0.0,0.0,0.0
8,0,0.0,0.0,0.0
8,0,0.0,0.0,0.0
8,0,0.0,0.0,0.0
8,0,0.0,0.0,0.0
8,0,0.0,0.0,0.0
8,0,0.0,0.0,0.0
8,0,0.0,0.0,0.0
8,0,0.0,0.0,0.0
8,0,0.0,0.0,0.0
8,0,0.0,0.0,0.0
8,0,0.0,0.0,0.0
8,0,0.0,0.0,0.0
8,0,0.0,0.0,0.0
8,0,0.0,0.0,0.0
8,0,0.0,0.0,0.0
8,0,0.0,0.0,0.0
8,0,0.0,0.0,0.0
8,0,0.0,0.0,0.0
8,0,0.0,0.0,0.0
8,0,0.0,0.0,0.0
8,0,0.0,0.0,0.0
8,0,0.0,0.0,0.0
8,0,0.0,0.0,0.0
8,0,0.0,0.0,0.0
8,0,0.0,0.0,0.0
8,0,0.0,0.0,0.0
8,0,0.0,0.0,0.0
8,0,0.0,0.0,0.0
8,0,0.0,0.0,0.0
8,0,0.0,0.0,0.0
8,0,0.0,0.0,0.0
8,0,0.0,0.0,0.0
8,0,0.0,0.0,0.0
8,0,0.0,0.0,0.0
8,0,0.0,0.0,0.0
8,0,0.0,0.0,0.0
8,0,0.0,0.0,0.0
8,0,0.0,0.0,0.0
8,0,0.0,0.0,0.0
8,0,0.0,0.0,0.0
8,0,0.0,0.0,0.0
8,0,0.0,0.0,0.0
8,0,0.0,0.0,0.0
8,0,0.0,0.0,0.0
8,0,0.0,0.0,0.0
8,0,0.0,0.0,0.0
8,0,0.0,0.0,0.0
8,0,0.0,0.0,0.0
8,0,0.0,0.0,0.0
8,0,0.0,0.0,0.0
8,0,0.0,0.0,0.0
8,0,0.0,0.0,13.200000000000001
8,0,0.0,0.0,0.0
8,0,0.0,0.0,0.0
8,0,0.0,0.0,0.0
8,0,0.0,0.0,0.0
8,0,0.0,0.0,0.0
8,0,0.0,0.0,0.0
8,0,0.0,0.0,0.0
8,0,0.0,0.0,0.0
8,0,0.0,0.0,0.0
8,0,0.0,0.0,0.0
8,0,0.0,0.0,0.0
8,0,0.0,0.0,0.0
8,0,0.0,0.0,0.0
8,0,0.0,0.0,0.0
8,0,0.0,0.0,0.0
8,0,0.0,0.0,0.0
8,0,0.0,0.0,0.0
8,0,0.0,0.0,0.0
8,0,0.0,0.0,0.0
8,0,0.0,0.0,0.0
8,0,0.0,0.0,0.0
8,0,0.0,0.0,0.0
8,0,0.0,0.0,0.0
8,0,0.0,0.0,0.0
8,0,0.0,0.0,0.0
8,0,0.0,0.0,0.0
8,0,0.0,0.0,0.0
8,0,0.0,0.0,0.0
8,0,0.0,0.0,0.0
8,0,0.0,0.0,0.0
8,0,0.0,0.0,0.0
8,0,0.0,0.0,0.0
8,0,0.0,0.0,0.0
8,0,0.0,0.0,0.0
8,0,0.0,0.0,0.0
8,0,0.0,0.0,0.0
8,0,0.0,0.0,0.0
8,0,0.0,0.0,0.0
8,0,0.0,0.0,0.0
8,0,0.0,0.0,0.0
8,0,0.0,0.0,0.0
8,0,0.0,0.0,0.0
8,0,0.0,0.0,0.0
8,0,0.0,0.0,0.0
8,0,0.0,0.0,0.0
8,0,0.0,0.0,0.0
8,0,0.0,0.0,0.0
8,0,0.0,0.0,0.0
8,0,0.0,0.0,0.0
8,0,0.0,0.0,0.0
8,0,0.0,0.0,0.0
8,0,0.0,0.0,0.0
8,0,0.0,0.0,0.0
8,0,0.0,0.0,0.0
8,0,0.0,0.0,0.0
8,0,0.0,0.0,0.0
8,0,0.0,0.0,0.0
8,0,0.0,0.0,0.0
8,0,0.0,0.0,0.0
8,0,0.0,0.0,0.0
8,0,0.0,0.0,0.0
8,0,0.0,0.0,0.0
8,0,0.0,0.0,0.0
8,0,0.0,0.0,0.0
8,0,0.0,0.0,0.0
8,0,0.0,0.0,0.0
8,0,0.0,0.0,0.0
8,0,0.0,0.0,0.0
8,0,0.0,0.0,0.0
8,0,0.0,0.0,0.0
8,0,0.0,0.0,0.0
8,0,0.0,0.0,0.0
8,0,0.0,0.0,0.0
8,0,0.0,0.0,0.0
8,0,0.0,0.0,0.0
8,0,0.0,0.0,0.0
8,0,0.0,0.0,0.0
8,0,0.0,0.0,0.0
8,0,0.0,0.0,0.0
8,0,0.0,0.0,0.0
8,0,0.0,0.0,0.0
8,0,0.0,0.0,0.0
8,0,0.0,0.0,0.0
8,0,0.0,0.0,0.0
8,0,0.0,0.0,0.0
8,0,0.0,0.0,0.0
8,0,0.0,0.0,0.0
8,0,0.0,0.0,0.0
8,0,0.0,0.0,0.0
8,0,0.0,0.0,0.0
8,0,0.0,0.0,0.0
8,0,0.0,0.0,0.0
8,0,0.0,0.0,0.0
8,0,0.0,0.0,0.0
8,0,0.0,0.0,0.0
8,0,0.0,0.0,0.0
8,0,0.0,0.0,0.0
8,0,0.0,0.0,0.0
8,0,0.0,0.0,0.0
8,0,0.0,0.0,0.0
8,0,0.0,0.0,0.0
8,0,0.0,0.0,0.0
8,0,0.0,0.0,0.0
8,0,0.0,0.0,0.0
8,0,0.0,0.0,0.0
8,0,0.0,0.0,0.0
8,0,0.0,0.0,0.0
8,0,0.0,0.0,0.0
8,0,0.0,0.0,0.0
8,0,0.0,0.0,0.0
8,0,0.0,0.0,0.0
8,0,0.0,0.0,0.0
8,0,0.0,0.0,0.0
8,0,0.0,0.0,0.0
8,0,0.0,0.0,0.0
8,0,0.0,0.0,0.0
8,0,0.0,0.0,0.0
8,0,0.0,0.0,0.0
8,0,0.0,0.0,0.0
8,0,0.0,0.0,0.0
8,0,0.0,0.0,0.0
8,0,0.0,0.0,0.0
8,0,0.0,0.0,0.0
8,0,0.0,0.0,0.0
8,0,0.0,0.0,0.0
8,0,0.0,0.0,0.0
8,0,0.0,0.0,0.0
8,0,0.0,0.0,0.0
8,0,0.0,0.0,0.0
8,0,0.0,0.0,0.0
8,0,0.0,0.0,0.0
8,0,0.0,0.0,0.0
8,0,0.0,0.0,0.0
8,0,0.0,0.0,0.0
8,0,0.0,0.0,0.0
8,0,0.0,0.0,0.0
8,0,0.0,0.0,0.0
8,0,0.0,0.0,0.0
8,0,0.0,0.0,0.0
8,0,0.0,0.0,0.0
8,0,0.0,0.0,0.0
8,0,0.0,0.0,0.0
8,0,0.0,0.0,0.0
8,0,0.0,0.0,0.0
8,0,0.0,0.0,0.0
8,0,0.0,0.0,0.0
8,0,0.0,0.0,0.0
8,0,0.0,0.0,0.0
8,0,0.0,0.0,0.0
8,0,0.0,0.0,0.0
8,0,0.0,0.0,0.0
8,0,0.0,0.0,0.0
8,0,0.0,0.0,0.0
8,0,0.0,0.0,0.0
8,0,0.0,0.0,0.0
8,0,0.0,0.0,0.0
8,0,0.0,0.0,0.0
8,0,0.0,0.0,0.0
8,0,0.0,0.0,0.0
8,0,0.0,0.0,0.0
8,0,0.0,0.0,0.0
8,0,0.0,0.0,0.0
8,0,0.0,0.0,0.0
8,0,0.0,0.0,0.0
8,0,0.0,0.0,0.0
8,0,0.0,0.0,0.0
8,0,0.0,0.0,0.0
8,0,0.0,0.0,0.0
8,0,0.0,0.0,0.0
8,0,0.0,0.0,0.0
8,0,0.0,0.0,0.0
8,0,0.0,0.0,0.0
8,0,0.0,0.0,0.0
8,0,0.0,0.0,0.0
8,0,0.0,0.0,0.0
8,0,0.0,0.0,0.0
8,0,0.0,0.0,0.0
8,0,0.0,0.0,0.0
8,0,0.0,0.0,0.0
8,0,0.0,0.0,0.0
8,0,0.0,0.0,0.0
8,0,0.0,0.0,0.0
8,0,0.0,0.0,0.0
8,0,0.0,0.0,0.0
8,0,0.0,0.0,0.0
8,0,0.0,0.0,0.0
8,0,0.0,0.0,0.0
8,0,0.0,0.0,0.0
8,0,0.0,0.0,0.0
8,0,0.0,0.0,0.0
8,0,0.0,0.0,0.0
8,0,0.0,0.0,0.0
8,0,0.0,0.0,0.0
8,0,0.0,0.0,0.0
8,0,0.0,0.0,0.0
8,0,0.0,0.0,0.0
8,0,0.0,0.0,0.0
8,0,0.0,0.0,0.0
8,0,0.0,0.0,0.0
8,0,0.0,0.0,0.0
8,0,0.0,0.0,0.0
8,0,0.0,0.0,0.0
8,0,0.0,0.0,0.0
8,0,0.0,0.0,0.0
8,0,0.0,0.0,0.0
8,0,0.0,0.0,0.0
8,0,0.0,0.0,0.0
8,0,0.0,0.0,0.0
8,0,0.0,0.0,0.0
8,0,0.0,0.0,0.0
8,0,0.0,0.0,0.0
8,0,0.0,0.0,0.0
8,0,0.0,0.0,0.0
8,0,0.0,0.0,0.0
8,0,0.0,0.0,0.0
8,0,0.0,0.0,0.0
8,0,0.0,0.0,0.0
8,0,0.0,0.0,0.0
8,0,0.0,0.0,0.0
8,0,0.0,0.0,0.0
8,0,0.0,0.0,0.0
8,0,0.0,0.0,0.0
8,0,0.0,0.0,0.0
8,0,0.0,0.0,69.95999999999998
8,0,0.0,0.0,0.0
8,0,0.0,0.0,0.0
8,0,0.0,0.0,0.0
8,0,0.0,0.0,0.0
8,0,0.0,0.0,0.0
8,0,0.0,0.0,0.0
8,0,0.0,0.0,0.0
8,0,0.0,0.0,0.0
8,0,0.0,0.0,0.0
8,0,0.0,0.0,0.0
8,0,0.0,0.0,0.0
8,0,0.0,0.0,0.0
8,0,0.0,0.0,0.0
8,0,0.0,0.0,0.0
8,0,0.0,0.0,0.0
8,0,0.0,0.0,0.0
8,0,0.0,0.0,0.0
8,0,0.0,0.0,0.0
8,0,0.0,0.0,0.0
8,0,0.0,0.0,0.0
8,0,0.0,0.0,0.0
8,0,0.0,0.0,0.0
8,0,0.0,0.0,0.0
8,0,0.0,0.0,0.0
8,0,0.0,0.0,0.0
8,0,0.0,0.0,0.0
8,0,0.0,0.0,0.0
8,0,0.0,0.0,0.0
8,0,0.0,0.0,0.0
8,0,0.0,0.0,0.0
8,0,0.0,0.0,0.0
8,0,0.0,0.0,0.0
8,0,0.0,0.0,0.0
8,0,0.0,0.0,0.0
8,0,0.0,0.0,0.0
8,0,0.0,0.0,0.0
8,0,0.0,0.0,0.0
8,0,0.0,0.0,0.0
8,0,0.0,0.0,0.0
8,0,0.0,0.0,0.0
8,0,0.0,0.0,0.0
8,0,0.0,0.0,0.0
8,0,0.0,0.0,0.0
8,0,0.0,0.0,0.0
8,0,0.0,0.0,0.0
8,0,0.0,0.0,0.0
8,0,0.0,0.0,0.0
8,0,0.0,0.0,0.0
8,0,0.0,0.0,0.0
8,0,0.0,0.0,0.0
8,0,0.0,0.0,0.0
8,0,0.0,0.0,0.0
8,0,0.0,0.0,0.0
8,0,0.0,0.0,0.0
8,0,0.0,0.0,0.0
8,0,0.0,0.0,0.0
8,0,0.0,0.0,0.0
8,0,0.0,0.0,0.0
8,0,0.0,0.0,0.0
8,0,0.0,0.0,0.0
8,0,0.0,0.0,0.0
8,0,0.0,0.0,0.0
8,0,0.0,0.0,0.0
8,0,0.0,0.0,0.0
8,0,0.0,0.0,0.0
8,0,0.0,0.0,0.0
8,0,0.0,0.0,0.0
8,0,0.0,0.0,0.0
8,0,0.0,0.0,0.0
8,0,0.0,0.0,0.0
8,0,0.0,0.0,0.0
8,0,0.0,0.0,30.360000000000003
8,0,0.0,0.0,0.0
8,0,0.0,0.0,0.0
8,0,0.0,0.0,0.0
8,0,0.0,0.0,0.0
8,0,0.0,0.0,0.0
8,0,0.0,0.0,0.0
8,0,0.0,0.0,0.0
8,0,0.0,0.0,0.0
8,0,0.0,0.0,0.0
8,0,0.0,0.0,0.0
8,0,0.0,0.0,0.0
8,0,0.0,0.0,0.0
8,0,0.0,0.0,0.0
8,0,0.0,0.0,0.0
8,0,0.0,0.0,0.0
8,0,0.0,0.0,0.0
8,0,0.0,0.0,0.0
8,0,0.0,0.0,0.0
8,0,0.0,0.0,0.0
8,0,0.0,0.0,0.0
8,0,0.0,0.0,0.0
8,0,0.0,0.0,0.0
8,0,0.0,0.0,0.0
8,0,0.0,0.0,0.0
8,0,0.0,0.0,0.0
8,0,0.0,0.0,0.0
8,0,0.0,0.0,0.0
8,0,0.0,0.0,0.0
8,0,0.0,0.0,0.0
8,0,0.0,0.0,0.0
8,0,0.0,0.0,0.0
8,0,0.0,0.0,0.0
8,0,0.0,0.0,0.0
8,0,0.0,0.0,0.0
8,0,0.0,0.0,0.0
8,0,0.0,0.0,0.0
8,0,0.0,0.0,0.0
8,0,0.0,0.0,0.0
8,0,0.0,0.0,0.0
8,0,0.0,0.0,0.0
8,0,0.0,0.0,0.0
8,0,0.0,0.0,0.0
8,0,0.0,0.0,0.0
8,0,0.0,0.0,0.0
8,0,0.0,0.0,0.0
8,0,0.0,0.0,0.0
8,0,0.0,0.0,0.0
8,0,0.0,0.0,0.0
8,0,0.0,0.0,0.0
8,0,0.0,0.0,0.0
8,0,0.0,0.0,0.0
8,0,0.0,0.0,0.0
8,0,0.0,0.0,0.0
8,0,0.0,0.0,0.0
8,0,0.0,0.0,0.0
8,0,0.0,0.0,0.0
8,0,0.0,0.0,0.0
8,0,0.0,0.0,0.0
8,0,0.0,0.0,0.0
8,0,0.0,0.0,0.0
8,0,0.0,0.0,0.0
8,0,0.0,0.0,0.0
8,0,0.0,0.0,0.0
8,0,0.0,0.0,0.0
8,0,0.0,0.0,0.0
8,0,0.0,0.0,0.0
8,0,0.0,0.0,0.0
8,0,0.0,0.0,0.0
8,0,0.0,0.0,0.0
8,0,0.0,0.0,0.0
8,0,0.0,0.0,0.0
8,0,0.0,0.0,0.0
8,0,0.0,0.0,0.0
8,0,0.0,0.0,0.0
8,0,0.0,0.0,0.0
8,0,0.0,0.0,0.0
8,0,0.0,0.0,0.0
8,0,0.0,0.0,0.0
8,0,0.0,0.0,0.0
8,0,0.0,0.0,0.0
8,0,0.0,0.0,0.0
8,0,0.0,0.0,0.0
8,0,0.0,0.0,0.0
8,0,0.0,0.0,0.0
8,0,0.0,0.0,0.0
8,0,0.0,0.0,0.0
8,0,0.0,0.0,0.0
8,0,0.0,0.0,0.0
8,0,0.0,0.0,0.0
8,0,0.0,0.0,0.0
8,0,0.0,0.0,0.0
8,0,0.0,0.0,0.0
8,0,0.0,0.0,0.0
8,0,0.0,0.0,0.0
8,0,0.0,0.0,0.0
8,0,0.0,0.0,0.0
8,0,0.0,0.0,0.0
8,0,0.0,0.0,0.0
8,0,0.0,0.0,0.0
8,0,0.0,0.0,0.0
8,0,0.0,0.0,0.0
8,0,0.0,0.0,0.0
8,0,0.0,0.0,0.0
8,0,0.0,0.0,0.0
8,0,0.0,0.0,0.0
8,0,0.0,0.0,0.0
8,0,0.0,0.0,0.0
8,0,0.0,0.0,0.0
8,0,0.0,0.0,0.0
8,0,0.0,0.0,0.0
8,0,0.0,0.0,0.0
8,0,0.0,0.0,0.0
8,0,0.0,0.0,0.0
8,0,0.0,0.0,0.0
8,0,0.0,0.0,0.0
8,0,0.0,0.0,0.0
8,0,0.0,0.0,0.0
8,0,0.0,0.0,0.0
8,0,0.0,0.0,0.0
8,0,0.0,0.0,0.0
8,0,0.0,0.0,0.0
8,0,0.0,0.0,0.0
8,0,0.0,0.0,0.0
8,0,0.0,0.0,0.0
8,0,0.0,0.0,0.0
8,0,0.0,0.0,0.0
8,0,0.0,0.0,0.0
8,0,0.0,0.0,0.0
8,0,0.0,0.0,0.0
8,0,0.0,0.0,0.0
8,0,0.0,0.0,0.0
8,0,0.0,0.0,0.0
8,0,0.0,0.0,0.0
8,0,0.0,0.0,0.0
8,0,0.0,0.0,0.0
8,0,0.0,0.0,0.0
8,0,0.0,0.0,0.0
8,0,0.0,0.0,0.0
8,0,0.0,0.0,0.0
8,0,0.0,0.0,0.0
8,0,0.0,0.0,0.0
8,0,0.0,0.0,0.0
8,0,0.0,0.0,0.0
8,0,0.0,0.0,0.0
8,0,0.0,0.0,0.0
8,0,0.0,0.0,0.0
8,0,0.0,0.0,0.0
8,0,0.0,0.0,0.0
8,0,0.0,0.0,0.0
8,0,0.0,0.0,0.0
8,0,0.0,0.0,0.0
8,0,0.0,0.0,0.0
8,0,0.0,0.0,0.0
8,0,0.0,0.0,0.0
8,0,0.0,0.0,0.0
8,0,0.0,0.0,0.0
8,0,0.0,0.0,0.0
8,0,0.0,0.0,0.0
8,0,0.0,0.0,0.0
8,0,0.0,0.0,0.0
8,0,0.0,0.0,0.0
8,0,0.0,0.0,0.0
8,0,0.0,0.0,0.0
8,0,0.0,0.0,0.0
8,0,0.0,0.0,0.0
8,0,0.0,0.0,0.0
8,0,0.0,0.0,0.0
8,0,0.0,0.0,0.0
8,0,0.0,0.0,0.0
8,0,0.0,0.0,0.0
8,0,0.0,0.0,0.0
8,0,0.0,0.0,0.0
8,0,0.0,0.0,0.0
8,0,0.0,0.0,0.0
8,0,0.0,0.0,0.0
8,0,0.0,0.0,0.0
8,0,0.0,0.0,0.0
8,0,0.0,0.0,0.0
8,0,0.0,0.0,0.0
8,0,0.0,0.0,0.0
8,0,0.0,0.0,0.0
8,0,0.0,0.0,0.0
8,0,0.0,0.0,0.0
8,0,0.0,0.0,0.0
8,0,0.0,0.0,0.0
8,0,0.0,0.0,0.0
8,0,0.0,0.0,0.0
8,0,0.0,0.0,0.0
8,0,0.0,0.0,0.0
8,0,0.0,0.0,0.0
8,0,0.0,0.0,0.0
8,0,0.0,0.0,0.0
8,0,0.0,0.0,0.0
8,0,0.0,0.0,0.0
8,0,0.0,0.0,0.0
8,0,0.0,0.0,0.0
8,0,0.0,0.0,0.0
8,0,0.0,0.0,0.0
8,0,0.0,0.0,0.0
8,0,0.0,0.0,0.0
8,0,0.0,0.0,0.0
8,0,0.0,0.0,0.0
8,0,0.0,0.0,0.0
8,0,0.0,0.0,0.0
8,0,0.0,0.0,0.0
8,0,0.0,0.0,0.0
8,0,0.0,0.0,0.0
8,0,0.0,0.0,0.0
8,0,0.0,0.0,0.0
8,0,0.0,0.0,0.0
8,0,0.0,0.0,0.0
8,0,0.0,0.0,0.0
8,0,0.0,0.0,0.0
8,0,0.0,0.0,0.0
8,0,0.0,0.0,0.0
8,0,0.0,0.0,0.0
8,0,0.0,0.0,0.0
8,0,0.0,0.0,0.0
8,0,0.0,0.0,0.0
8,0,0.0,0.0,0.0
8,0,0.0,0.0,0.0
8,0,0.0,0.0,0.0
8,0,0.0,0.0,0.0
8,0,0.0,0.0,47.52
8,0,0.0,0.0,0.0
8,0,0.0,0.0,0.0
8,0,0.0,0.0,0.0
8,0,0.0,0.0,0.0
8,0,0.0,0.0,0.0
8,0,0.0,0.0,0.0
8,0,0.0,0.0,0.0
8,0,0.0,0.0,0.0
8,0,0.0,0.0,0.0
8,0,0.0,0.0,0.0
8,0,0.0,0.0,0.0
8,0,0.0,0.0,0.0
8,0,0.0,0.0,0.0
8,0,0.0,0.0,0.0
8,0,0.0,0.0,0.0
8,0,0.0,0.0,0.0
8,0,0.0,0.0,0.0
8,0,0.0,0.0,0.0
8,0,0.0,0.0,0.0
8,0,0.0,0.0,0.0
8,0,0.0,0.0,0.0
8,0,0.0,0.0,0.0
8,0,0.0,0.0,0.0
8,0,0.0,0.0,0.0
8,0,0.0,0.0,0.0
8,0,0.0,0.0,0.0
8,0,0.0,0.0,0.0
8,0,0.0,0.0,0.0
8,0,0.0,0.0,0.0
8,0,0.0,0.0,0.0
8,0,0.0,0.0,0.0
8,0,0.0,0.0,0.0
8,0,0.0,0.0,0.0
8,0,0.0,0.0,0.0
8,0,0.0,0.0,0.0
8,0,0.0,0.0,0.0
8,0,0.0,0.0,0.0
8,0,0.0,0.0,0.0
8,0,0.0,0.0,0.0
8,0,0.0,0.0,0.0
8,0,0.0,0.0,0.0
8,0,0.0,0.0,0.0
8,0,0.0,0.0,0.0
8,0,0.0,0.0,0.0
8,0,0.0,0.0,0.0
8,0,0.0,0.0,0.0
8,0,0.0,0.0,0.0
8,0,0.0,0.0,0.0
8,0,0.0,0.0,0.0
8,0,0.0,0.0,0.0
8,0,0.0,0.0,0.0
8,0,0.0,0.0,0.0
8,0,0.0,0.0,0.0
8,0,0.0,0.0,0.0
8,0,0.0,0.0,0.0
8,0,0.0,0.0,0.0
8,0,0.0,0.0,0.0
8,0,0.0,0.0,0.0
8,0,0.0,0.0,0.0
8,0,0.0,0.0,0.0
8,0,0.0,0.0,0.0
8,0,0.0,0.0,0.0
8,0,0.0,0.0,0.0
8,0,0.0,0.0,0.0
8,0,0.0,0.0,0.0
8,0,0.0,0.0,0.0
8,0,0.0,0.0,0.0
8,0,0.0,0.0,0.0
8,0,0.0,0.0,0.0
8,0,0.0,0.0,0.0
8,0,0.0,0.0,0.0
8,0,0.0,0.0,0.0
8,0,0.0,0.0,0.0
8,0,0.0,0.0,0.0
8,0,0.0,0.0,0.0
8,0,0.0,0.0,0.0
8,0,0.0,0.0,0.0
8,0,0.0,0.0,0.0
8,0,0.0,0.0,0.0
8,0,0.0,0.0,0.0
8,0,0.0,0.0,0.0
8,0,0.0,0.0,0.0
8,0,0.0,0.0,0.0
8,0,0.0,0.0,0.0
8,0,0.0,0.0,0.0
8,0,0.0,0.0,0.0
8,0,0.0,0.0,0.0
8,0,0.0,0.0,0.0
8,0,0.0,0.0,0.0
8,0,0.0,0.0,0.0
8,0,0.0,0.0,0.0
8,0,0.0,0.0,0.0
8,0,0.0,0.0,0.0
8,0,0.0,0.0,0.0
8,0,0.0,0.0,0.0
8,0,0.0,0.0,0.0
8,0,0.0,0.0,0.0
8,0,0.0,0.0,0.0
8,0,0.0,0.0,0.0
8,0,0.0,0.0,0.0
8,0,0.0,0.0,0.0
8,0,0.0,0.0,0.0
8,0,0.0,0.0,0.0
8,0,0.0,0.0,0.0
8,0,0.0,0.0,0.0
8,0,0.0,0.0,0.0
8,0,0.0,0.0,0.0
8,0,0.0,0.0,0.0
8,0,0.0,0.0,0.0
8,0,0.0,0.0,0.0
8,0,0.0,0.0,0.0
8,0,0.0,0.0,0.0
8,0,0.0,0.0,0.0
8,0,0.0,0.0,0.0
8,0,0.0,0.0,0.0
8,0,0.0,0.0,0.0
8,0,0.0,0.0,0.0
8,0,0.0,0.0,0.0
8,0,0.0,0.0,0.0
8,0,0.0,0.0,0.0
8,0,0.0,0.0,0.0
8,0,0.0,0.0,0.0
8,0,0.0,0.0,0.0
8,0,0.0,0.0,0.0
8,0,0.0,0.0,0.0
8,0,0.0,0.0,0.0
8,0,0.0,0.0,0.0
8,0,0.0,0.0,0.0
8,0,0.0,0.0,0.0
8,0,0.0,0.0,0.0
8,0,0.0,0.0,0.0
8,0,0.0,0.0,0.0
8,0,0.0,0.0,0.0
8,0,0.0,0.0,0.0
8,0,0.0,0.0,0.0
8,0,0.0,0.0,0.0
8,0,0.0,0.0,0.0
8,0,0.0,0.0,0.0
8,0,0.0,0.0,0.0
8,0,0.0,0.0,0.0
8,0,0.0,0.0,0.0
8,0,0.0,0.0,0.0
8,0,0.0,0.0,0.0
8,0,0.0,0.0,0.0
8,0,0.0,0.0,0.0
8,0,0.0,0.0,0.0
8,0,0.0,0.0,0.0
8,0,0.0,0.0,0.0
8,0,0.0,0.0,0.0
8,0,0.0,0.0,0.0
8,0,0.0,0.0,0.0
8,0,0.0,0.0,0.0
8,0,0.0,0.0,0.0
8,0,0.0,0.0,0.0
8,0,0.0,0.0,0.0
8,0,0.0,0.0,0.0
8,0,0.0,0.0,0.0
8,0,0.0,0.0,0.0
8,0,0.0,0.0,0.0
8,0,0.0,0.0,0.0
8,0,0.0,0.0,0.0
8,0,0.0,0.0,0.0
8,0,0.0,0.0,0.0
8,0,0.0,0.0,0.0
8,0,0.0,0.0,0.0
8,0,0.0,0.0,0.0
8,0,0.0,0.0,0.0
8,0,0.0,0.0,0.0
8,0,0.0,0.0,0.0
8,0,0.0,0.0,0.0
8,0,0.0,0.0,0.0
8,0,0.0,0.0,0.0
8,0,0.0,0.0,0.0
8,0,0.0,0.0,0.0
8,0,0.0,0.0,0.0
8,0,0.0,0.0,0.0
8,0,0.0,0.0,0.0
8,0,0.0,0.0,0.0
8,0,0.0,0.0,0.0
8,0,0.0,0.0,0.0
8,0,0.0,0.0,0.0
8,0,0.0,0.0,0.0
8,0,0.0,0.0,0.0
8,0,0.0,0.0,0.0
8,0,0.0,0.0,0.0
8,0,0.0,0.0,0.0
8,0,0.0,0.0,0.0
8,0,0.0,0.0,0.0
8,0,0.0,0.0,0.0
8,0,0.0,0.0,0.0
8,0,0.0,0.0,0.0
8,0,0.0,0.0,0.0
8,0,0.0,0.0,0.0
8,0,0.0,0.0,0.0
8,0,0.0,0.0,0.0
8,0,0.0,0.0,0.0
8,0,0.0,0.0,0.0
8,0,0.0,0.0,0.0
8,0,0.0,0.0,0.0
8,0,0.0,0.0,0.0
8,0,0.0,0.0,0.0
8,0,0.0,0.0,0.0
8,0,0.0,0.0,0.0
8,0,0.0,0.0,0.0
8,0,0.0,0.0,0.0
8,0,0.0,0.0,0.0
8,0,0.0,0.0,0.0
8,0,0.0,0.0,0.0
8,0,0.0,0.0,0.0
8,0,0.0,0.0,0.0
8,0,0.0,0.0,0.0
8,0,0.0,0.0,0.0
8,0,0.0,0.0,0.0
8,0,0.0,0.0,0.0
8,0,0.0,0.0,0.0
8,0,0.0,0.0,0.0
8,0,0.0,0.0,0.0
8,0,0.0,0.0,0.0
8,0,0.0,0.0,0.0
8,0,0.0,0.0,0.0
8,0,0.0,0.0,0.0
8,0,0.0,0.0,0.0
8,0,0.0,0.0,0.0
8,0,0.0,0.0,0.0
8,0,0.0,0.0,0.0
8,0,0.0,0.0,0.0
8,0,0.0,0.0,0.0
8,0,0.0,0.0,0.0
8,0,0.0,0.0,0.0
8,0,0.0,0.0,0.0
8,0,0.0,0.0,0.0
8,0,0.0,0.0,0.0
8,0,0.0,0.0,0.0
8,0,0.0,0.0,0.0
8,0,0.0,0.0,0.0
8,0,0.0,0.0,0.0
8,0,0.0,0.0,0.0
8,0,0.0,0.0,0.0
8,0,0.0,0.0,0.0
8,0,0.0,0.0,0.0
8,0,0.0,0.0,0.0
8,0,0.0,0.0,0.0
8,0,0.0,0.0,0.0
8,0,0.0,0.0,0.0
8,0,0.0,0.0,0.0
8,0,0.0,0.0,0.0
8,0,0.0,0.0,0.0
8,0,0.0,0.0,0.0
8,0,0.0,0.0,0.0
8,0,0.0,0.0,0.0
8,0,0.0,0.0,0.0
8,0,0.0,0.0,0.0
8,0,0.0,0.0,0.0
8,0,0.0,0.0,0.0
8,0,0.0,0.0,0.0
8,0,0.0,0.0,0.0
8,0,0.0,0.0,0.0
8,0,0.0,0.0,0.0
8,0,0.0,0.0,0.0
8,0,0.0,0.0,0.0
8,0,0.0,0.0,0.0
8,0,0.0,0.0,0.0
8,0,0.0,0.0,0.0
8,0,0.0,0.0,0.0
8,0,0.0,0.0,0.0
8,0,0.0,0.0,0.0
8,0,0.0,0.0,0.0
8,0,0.0,0.0,0.0
8,0,0.0,0.0,0.0
8,0,0.0,0.0,0.0
8,0,0.0,0.0,0.0
8,0,0.0,0.0,0.0
8,0,0.0,0.0,0.0
8,0,0.0,0.0,0.0
8,0,0.0,0.0,0.0
8,0,0.0,0.0,0.0
8,0,0.0,0.0,0.0
8,0,0.0,0.0,0.0
8,0,0.0,0.0,0.0
8,0,0.0,0.0,0.0
8,0,0.0,0.0,0.0
8,0,0.0,0.0,0.0
8,0,0.0,0.0,0.0
8,0,0.0,0.0,0.0
8,0,0.0,0.0,0.0
8,0,0.0,0.0,0.0
8,0,0.0,0.0,0.0
8,0,0.0,0.0,0.0
8,0,0.0,0.0,0.0
8,0,0.0,0.0,0.0
8,0,0.0,0.0,0.0
8,0,0.0,0.0,0.0
8,0,0.0,0.0,0.0
8,0,0.0,0.0,0.0
8,0,0.0,0.0,0.0
8,0,0.0,0.0,0.0
8,0,0.0,0.0,0.0
8,0,0.0,0.0,0.0
8,0,0.0,0.0,0.0
8,0,0.0,0.0,0.0
8,0,0.0,0.0,0.0
8,0,0.0,0.0,0.0
8,0,0.0,0.0,0.0
8,0,0.0,0.0,0.0
8,0,0.0,0.0,0.0
8,0,0.0,0.0,0.0
8,0,0.0,0.0,0.0
8,0,0.0,0.0,0.0
8,0,0.0,0.0,0.0
8,0,0.0,0.0,0.0
8,0,0.0,0.0,0.0
8,0,0.0,0.0,0.0
8,0,0.0,0.0,0.0
8,0,0.0,0.0,0.0
8,0,0.0,0.0,0.0
8,0,0.0,0.0,0.0
8,0,0.0,0.0,0.0
8,0,0.0,0.0,0.0
8,0,0.0,0.0,0.0
8,0,0.0,0.0,0.0
8,0,0.0,0.0,0.0
8,0,0.0,0.0,0.0
8,0,0.0,0.0,0.0
8,0,0.0,0.0,0.0
8,0,0.0,0.0,0.0
8,0,0.0,0.0,0.0
8,0,0.0,0.0,0.0
8,0,0.0,0.0,0.0
8,0,0.0,0.0,0.0
8,0,0.0,0.0,0.0
8,0,0.0,0.0,0.0
8,0,0.0,0.0,0.0
8,0,0.0,0.0,0.0
8,0,0.0,0.0,0.0
8,0,0.0,0.0,0.0
8,0,0.0,0.0,0.0
8,0,0.0,0.0,0.0
8,0,0.0,0.0,0.0
8,0,0.0,0.0,0.0
8,0,0.0,0.0,0.0
8,0,0.0,0.0,0.0
8,0,0.0,0.0,0.0
8,0,0.0,0.0,0.0
8,0,0.0,0.0,0.0
8,0,0.0,0.0,0.0
8,0,0.0,0.0,0.0
8,0,0.0,0.0,0.0
8,0,0.0,0.0,0.0
8,0,0.0,0.0,0.0
8,0,0.0,0.0,0.0
8,0,0.0,0.0,0.0
8,0,0.0,0.0,0.0
8,0,0.0,0.0,0.0
8,0,0.0,0.0,0.0
8,0,0.0,0.0,0.0
8,0,0.0,0.0,0.0
8,0,0.0,0.0,0.0
8,0,0.0,0.0,0.0
8,0,0.0,0.0,0.0
8,0,0.0,0.0,0.0
8,0,0.0,0.0,0.0
8,0,0.0,0.0,0.0
8,0,0.0,0.0,0.0
8,0,0.0,0.0,0.0
8,0,0.0,0.0,0.0
8,0,0.0,0.0,0.0
8,0,0.0,0.0,0.0
8,0,0.0,0.0,0.0
8,0,0.0,0.0,0.0
8,0,0.0,0.0,0.0
8,0,0.0,0.0,0.0
8,0,0.0,0.0,0.0
8,0,0.0,0.0,0.0
8,0,0.0,0.0,0.0
8,0,0.0,0.0,0.0
8,0,0.0,0.0,0.0
8,0,0.0,0.0,0.0
8,0,0.0,0.0,0.0
8,0,0.0,0.0,0.0
8,0,0.0,0.0,0.0
8,0,0.0,0.0,0.0
8,0,0.0,0.0,0.0
8,0,0.0,0.0,0.0
8,0,0.0,0.0,0.0
8,0,0.0,0.0,0.0
8,0,0.0,0.0,0.0
8,0,0.0,0.0,0.0
8,0,0.0,0.0,0.0
8,0,0.0,0.0,0.0
8,0,0.0,0.0,0.0
8,0,0.0,0.0,0.0
8,0,0.0,0.0,0.0
8,0,0.0,0.0,0.0
8,0,0.0,0.0,0.0
8,0,0.0,0.0,0.0
8,0,0.0,0.0,0.0
8,0,0.0,0.0,0.0
8,0,0.0,0.0,0.0
8,0,0.0,0.0,0.0
8,0,0.0,0.0,0.0
8,0,0.0,0.0,0.0
8,0,0.0,0.0,0.0
8,0,0.0,0.0,0.0
8,0,0.0,0.0,0.0
8,0,0.0,0.0,0.0
8,0,0.0,0.0,0.0
8,0,0.0,0.0,0.0
8,0,0.0,0.0,0.0
8,0,0.0,0.0,0.0
8,0,0.0,0.0,0.0
8,0,0.0,0.0,0.0
8,0,0.0,0.0,0.0
8,0,0.0,0.0,0.0
8,0,0.0,0.0,0.0
8,0,0.0,0.0,0.0
8,0,0.0,0.0,0.0
8,0,0.0,0.0,0.0
8,0,0.0,0.0,0.0
8,0,0.0,0.0,0.0
8,0,0.0,0.0,0.0
8,0,0.0,0.0,0.0
8,0,0.0,0.0,0.0
8,0,0.0,0.0,0.0
8,0,0.0,0.0,0.0
8,0,0.0,0.0,0.0
8,0,0.0,0.0,0.0
8,0,0.0,0.0,0.0
8,0,0.0,0.0,0.0
8,0,0.0,0.0,0.0
8,0,0.0,0.0,0.0
8,0,0.0,0.0,0.0
8,0,0.0,0.0,0.0
8,0,0.0,0.0,0.0
8,0,0.0,0.0,0.0
8,0,0.0,0.0,0.0
8,0,0.0,0.0,0.0
8,0,0.0,0.0,0.0
8,0,0.0,0.0,0.0
8,0,0.0,0.0,0.0
8,0,0.0,0.0,0.0
8,0,0.0,0.0,0.0
8,0,0.0,0.0,0.0
8,0,0.0,0.0,0.0
8,0,0.0,0.0,0.0
8,0,0.0,0.0,0.0
8,0,0.0,0.0,0.0
8,0,0.0,0.0,0.0
8,0,0.0,0.0,0.0
8,0,0.0,0.0,0.0
8,0,0.0,0.0,0.0
8,0,0.0,0.0,0.0
8,0,0.0,0.0,0.0
8,0,0.0,0.0,0.0
8,0,0.0,0.0,0.0
8,0,0.0,0.0,0.0
8,0,0.0,0.0,0.0
8,0,0.0,0.0,0.0
8,0,0.0,0.0,0.0
8,0,0.0,0.0,0.0
8,0,0.0,0.0,0.0
8,0,0.0,0.0,0.0
8,0,0.0,0.0,0.0
8,0,0.0,0.0,0.0
8,0,0.0,0.0,0.0
8,0,0.0,0.0,0.0
8,0,0.0,0.0,0.0
8,0,0.0,0.0,0.0
8,0,0.0,0.0,0.0
8,0,0.0,0.0,0.0
8,0,0.0,0.0,0.0
8,0,0.0,0.0,0.0
8,0,0.0,0.0,0.0
8,0,0.0,0.0,0.0
8,0,0.0,0.0,0.0
8,0,0.0,0.0,0.0
8,0,0.0,0.0,0.0
8,0,0.0,0.0,0.0
8,0,0.0,0.0,0.0
8,0,0.0,0.0,0.0
8,0,0.0,0.0,0.0
8,0,0.0,0.0,0.0
8,0,0.0,0.0,0.0
8,0,0.0,0.0,0.0
8,0,0.0,0.0,0.0
8,0,0.0,0.0,0.0
8,0,0.0,0.0,0.0
8,0,0.0,0.0,0.0
8,0,0.0,0.0,0.0
8,0,0.0,0.0,0.0
8,0,0.0,0.0,0.0
8,0,0.0,0.0,0.0
8,0,0.0,0.0,0.0
8,0,0.0,0.0,0.0
8,0,0.0,0.0,0.0
8,0,0.0,0.0,0.0
8,0,0.0,0.0,0.0
8,0,0.0,0.0,0.0
8,0,0.0,0.0,0.0
8,0,0.0,0.0,0.0
8,0,0.0,0.0,0.0
8,0,0.0,0.0,0.0
8,0,0.0,0.0,0.0
8,0,0.0,0.0,0.0
8,0,0.0,0.0,0.0
8,0,0.0,0.0,0.0
8,0,0.0,0.0,0.0
8,0,0.0,0.0,0.0
8,0,0.0,0.0,0.0
8,0,0.0,0.0,0.0
8,0,0.0,0.0,0.0
8,0,0.0,0.0,0.0
8,0,0.0,0.0,0.0
8,0,0.0,0.0,0.0
8,0,0.0,0.0,0.0
8,0,0.0,0.0,0.0
8,0,0.0,0.0,0.0
8,0,0.0,0.0,0.0
8,0,0.0,0.0,0.0
8,0,0.0,0.0,0.0
8,0,0.0,0.0,0.0
8,0,0.0,0.0,0.0
8,0,0.0,0.0,0.0
8,0,0.0,0.0,0.0
8,0,0.0,0.0,0.0
8,0,0.0,0.0,0.0
8,0,0.0,0.0,0.0
8,0,0.0,0.0,0.0
8,0,0.0,0.0,0.0
8,0,0.0,0.0,0.0
8,0,0.0,0.0,0.0
8,0,0.0,0.0,0.0
8,0,0.0,0.0,0.0
8,0,0.0,0.0,0.0
8,0,0.0,0.0,0.0
8,0,0.0,0.0,0.0
8,0,0.0,0.0,0.0
8,0,0.0,0.0,0.0
8,0,0.0,0.0,0.0
8,0,0.0,0.0,0.0
8,0,0.0,0.0,0.0
8,0,0.0,0.0,0.0
8,0,0.0,0.0,0.0
8,0,0.0,0.0,0.0
8,0,0.0,0.0,0.0
8,0,0.0,0.0,0.0
8,0,0.0,0.0,0.0
8,0,0.0,0.0,0.0
8,0,0.0,0.0,0.0
8,0,0.0,0.0,0.0
8,0,0.0,0.0,0.0
8,0,0.0,0.0,0.0
8,0,0.0,0.0,0.0
8,0,0.0,0.0,0.0
8,0,0.0,0.0,0.0
8,0,0.0,0.0,0.0
8,0,0.0,0.0,0.0
8,0,0.0,0.0,0.0
8,0,0.0,0.0,0.0
8,0,0.0,0.0,0.0
8,0,0.0,0.0,0.0
8,0,0.0,0.0,0.0
8,0,0.0,0.0,0.0
8,0,0.0,0.0,0.0
8,0,0.0,0.0,0.0
8,0,0.0,0.0,0.0
8,0,0.0,0.0,0.0
8,0,0.0,0.0,0.0
8,0,0.0,0.0,0.0
8,0,0.0,0.0,0.0
8,0,0.0,0.0,0.0
8,0,0.0,0.0,0.0
8,0,0.0,0.0,0.0
8,0,0.0,0.0,0.0
8,0,0.0,0.0,0.0
8,0,0.0,0.0,0.0
8,0,0.0,0.0,0.0
8,0,0.0,0.0,0.0
8,0,0.0,0.0,0.0
8,0,0.0,0.0,0.0
8,0,0.0,0.0,0.0
8,0,0.0,0.0,0.0
8,0,0.0,0.0,0.0
8,0,0.0,0.0,0.0
8,0,0.0,0.0,0.0
8,0,0.0,0.0,0.0
8,0,0.0,0.0,0.0
8,0,0.0,0.0,0.0
8,0,0.0,0.0,0.0
8,0,0.0,0.0,0.0
8,0,0.0,0.0,0.0
8,0,0.0,0.0,0.0
8,0,0.0,0.0,0.0
8,0,0.0,0.0,0.0
8,0,0.0,0.0,0.0
8,0,0.0,0.0,0.0
8,0,0.0,0.0,0.0
8,0,0.0,0.0,0.0
8,0,0.0,0.0,0.0
8,0,0.0,0.0,0.0
8,0,0.0,0.0,0.0
8,0,0.0,0.0,0.0
8,0,0.0,0.0,0.0
8,0,0.0,0.0,0.0
8,0,0.0,0.0,0.0
8,0,0.0,0.0,0.0
8,0,0.0,0.0,0.0
8,0,0.0,0.0,0.0
8,0,0.0,0.0,0.0
8,0,0.0,0.0,0.0
8,0,0.0,0.0,0.0
8,0,0.0,0.0,0.0
8,0,0.0,0.0,0.0
8,0,0.0,0.0,0.0
8,0,0.0,0.0,0.0
8,0,0.0,0.0,0.0
8,0,0.0,0.0,0.0
8,0,0.0,0.0,0.0
8,0,0.0,0.0,0.0
8,0,0.0,0.0,0.0
8,0,0.0,0.0,0.0
8,0,0.0,0.0,0.0
8,0,0.0,0.0,0.0
8,0,0.0,0.0,0.0
8,0,0.0,0.0,0.0
8,0,0.0,0.0,0.0
8,0,0.0,0.0,0.0
8,0,0.0,0.0,0.0
8,0,0.0,0.0,0.0
8,0,0.0,0.0,0.0
8,0,0.0,0.0,0.0
8,0,0.0,0.0,0.0
8,0,0.0,0.0,0.0
8,0,0.0,0.0,0.0
8,0,0.0,0.0,0.0
8,0,0.0,0.0,0.0
8,0,0.0,0.0,0.0
8,0,0.0,0.0,0.0
8,0,0.0,0.0,0.0
8,0,0.0,0.0,0.0
8,0,0.0,0.0,0.0
8,0,0.0,0.0,72.59999999999997
8,0,0.0,0.0,0.0
8,0,0.0,0.0,0.0
8,0,0.0,0.0,0.0
8,0,0.0,0.0,0.0
8,0,0.0,0.0,0.0
8,0,0.0,0.0,0.0
8,0,0.0,0.0,0.0
8,0,0.0,0.0,0.0
8,0,0.0,0.0,0.0
8,0,0.0,0.0,0.0
8,0,0.0,0.0,0.0
8,0,0.0,0.0,0.0
8,0,0.0,0.0,0.0
8,0,0.0,0.0,0.0
8,0,0.0,0.0,0.0
8,0,0.0,0.0,0.0
8,0,0.0,0.0,0.0
8,0,0.0,0.0,0.0
8,0,0.0,0.0,0.0
8,0,0.0,0.0,0.0
8,0,0.0,0.0,0.0
8,0,0.0,0.0,0.0
8,0,0.0,0.0,0.0
8,0,0.0,0.0,0.0
8,0,0.0,0.0,0.0
8,0,0.0,0.0,0.0
8,0,0.0,0.0,0.0
8,0,0.0,0.0,0.0
8,0,0.0,0.0,0.0
8,0,0.0,0.0,0.0
8,0,0.0,0.0,0.0
8,0,0.0,0.0,0.0
8,0,0.0,0.0,0.0
8,0,0.0,0.0,0.0
8,0,0.0,0.0,0.0
8,0,0.0,0.0,0.0
8,0,0.0,0.0,0.0
8,0,0.0,0.0,0.0
8,0,0.0,0.0,0.0
8,0,0.0,0.0,0.0
8,0,0.0,0.0,0.0
8,0,0.0,0.0,0.0
8,0,0.0,0.0,0.0
8,0,0.0,0.0,0.0
8,0,0.0,0.0,0.0
8,0,0.0,0.0,0.0
8,0,0.0,0.0,0.0
8,0,0.0,0.0,0.0
8,0,0.0,0.0,0.0
8,0,0.0,0.0,0.0
8,0,0.0,0.0,0.0
8,0,0.0,0.0,0.0
8,0,0.0,0.0,0.0
8,0,0.0,0.0,0.0
8,0,0.0,0.0,0.0
8,0,0.0,0.0,0.0
8,0,0.0,0.0,0.0
8,0,0.0,0.0,0.0
8,0,0.0,0.0,0.0
8,0,0.0,0.0,0.0
8,0,0.0,0.0,0.0
8,0,0.0,0.0,0.0
8,0,0.0,0.0,0.0
8,0,0.0,0.0,0.0
8,0,0.0,0.0,0.0
8,0,0.0,0.0,0.0
8,0,0.0,0.0,0.0
8,0,0.0,0.0,0.0
8,0,0.0,0.0,0.0
8,0,0.0,0.0,0.0
8,0,0.0,0.0,0.0
8,0,0.0,0.0,0.0
8,0,0.0,0.0,0.0
8,0,0.0,0.0,0.0
8,0,0.0,0.0,0.0
8,0,0.0,0.0,0.0
8,0,0.0,0.0,0.0
8,0,0.0,0.0,0.0
8,0,0.0,0.0,0.0
8,0,0.0,0.0,0.0
8,0,0.0,0.0,0.0
8,0,0.0,0.0,0.0
8,0,0.0,0.0,0.0
8,0,0.0,0.0,0.0
8,0,0.0,0.0,0.0
8,0,0.0,0.0,0.0
8,0,0.0,0.0,0.0
8,0,0.0,0.0,0.0
8,0,0.0,0.0,0.0
8,0,0.0,0.0,0.0
8,0,0.0,0.0,0.0
8,0,0.0,0.0,0.0
8,0,0.0,0.0,0.0
8,0,0.0,0.0,0.0
8,0,0.0,0.0,0.0
8,0,0.0,0.0,0.0
8,0,0.0,0.0,0.0
8,0,0.0,0.0,0.0
8,0,0.0,0.0,0.0
8,0,0.0,0.0,0.0
8,0,0.0,0.0,0.0
8,0,0.0,0.0,0.0
8,0,0.0,0.0,0.0
8,0,0.0,0.0,0.0
8,0,0.0,0.0,0.0
8,0,0.0,0.0,0.0
8,0,0.0,0.0,0.0
8,0,0.0,0.0,0.0
8,0,0.0,0.0,0.0
8,0,0.0,0.0,0.0
8,0,0.0,0.0,0.0
8,0,0.0,0.0,0.0
8,0,0.0,0.0,0.0
8,0,0.0,0.0,0.0
8,0,0.0,0.0,0.0
8,0,0.0,0.0,0.0
8,0,0.0,0.0,0.0
8,0,0.0,0.0,0.0
8,0,0.0,0.0,0.0
8,0,0.0,0.0,0.0
8,0,0.0,0.0,0.0
8,0,0.0,0.0,0.0
8,0,0.0,0.0,0.0
8,0,0.0,0.0,0.0
8,0,0.0,0.0,0.0
8,0,0.0,0.0,0.0
8,0,0.0,0.0,0.0
8,0,0.0,0.0,0.0
8,0,0.0,0.0,0.0
8,0,0.0,0.0,0.0
8,0,0.0,0.0,0.0
8,0,0.0,0.0,0.0
8,0,0.0,0.0,0.0
8,0,0.0,0.0,0.0
8,0,0.0,0.0,0.0
8,0,0.0,0.0,0.0
8,0,0.0,0.0,0.0
8,0,0.0,0.0,0.0
8,0,0.0,0.0,0.0
8,0,0.0,0.0,0.0
8,0,0.0,0.0,0.0
8,0,0.0,0.0,0.0
8,0,0.0,0.0,0.0
8,0,0.0,0.0,0.0
8,0,0.0,0.0,0.0
8,0,0.0,0.0,0.0
8,0,0.0,0.0,0.0
8,0,0.0,0.0,0.0
8,0,0.0,0.0,0.0
8,0,0.0,0.0,0.0
8,0,0.0,0.0,0.0
8,0,0.0,0.0,0.0
8,0,0.0,0.0,0.0
8,0,0.0,0.0,0.0
8,0,0.0,0.0,0.0
8,0,0.0,0.0,0.0
8,0,0.0,0.0,0.0
8,0,0.0,0.0,0.0
8,0,0.0,0.0,0.0
8,0,0.0,0.0,0.0
8,0,0.0,0.0,0.0
8,0,0.0,0.0,0.0
8,0,0.0,0.0,0.0
8,0,0.0,0.0,0.0
8,0,0.0,0.0,0.0
8,0,0.0,0.0,0.0
8,0,0.0,0.0,0.0
8,0,0.0,0.0,0.0
8,0,0.0,0.0,0.0
8,0,0.0,0.0,0.0
8,0,0.0,0.0,0.0
8,0,0.0,0.0,0.0
8,0,0.0,0.0,0.0
8,0,0.0,0.0,0.0
8,0,0.0,0.0,0.0
8,0,0.0,0.0,0.0
8,0,0.0,0.0,0.0
8,0,0.0,0.0,0.0
8,0,0.0,0.0,0.0
8,0,0.0,0.0,0.0
8,0,0.0,0.0,0.0
8,0,0.0,0.0,0.0
8,0,0.0,0.0,0.0
8,0,0.0,0.0,0.0
8,0,0.0,0.0,0.0
8,0,0.0,0.0,0.0
8,0,0.0,0.0,0.0
8,0,0.0,0.0,0.0
8,0,0.0,0.0,0.0
8,0,0.0,0.0,0.0
8,0,0.0,0.0,0.0
8,0,0.0,0.0,0.0
8,0,0.0,0.0,0.0
8,0,0.0,0.0,0.0
8,0,0.0,0.0,0.0
8,0,0.0,0.0,0.0
8,0,0.0,0.0,0.0
8,0,0.0,0.0,0.0
8,0,0.0,0.0,0.0
8,0,0.0,0.0,0.0
8,0,0.0,0.0,0.0
8,0,0.0,0.0,0.0
8,0,0.0,0.0,0.0
8,0,0.0,0.0,0.0
8,0,0.0,0.0,0.0
8,0,0.0,0.0,0.0
8,0,0.0,0.0,0.0
8,0,0.0,0.0,0.0
8,0,0.0,0.0,0.0
8,0,0.0,0.0,0.0
8,0,0.0,0.0,0.0
8,0,0.0,0.0,0.0
8,0,0.0,0.0,0.0
8,0,0.0,0.0,0.0
8,0,0.0,0.0,0.0
8,0,0.0,0.0,0.0
8,0,0.0,0.0,0.0
8,0,0.0,0.0,0.0
8,0,0.0,0.0,0.0
8,0,0.0,0.0,0.0
8,0,0.0,0.0,0.0
8,0,0.0,0.0,0.0
8,0,0.0,0.0,0.0
8,0,0.0,0.0,0.0
8,0,0.0,0.0,0.0
8,0,0.0,0.0,0.0
8,0,0.0,0.0,0.0
8,0,0.0,0.0,0.0
8,0,0.0,0.0,0.0
8,0,0.0,0.0,0.0
8,0,0.0,0.0,0.0
8,0,0.0,0.0,0.0
8,0,0.0,0.0,0.0
8,0,0.0,0.0,0.0
8,0,0.0,0.0,0.0
8,0,0.0,0.0,0.0
8,0,0.0,0.0,0.0
8,0,0.0,0.0,0.0
8,0,0.0,0.0,0.0
8,0,0.0,0.0,0.0
8,0,0.0,0.0,0.0
8,0,0.0,0.0,0.0
8,0,0.0,0.0,0.0
8,0,0.0,0.0,0.0
8,0,0.0,0.0,0.0
8,0,0.0,0.0,0.0
8,0,0.0,0.0,14.520000000000001
8,0,0.0,0.0,0.0
8,0,0.0,0.0,0.0
8,0,0.0,0.0,0.0
8,0,0.0,0.0,0.0
8,0,0.0,0.0,0.0
8,0,0.0,0.0,0.0
8,0,0.0,0.0,0.0
8,0,0.0,0.0,0.0
8,0,0.0,0.0,0.0
8,0,0.0,0.0,0.0
8,0,0.0,0.0,0.0
8,0,0.0,0.0,0.0
8,0,0.0,0.0,0.0
8,0,0.0,0.0,0.0
8,0,0.0,0.0,0.0
8,0,0.0,0.0,0.0
8,0,0.0,0.0,0.0
8,0,0.0,0.0,0.0
8,0,0.0,0.0,0.0
8,0,0.0,0.0,0.0
8,0,0.0,0.0,0.0
8,0,0.0,0.0,0.0
8,0,0.0,0.0,0.0
8,0,0.0,0.0,0.0
8,0,0.0,0.0,0.0
8,0,0.0,0.0,0.0
8,0,0.0,0.0,0.0
8,0,0.0,0.0,0.0
8,0,0.0,0.0,0.0
8,0,0.0,0.0,0.0
8,0,0.0,0.0,0.0
8,0,0.0,0.0,0.0
8,0,0.0,0.0,0.0
8,0,0.0,0.0,0.0
8,0,0.0,0.0,0.0
8,0,0.0,0.0,0.0
8,0,0.0,0.0,0.0
8,0,0.0,0.0,0.0
8,0,0.0,0.0,0.0
8,0,0.0,0.0,0.0
8,0,0.0,0.0,0.0
8,0,0.0,0.0,0.0
8,0,0.0,0.0,0.0
8,0,0.0,0.0,0.0
8,0,0.0,0.0,0.0
8,0,0.0,0.0,0.0
8,0,0.0,0.0,0.0
8,0,0.0,0.0,0.0
8,0,0.0,0.0,0.0
8,0,0.0,0.0,0.0
8,0,0.0,0.0,0.0
8,0,0.0,0.0,0.0
8,0,0.0,0.0,0.0
8,0,0.0,0.0,0.0
8,0,0.0,0.0,0.0
8,0,0.0,0.0,0.0
8,0,0.0,0.0,0.0
8,0,0.0,0.0,0.0
8,0,0.0,0.0,0.0
8,0,0.0,0.0,0.0
8,0,0.0,0.0,0.0
8,0,0.0,0.0,0.0
8,0,0.0,0.0,0.0
8,0,0.0,0.0,0.0
8,0,0.0,0.0,0.0
8,0,0.0,0.0,0.0
8,0,0.0,0.0,0.0
8,0,0.0,0.0,0.0
8,0,0.0,0.0,0.0
8,0,0.0,0.0,0.0
8,0,0.0,0.0,0.0
8,0,0.0,0.0,0.0
8,0,0.0,0.0,0.0
8,0,0.0,0.0,0.0
8,0,0.0,0.0,0.0
8,0,0.0,0.0,0.0
8,0,0.0,0.0,0.0
8,0,0.0,0.0,0.0
8,0,0.0,0.0,0.0
8,0,0.0,0.0,0.0
8,0,0.0,0.0,0.0
8,0,0.0,0.0,0.0
8,0,0.0,0.0,0.0
8,0,0.0,0.0,0.0
8,0,0.0,0.0,0.0
8,0,0.0,0.0,0.0
8,0,0.0,0.0,0.0
8,0,0.0,0.0,0.0
8,0,0.0,0.0,0.0
8,0,0.0,0.0,0.0
8,0,0.0,0.0,0.0
8,0,0.0,0.0,0.0
8,0,0.0,0.0,0.0
8,0,0.0,0.0,0.0
8,0,0.0,0.0,0.0
8,0,0.0,0.0,0.0
8,0,0.0,0.0,0.0
8,0,0.0,0.0,0.0
8,0,0.0,0.0,0.0
8,0,0.0,0.0,0.0
8,0,0.0,0.0,0.0
8,0,0.0,0.0,0.0
8,0,0.0,0.0,0.0
8,0,0.0,0.0,0.0
8,0,0.0,0.0,0.0
8,0,0.0,0.0,0.0
8,0,0.0,0.0,0.0
8,0,0.0,0.0,0.0
8,0,0.0,0.0,0.0
8,0,0.0,0.0,0.0
8,0,0.0,0.0,0.0
8,0,0.0,0.0,0.0
8,0,0.0,0.0,0.0
8,0,0.0,0.0,0.0
8,0,0.0,0.0,0.0
8,0,0.0,0.0,0.0
8,0,0.0,0.0,0.0
8,0,0.0,0.0,0.0
8,0,0.0,0.0,0.0
8,0,0.0,0.0,0.0
8,0,0.0,0.0,0.0
8,0,0.0,0.0,0.0
8,0,0.0,0.0,0.0
8,0,0.0,0.0,0.0
8,0,0.0,0.0,71.27999999999997
8,0,0.0,0.0,0.0
8,0,0.0,0.0,0.0
8,0,0.0,0.0,0.0
8,0,0.0,0.0,0.0
8,0,0.0,0.0,0.0
8,0,0.0,0.0,0.0
8,0,0.0,0.0,0.0
8,0,0.0,0.0,0.0
8,0,0.0,0.0,0.0
8,0,0.0,0.0,0.0
8,0,0.0,0.0,0.0
8,0,0.0,0.0,0.0
8,0,0.0,0.0,0.0
8,0,0.0,0.0,0.0
8,0,0.0,0.0,0.0
8,0,0.0,0.0,0.0
8,0,0.0,0.0,0.0
8,0,0.0,0.0,0.0
8,0,0.0,0.0,0.0
8,0,0.0,0.0,0.0
8,0,0.0,0.0,0.0
8,0,0.0,0.0,0.0
8,0,0.0,0.0,0.0
8,0,0.0,0.0,0.0
8,0,0.0,0.0,0.0
8,0,0.0,0.0,0.0
8,0,0.0,0.0,0.0
8,0,0.0,0.0,0.0
8,0,0.0,0.0,0.0
8,0,0.0,0.0,0.0
8,0,0.0,0.0,0.0
8,0,0.0,0.0,0.0
8,0,0.0,0.0,0.0
8,0,0.0,0.0,0.0
8,0,0.0,0.0,0.0
8,0,0.0,0.0,0.0
8,0,0.0,0.0,0.0
8,0,0.0,0.0,0.0
8,0,0.0,0.0,0.0
8,0,0.0,0.0,0.0
8,0,0.0,0.0,0.0
8,0,0.0,0.0,0.0
8,0,0.0,0.0,0.0
8,0,0.0,0.0,0.0
8,0,0.0,0.0,0.0
8,0,0.0,0.0,0.0
8,0,0.0,0.0,0.0
8,0,0.0,0.0,0.0
8,0,0.0,0.0,0.0
8,0,0.0,0.0,0.0
8,0,0.0,0.0,0.0
8,0,0.0,0.0,0.0
8,0,0.0,0.0,0.0
8,0,0.0,0.0,0.0
8,0,0.0,0.0,0.0
8,0,0.0,0.0,0.0
8,0,0.0,0.0,0.0
8,0,0.0,0.0,0.0
8,0,0.0,0.0,0.0
8,0,0.0,0.0,0.0
8,0,0.0,0.0,0.0
8,0,0.0,0.0,0.0
8,0,0.0,0.0,0.0
8,0,0.0,0.0,0.0
8,0,0.0,0.0,0.0
8,0,0.0,0.0,0.0
8,0,0.0,0.0,0.0
8,0,0.0,0.0,0.0
8,0,0.0,0.0,0.0
8,0,0.0,0.0,0.0
8,0,0.0,0.0,0.0
8,0,0.0,0.0,0.0
8,0,0.0,0.0,0.0
8,0,0.0,0.0,0.0
8,0,0.0,0.0,0.0
8,0,0.0,0.0,0.0
8,0,0.0,0.0,0.0
8,0,0.0,0.0,0.0
8,0,0.0,0.0,0.0
8,0,0.0,0.0,0.0
8,0,0.0,0.0,0.0
8,0,0.0,0.0,0.0
8,0,0.0,0.0,0.0
8,0,0.0,0.0,0.0
8,0,0.0,0.0,0.0
8,0,0.0,0.0,0.0
8,0,0.0,0.0,0.0
8,0,0.0,0.0,0.0
8,0,0.0,0.0,0.0
8,0,0.0,0.0,0.0
8,0,0.0,0.0,7.920000000000001
8,0,0.0,0.0,0.0
8,0,0.0,0.0,0.0
8,0,0.0,0.0,0.0
8,0,0.0,0.0,0.0
8,0,0.0,0.0,0.0
8,0,0.0,0.0,0.0
8,0,0.0,0.0,0.0
8,0,0.0,0.0,0.0
8,0,0.0,0.0,0.0
8,0,0.0,0.0,0.0
8,0,0.0,0.0,0.0
8,0,0.0,0.0,0.0
8,0,0.0,0.0,0.0
8,0,0.0,0.0,0.0
8,0,0.0,0.0,0.0
8,0,0.0,0.0,0.0
8,0,0.0,0.0,0.0
8,0,0.0,0.0,0.0
8,0,0.0,0.0,0.0
8,0,0.0,0.0,0.0
8,0,0.0,0.0,0.0
8,0,0.0,0.0,0.0
8,0,0.0,0.0,0.0
8,0,0.0,0.0,0.0
8,0,0.0,0.0,0.0
8,0,0.0,0.0,0.0
8,0,0.0,0.0,0.0
8,0,0.0,0.0,0.0
8,0,0.0,0.0,0.0
8,0,0.0,0.0,0.0
8,0,0.0,0.0,0.0
8,0,0.0,0.0,0.0
8,0,0.0,0.0,0.0
8,0,0.0,0.0,0.0
8,0,0.0,0.0,0.0
8,0,0.0,0.0,0.0
8,0,0.0,0.0,0.0
8,0,0.0,0.0,0.0
8,0,0.0,0.0,0.0
8,0,0.0,0.0,0.0
8,0,0.0,0.0,0.0
8,0,0.0,0.0,0.0
8,0,0.0,0.0,0.0
8,0,0.0,0.0,0.0
8,0,0.0,0.0,0.0
8,0,0.0,0.0,0.0
8,0,0.0,0.0,0.0
8,0,0.0,0.0,0.0
8,0,0.0,0.0,0.0
8,0,0.0,0.0,0.0
8,0,0.0,0.0,0.0
8,0,0.0,0.0,0.0
8,0,0.0,0.0,0.0
8,0,0.0,0.0,0.0
8,0,0.0,0.0,0.0
8,0,0.0,0.0,0.0
8,0,0.0,0.0,0.0
8,0,0.0,0.0,0.0
8,0,0.0,0.0,0.0
8,0,0.0,0.0,0.0
8,0,0.0,0.0,0.0
8,0,0.0,0.0,0.0
8,0,0.0,0.0,0.0
8,0,0.0,0.0,0.0
8,0,0.0,0.0,0.0
8,0,0.0,0.0,0.0
8,0,0.0,0.0,0.0
8,0,0.0,0.0,0.0
8,0,0.0,0.0,0.0
8,0,0.0,0.0,0.0
8,0,0.0,0.0,0.0
8,0,0.0,0.0,0.0
8,0,0.0,0.0,0.0
8,0,0.0,0.0,0.0
8,0,0.0,0.0,0.0
8,0,0.0,0.0,0.0
8,0,0.0,0.0,0.0
8,0,0.0,0.0,0.0
8,0,0.0,0.0,0.0
8,0,0.0,0.0,0.0
8,0,0.0,0.0,0.0
8,0,0.0,0.0,0.0
8,0,0.0,0.0,0.0
8,0,0.0,0.0,0.0
8,0,0.0,0.0,0.0
8,0,0.0,0.0,0.0
8,0,0.0,0.0,0.0
8,0,0.0,0.0,0.0
8,0,0.0,0.0,0.0
8,0,0.0,0.0,0.0
8,0,0.0,0.0,0.0
8,0,0.0,0.0,0.0
8,0,0.0,0.0,0.0
8,0,0.0,0.0,0.0
8,0,0.0,0.0,0.0
8,0,0.0,0.0,0.0
8,0,0.0,0.0,0.0
8,0,0.0,0.0,0.0
8,0,0.0,0.0,0.0
8,0,0.0,0.0,0.0
8,0,0.0,0.0,0.0
8,0,0.0,0.0,0.0
8,0,0.0,0.0,0.0
8,0,0.0,0.0,0.0
8,0,0.0,0.0,0.0
8,0,0.0,0.0,0.0
8,0,0.0,0.0,0.0
8,0,0.0,0.0,0.0
8,0,0.0,0.0,0.0
8,0,0.0,0.0,0.0
8,0,0.0,0.0,0.0
8,0,0.0,0.0,0.0
8,0,0.0,0.0,0.0
8,0,0.0,0.0,0.0
8,0,0.0,0.0,0.0
8,0,0.0,0.0,0.0
8,0,0.0,0.0,0.0
8,0,0.0,0.0,0.0
8,0,0.0,0.0,0.0
8,0,0.0,0.0,0.0
8,0,0.0,0.0,0.0
8,0,0.0,0.0,0.0
8,0,0.0,0.0,0.0
8,0,0.0,0.0,0.0
8,0,0.0,0.0,0.0
8,0,0.0,0.0,0.0
8,0,0.0,0.0,0.0
8,0,0.0,0.0,7.920000000000001
8,0,0.0,0.0,0.0
8,0,0.0,0.0,0.0
8,0,0.0,0.0,0.0
8,0,0.0,0.0,0.0
8,0,0.0,0.0,0.0
8,0,0.0,0.0,0.0
8,0,0.0,0.0,0.0
8,0,0.0,0.0,0.0
8,0,0.0,0.0,0.0
8,0,0.0,0.0,0.0
8,0,0.0,0.0,0.0
8,0,0.0,0.0,0.0
8,0,0.0,0.0,0.0
8,0,0.0,0.0,0.0
8,0,0.0,0.0,0.0
8,0,0.0,0.0,21.12
8,0,0.0,0.0,0.0
8,0,0.0,0.0,0.0
8,0,0.0,0.0,0.0
8,0,0.0,0.0,0.0
8,0,0.0,0.0,0.0
8,0,0.0,0.0,0.0
8,0,0.0,0.0,0.0
8,0,0.0,0.0,0.0
8,0,0.0,0.0,0.0
8,0,0.0,0.0,0.0
8,0,0.0,0.0,0.0
8,0,0.0,0.0,0.0
8,0,0.0,0.0,0.0
8,0,0.0,0.0,0.0
8,0,0.0,0.0,0.0
8,0,0.0,0.0,0.0
8,0,0.0,0.0,0.0
8,0,0.0,0.0,0.0
8,0,0.0,0.0,0.0
8,0,0.0,0.0,0.0
8,0,0.0,0.0,0.0
8,0,0.0,0.0,0.0
8,0,0.0,0.0,0.0
8,0,0.0,0.0,0.0
8,0,0.0,0.0,0.0
8,0,0.0,0.0,0.0
8,0,0.0,0.0,0.0
8,0,0.0,0.0,0.0
8,0,0.0,0.0,0.0
8,0,0.0,0.0,0.0
8,0,0.0,0.0,0.0
8,0,0.0,0.0,0.0
8,0,0.0,0.0,0.0
8,0,0.0,0.0,0.0
8,0,0.0,0.0,0.0
8,0,0.0,0.0,0.0
8,0,0.0,0.0,0.0
8,0,0.0,0.0,0.0
8,0,0.0,0.0,0.0
8,0,0.0,0.0,0.0
8,0,0.0,0.0,0.0
8,0,0.0,0.0,0.0
8,0,0.0,0.0,0.0
8,0,0.0,0.0,0.0
8,0,0.0,0.0,0.0
8,0,0.0,0.0,0.0
8,0,0.0,0.0,0.0
8,0,0.0,0.0,0.0
8,0,0.0,0.0,0.0
8,0,0.0,0.0,0.0
8,0,0.0,0.0,0.0
8,0,0.0,0.0,0.0
8,0,0.0,0.0,0.0
8,0,0.0,0.0,0.0
8,0,0.0,0.0,0.0
8,0,0.0,0.0,0.0
8,0,0.0,0.0,0.0
8,0,0.0,0.0,0.0
8,0,0.0,0.0,0.0
8,0,0.0,0.0,0.0
8,0,0.0,0.0,0.0
8,0,0.0,0.0,0.0
8,0,0.0,0.0,0.0
8,0,0.0,0.0,0.0
8,0,0.0,0.0,0.0
8,0,0.0,0.0,0.0
8,0,0.0,0.0,0.0
8,0,0.0,0.0,0.0
8,0,0.0,0.0,0.0
8,0,0.0,0.0,0.0
8,0,0.0,0.0,0.0
8,0,0.0,0.0,0.0
8,0,0.0,0.0,0.0
8,0,0.0,0.0,0.0
8,0,0.0,0.0,0.0
8,0,0.0,0.0,0.0
8,0,0.0,0.0,0.0
8,0,0.0,0.0,0.0
8,0,0.0,0.0,0.0
8,0,0.0,0.0,0.0
8,0,0.0,0.0,0.0
8,0,0.0,0.0,0.0
8,0,0.0,0.0,0.0
8,0,0.0,0.0,0.0
8,0,0.0,0.0,0.0
8,0,0.0,0.0,0.0
8,0,0.0,0.0,0.0
8,0,0.0,0.0,0.0
8,0,0.0,0.0,0.0
8,0,0.0,0.0,0.0
8,0,0.0,0.0,0.0
8,0,0.0,0.0,0.0
8,0,0.0,0.0,0.0
8,0,0.0,0.0,0.0
8,0,0.0,0.0,0.0
8,0,0.0,0.0,0.0
8,0,0.0,0.0,0.0
8,0,0.0,0.0,0.0
8,0,0.0,0.0,0.0
8,0,0.0,0.0,0.0
8,0,0.0,0.0,0.0
8,0,0.0,0.0,0.0
8,0,0.0,0.0,0.0
8,0,0.0,0.0,0.0
8,0,0.0,0.0,0.0
8,0,0.0,0.0,0.0
8,0,0.0,0.0,0.0
8,0,0.0,0.0,0.0
8,0,0.0,0.0,0.0
8,0,0.0,0.0,0.0
8,0,0.0,0.0,0.0
8,0,0.0,0.0,0.0
8,0,0.0,0.0,0.0
8,0,0.0,0.0,0.0
8,0,0.0,0.0,0.0
8,0,0.0,0.0,0.0
8,0,0.0,0.0,0.0
8,0,0.0,0.0,0.0
8,0,0.0,0.0,0.0
8,0,0.0,0.0,0.0
8,0,0.0,0.0,0.0
8,0,0.0,0.0,0.0
8,0,0.0,0.0,0.0
8,0,0.0,0.0,0.0
8,0,0.0,0.0,0.0
8,0,0.0,0.0,0.0
8,0,0.0,0.0,0.0
8,0,0.0,0.0,0.0
8,0,0.0,0.0,0.0
8,0,0.0,0.0,0.0
8,0,0.0,0.0,0.0
8,0,0.0,0.0,0.0
8,0,0.0,0.0,0.0
8,0,0.0,0.0,0.0
8,0,0.0,0.0,0.0
8,0,0.0,0.0,0.0
8,0,0.0,0.0,0.0
8,0,0.0,0.0,0.0
8,0,0.0,0.0,0.0
8,0,0.0,0.0,0.0
8,0,0.0,0.0,0.0
8,0,0.0,0.0,0.0
8,0,0.0,0.0,0.0
8,0,0.0,0.0,0.0
8,0,0.0,0.0,0.0
8,0,0.0,0.0,0.0
8,0,0.0,0.0,0.0
8,0,0.0,0.0,0.0
8,0,0.0,0.0,0.0
8,0,0.0,0.0,36.96
8,0,0.0,0.0,0.0
8,0,0.0,0.0,0.0
8,0,0.0,0.0,0.0
8,0,0.0,0.0,7.920000000000001
8,0,0.0,0.0,0.0
8,0,0.0,0.0,0.0
8,0,0.0,0.0,0.0
8,0,0.0,0.0,0.0
8,0,0.0,0.0,0.0
8,0,0.0,0.0,0.0
8,0,0.0,0.0,0.0
8,0,0.0,0.0,0.0
8,0,0.0,0.0,0.0
8,0,0.0,0.0,0.0
8,0,0.0,0.0,0.0
8,0,0.0,0.0,0.0
8,0,0.0,0.0,0.0
8,0,0.0,0.0,0.0
8,0,0.0,0.0,0.0
8,0,0.0,0.0,0.0
8,0,0.0,0.0,0.0
8,0,0.0,0.0,0.0
8,0,0.0,0.0,0.0
8,0,0.0,0.0,0.0
8,0,0.0,0.0,0.0
8,0,0.0,0.0,0.0
8,0,0.0,0.0,0.0
8,0,0.0,0.0,0.0
8,0,0.0,0.0,0.0
8,0,0.0,0.0,0.0
8,0,0.0,0.0,0.0
8,0,0.0,0.0,0.0
8,0,0.0,0.0,0.0
8,0,0.0,0.0,0.0
8,0,0.0,0.0,0.0
8,0,0.0,0.0,0.0
8,0,0.0,0.0,0.0
8,0,0.0,0.0,0.0
8,0,0.0,0.0,0.0
8,0,0.0,0.0,0.0
8,0,0.0,0.0,0.0
8,0,0.0,0.0,0.0
8,0,0.0,0.0,0.0
8,0,0.0,0.0,0.0
8,0,0.0,0.0,0.0
8,0,0.0,0.0,0.0
8,0,0.0,0.0,0.0
8,0,0.0,0.0,0.0
8,0,0.0,0.0,0.0
8,0,0.0,0.0,0.0
8,0,0.0,0.0,0.0
8,0,0.0,0.0,0.0
8,0,0.0,0.0,0.0
8,0,0.0,0.0,0.0
8,0,0.0,0.0,0.0
8,0,0.0,0.0,0.0
8,0,0.0,0.0,0.0
8,0,0.0,0.0,0.0
8,0,0.0,0.0,0.0
8,0,0.0,0.0,0.0
8,0,0.0,0.0,0.0
8,0,0.0,0.0,0.0
8,0,0.0,0.0,0.0
8,0,0.0,0.0,0.0
8,0,0.0,0.0,0.0
8,0,0.0,0.0,0.0
8,0,0.0,0.0,0.0
8,0,0.0,0.0,0.0
8,0,0.0,0.0,0.0
8,0,0.0,0.0,0.0
8,0,0.0,0.0,0.0
8,0,0.0,0.0,0.0
8,0,0.0,0.0,0.0
8,0,0.0,0.0,0.0
8,0,0.0,0.0,0.0
8,0,0.0,0.0,0.0
8,0,0.0,0.0,0.0
8,0,0.0,0.0,0.0
8,0,0.0,0.0,0.0
8,0,0.0,0.0,0.0
8,0,0.0,0.0,0.0
8,0,0.0,0.0,0.0
8,0,0.0,0.0,0.0
8,0,0.0,0.0,0.0
8,0,0.0,0.0,0.0
8,0,0.0,0.0,0.0
8,0,0.0,0.0,0.0
8,0,0.0,0.0,0.0
8,0,0.0,0.0,0.0
8,0,0.0,0.0,0.0
8,0,0.0,0.0,0.0
8,0,0.0,0.0,0.0
8,0,0.0,0.0,0.0
8,0,0.0,0.0,0.0
8,0,0.0,0.0,0.0
8,0,0.0,0.0,0.0
8,0,0.0,0.0,0.0
8,0,0.0,0.0,0.0
8,0,0.0,0.0,0.0
8,0,0.0,0.0,0.0
8,0,0.0,0.0,0.0
8,0,0.0,0.0,0.0
8,0,0.0,0.0,0.0
8,0,0.0,0.0,0.0
8,0,0.0,0.0,0.0
8,0,0.0,0.0,0.0
8,0,0.0,0.0,0.0
8,0,0.0,0.0,0.0
8,0,0.0,0.0,0.0
8,0,0.0,0.0,0.0
8,0,0.0,0.0,0.0
8,0,0.0,0.0,0.0
8,0,0.0,0.0,0.0
8,0,0.0,0.0,0.0
8,0,0.0,0.0,0.0
8,0,0.0,0.0,0.0
8,0,0.0,0.0,0.0
8,0,0.0,0.0,0.0
8,0,0.0,0.0,0.0
8,0,0.0,0.0,0.0
8,0,0.0,0.0,0.0
8,0,0.0,0.0,0.0
8,0,0.0,0.0,0.0
8,0,0.0,0.0,0.0
8,0,0.0,0.0,0.0
8,0,0.0,0.0,0.0
8,0,0.0,0.0,0.0
8,0,0.0,0.0,0.0
8,0,0.0,0.0,0.0
8,0,0.0,0.0,0.0
8,0,0.0,0.0,0.0
8,0,0.0,0.0,0.0
8,0,0.0,0.0,0.0
8,0,0.0,0.0,0.0
8,0,0.0,0.0,0.0
8,0,0.0,0.0,0.0
8,0,0.0,0.0,0.0
8,0,0.0,0.0,0.0
8,0,0.0,0.0,0.0
8,0,0.0,0.0,0.0
8,0,0.0,0.0,0.0
8,0,0.0,0.0,0.0
8,0,0.0,0.0,0.0
8,0,0.0,0.0,0.0
8,0,0.0,0.0,0.0
8,0,0.0,0.0,0.0
8,0,0.0,0.0,0.0
8,0,0.0,0.0,0.0
8,0,0.0,0.0,0.0
8,0,0.0,0.0,0.0
8,0,0.0,0.0,0.0
8,0,0.0,0.0,0.0
8,0,0.0,0.0,0.0
8,0,0.0,0.0,0.0
8,0,0.0,0.0,0.0
8,0,0.0,0.0,0.0
8,0,0.0,0.0,0.0
8,0,0.0,0.0,0.0
8,0,0.0,0.0,0.0
8,0,0.0,0.0,0.0
8,0,0.0,0.0,0.0
8,0,0.0,0.0,0.0
8,0,0.0,0.0,0.0
8,0,0.0,0.0,0.0
8,0,0.0,0.0,0.0
8,0,0.0,0.0,0.0
8,0,0.0,0.0,0.0
8,0,0.0,0.0,0.0
8,0,0.0,0.0,0.0
8,0,0.0,0.0,0.0
8,0,0.0,0.0,0.0
8,0,0.0,0.0,0.0
8,0,0.0,0.0,0.0
8,0,0.0,0.0,0.0
8,0,0.0,0.0,0.0
8,0,0.0,0.0,0.0
8,0,0.0,0.0,0.0
8,0,0.0,0.0,0.0
8,0,0.0,0.0,0.0
8,0,0.0,0.0,0.0
8,0,0.0,0.0,0.0
8,0,0.0,0.0,0.0
8,0,0.0,0.0,0.0
8,0,0.0,0.0,0.0
8,0,0.0,0.0,0.0
8,0,0.0,0.0,0.0
8,0,0.0,0.0,0.0
8,0,0.0,0.0,0.0
8,0,0.0,0.0,0.0
8,0,0.0,0.0,0.0
8,0,0.0,0.0,0.0
8,0,0.0,0.0,0.0
8,0,0.0,0.0,0.0
8,0,0.0,0.0,0.0
8,0,0.0,0.0,0.0
8,0,0.0,0.0,0.0
8,0,0.0,0.0,0.0
8,0,0.0,0.0,0.0
8,0,0.0,0.0,0.0
8,0,0.0,0.0,0.0
8,0,0.0,0.0,0.0
8,0,0.0,0.0,0.0
8,0,0.0,0.0,0.0
8,0,0.0,0.0,0.0
8,0,0.0,0.0,0.0
8,0,0.0,0.0,0.0
8,0,0.0,0.0,0.0
8,0,0.0,0.0,0.0
8,0,0.0,0.0,0.0
8,0,0.0,0.0,0.0
8,0,0.0,0.0,0.0
8,0,0.0,0.0,0.0
8,0,0.0,0.0,0.0
8,0,0.0,0.0,0.0
8,0,0.0,0.0,0.0
8,0,0.0,0.0,0.0
8,0,0.0,0.0,0.0
8,0,0.0,0.0,0.0
8,0,0.0,0.0,0.0
8,0,0.0,0.0,0.0
8,0,0.0,0.0,0.0
8,0,0.0,0.0,0.0
8,0,0.0,0.0,0.0
8,0,0.0,0.0,0.0
8,0,0.0,0.0,0.0
8,0,0.0,0.0,0.0
8,0,0.0,0.0,0.0
8,0,0.0,0.0,0.0
8,0,0.0,0.0,0.0
8,0,0.0,0.0,0.0
8,0,0.0,0.0,0.0
8,0,0.0,0.0,0.0
8,0,0.4267039866077056,0.0,22.44
8,0,0.0,0.0,0.0
8,0,0.0,0.0,0.0
8,0,0.0,0.0,0.0
8,0,0.0,0.0,0.0
8,0,0.0,0.0,0.0
8,0,0.0,0.0,0.0
8,0,0.0,0.0,0.0
8,0,0.0,0.0,0.0
8,0,0.0,0.0,0.0
8,0,0.0,0.0,0.0
8,0,0.0,0.0,0.0
8,0,0.0,0.0,0.0
8,0,0.0,0.0,0.0
8,0,0.0,0.0,0.0
8,0,0.0,0.0,0.0
8,0,0.0,0.0,0.0
8,0,0.0,0.0,0.0
8,0,0.0,0.0,0.0
8,0,0.0,0.0,0.0
8,0,0.0,0.0,0.0
8,0,0.0,0.0,0.0
8,0,0.0,0.0,0.0
8,0,0.0,0.0,0.0
8,0,0.0,0.0,0.0
8,0,0.0,0.0,0.0
8,0,0.0,0.0,0.0
8,0,0.0,0.0,0.0
8,0,0.0,0.0,0.0
8,0,0.0,0.0,0.0
8,0,0.0,0.0,0.0
8,0,0.0,0.0,0.0
8,0,0.0,0.0,0.0
8,0,0.0,0.0,0.0
8,0,0.0,0.0,0.0
8,0,0.0,0.0,0.0
8,0,0.0,0.0,0.0
8,0,0.0,0.0,0.0
8,0,0.0,0.0,0.0
8,0,0.0,0.0,0.0
8,0,0.0,0.0,0.0
8,0,0.0,0.0,0.0
8,0,0.0,0.0,0.0
8,0,0.0,0.0,0.0
8,0,0.0,0.0,0.0
8,0,0.0,0.0,0.0
8,0,0.0,0.0,0.0
8,0,0.0,0.0,0.0
8,0,0.0,0.0,0.0
8,0,0.0,0.0,0.0
8,0,0.0,0.0,0.0
8,0,0.0,0.0,0.0
8,0,0.0,0.0,0.0
8,0,0.0,0.0,0.0
8,0,0.0,0.0,0.0
8,0,0.0,0.0,33.0
8,0,0.0,0.0,0.0
8,0,0.0,0.0,0.0
8,0,0.0,0.0,0.0
8,0,0.0,0.0,0.0
8,0,0.0,0.0,0.0
8,0,0.0,0.0,0.0
8,0,0.0,0.0,0.0
8,0,0.0,0.0,0.0
8,0,0.0,0.0,0.0
8,0,0.0,0.0,0.0
8,0,0.0,0.0,0.0
8,0,0.0,0.0,0.0
8,0,0.0,0.0,0.0
8,0,0.0,0.0,0.0
8,0,0.0,0.0,0.0
8,0,0.0,0.0,0.0
8,0,0.0,0.0,0.0
8,0,0.0,0.0,0.0
8,0,0.0,0.0,0.0
8,0,0.0,0.0,0.0
8,0,0.0,0.0,0.0
8,0,0.0,0.0,0.0
8,0,0.0,0.0,0.0
8,0,0.0,0.0,0.0
8,0,0.0,0.0,0.0
8,0,0.0,0.0,0.0
8,0,0.0,0.0,0.0
8,0,0.0,0.0,0.0
8,0,0.0,0.0,0.0
8,0,0.0,0.0,0.0
8,0,0.0,0.0,0.0
8,0,0.0,0.0,0.0
8,0,0.0,0.0,0.0
8,0,0.0,0.0,0.0
8,0,0.0,0.0,0.0
8,0,0.0,0.0,0.0
8,0,0.0,0.0,0.0
8,0,0.0,0.0,0.0
8,0,0.0,0.0,0.0
8,0,0.0,0.0,0.0
8,0,0.0,0.0,0.0
8,0,0.0,0.0,0.0
8,0,0.0,0.0,0.0
8,0,0.0,0.0,0.0
8,0,0.0,0.0,0.0
8,0,0.0,0.0,0.0
8,0,0.0,0.0,0.0
8,0,0.0,0.0,0.0
8,0,0.0,0.0,0.0
8,0,0.0,0.0,0.0
8,0,0.0,0.0,0.0
8,0,0.0,0.0,0.0
8,0,0.0,0.0,0.0
8,0,0.0,0.0,0.0
8,0,0.0,0.0,0.0
8,0,0.0,0.0,0.0
8,0,0.0,0.0,0.0
8,0,0.0,0.0,0.0
8,0,0.0,0.0,0.0
8,0,0.0,0.0,0.0
8,0,0.0,0.0,0.0
8,0,0.0,0.0,0.0
8,0,0.0,0.0,0.0
8,0,0.0,0.0,0.0
8,0,0.0,0.0,0.0
8,0,0.0,0.0,0.0
8,0,0.0,0.0,0.0
8,0,0.0,0.0,0.0
8,0,0.0,0.0,0.0
8,0,0.0,0.0,0.0
8,0,0.0,0.0,0.0
8,0,0.0,0.0,0.0
8,0,0.0,0.0,0.0
8,0,0.0,0.0,0.0
8,0,0.0,0.0,0.0
8,0,0.0,0.0,0.0
8,0,0.0,0.0,0.0
8,0,0.0,0.0,0.0
8,0,0.0,0.0,0.0
8,0,0.0,0.0,0.0
8,0,0.0,0.0,0.0
8,0,0.0,0.0,0.0
8,0,0.0,0.0,0.0
8,0,0.0,0.0,0.0
8,0,0.0,0.0,0.0
8,0,0.0,0.0,0.0
8,0,0.0,0.0,0.0
8,0,0.0,0.0,0.0
8,0,0.0,0.0,0.0
8,0,0.0,0.0,0.0
8,0,0.0,0.0,0.0
8,0,0.0,0.0,0.0
8,0,0.0,0.0,0.0
8,0,0.0,0.0,0.0
8,0,0.0,0.0,0.0
8,0,0.0,0.0,0.0
8,0,0.0,0.0,0.0
8,0,0.0,0.0,0.0
8,0,0.0,0.0,0.0
8,0,0.0,0.0,0.0
8,0,0.0,0.0,0.0
8,0,0.0,0.0,0.0
8,0,0.0,0.0,0.0
8,0,0.0,0.0,0.0
8,0,0.0,0.0,0.0
8,0,0.0,0.0,0.0
8,0,0.0,0.0,0.0
8,0,0.0,0.0,0.0
8,0,0.0,0.0,0.0
8,0,0.0,0.0,0.0
8,0,0.0,0.0,0.0
8,0,0.0,0.0,0.0
8,0,0.0,0.0,0.0
8,0,0.0,0.0,0.0
8,0,0.0,0.0,0.0
8,0,0.0,0.0,0.0
8,0,0.0,0.0,0.0
8,0,0.0,0.0,0.0
8,0,0.0,0.0,0.0
8,0,0.0,0.0,0.0
8,0,0.0,0.0,0.0
8,0,0.0,0.0,0.0
8,0,0.0,0.0,0.0
8,0,0.0,0.0,0.0
8,0,0.0,0.0,0.0
8,0,0.0,0.0,0.0
8,0,0.0,0.0,0.0
8,0,0.0,0.0,0.0
8,0,0.0,0.0,0.0
8,0,0.0,0.0,0.0
8,0,0.0,0.0,0.0
8,0,0.0,0.0,0.0
8,0,0.0,0.0,0.0
8,0,0.0,0.0,0.0
8,0,0.0,0.0,0.0
8,0,0.0,0.0,0.0
8,0,0.0,0.0,0.0
8,0,0.0,0.0,0.0
8,0,0.0,0.0,0.0
8,0,0.0,0.0,0.0
8,0,0.0,0.0,0.0
8,0,0.0,0.0,0.0
8,0,0.0,0.0,0.0
8,0,0.0,0.0,0.0
8,0,0.0,0.0,0.0
8,0,0.0,0.0,0.0
8,0,0.0,0.0,0.0
8,0,0.0,0.0,0.0
8,0,0.0,0.0,0.0
8,0,0.0,0.0,0.0
8,0,0.0,0.0,0.0
8,0,0.0,0.0,0.0
8,0,0.0,0.0,0.0
8,0,0.0,0.0,0.0
8,0,0.0,0.0,0.0
8,0,0.0,0.0,0.0
8,0,0.0,0.0,0.0
8,0,0.0,0.0,0.0
8,0,0.0,0.0,0.0
8,0,0.0,0.0,0.0
8,0,0.0,0.0,0.0
8,0,0.0,0.0,0.0
8,0,0.0,0.0,0.0
8,0,0.0,0.0,0.0
8,0,0.0,0.0,0.0
8,0,0.0,0.0,0.0
8,0,0.0,0.0,0.0
8,0,0.0,0.0,0.0
8,0,0.0,0.0,0.0
8,0,0.0,0.0,0.0
8,0,0.0,0.0,0.0
8,0,0.0,0.0,0.0
8,0,0.0,0.0,0.0
8,0,0.0,0.0,0.0
8,0,0.0,0.0,0.0
8,0,0.0,0.0,0.0
8,0,0.0,0.0,0.0
8,0,0.0,0.0,0.0
8,0,0.0,0.0,0.0
8,0,0.0,0.0,0.0
8,0,0.0,0.0,0.0
8,0,0.0,0.0,0.0
8,0,0.0,0.0,0.0
8,0,0.0,0.0,0.0
8,0,0.0,0.0,0.0
8,0,0.0,0.0,0.0
8,0,0.0,0.0,0.0
8,0,0.0,0.0,0.0
8,0,0.0,0.0,0.0
8,0,0.0,0.0,0.0
8,0,0.0,0.0,0.0
8,0,0.0,0.0,0.0
8,0,0.0,0.0,0.0
8,0,0.0,0.0,0.0
8,0,0.0,0.0,0.0
8,0,0.0,0.0,0.0
8,0,0.0,0.0,0.0
8,0,0.0,0.0,0.0
8,0,0.0,0.0,0.0
8,0,0.0,0.0,0.0
8,0,0.0,0.0,0.0
8,0,0.0,0.0,0.0
8,0,0.0,0.0,0.0
8,0,0.0,0.0,0.0
8,0,0.0,0.0,0.0
8,0,0.0,0.0,0.0
8,0,0.0,0.0,0.0
8,0,0.0,0.0,0.0
8,0,0.0,0.0,0.0
8,0,0.0,0.0,0.0
8,0,0.0,0.0,0.0
8,0,0.0,0.0,0.0
8,0,0.0,0.0,0.0
8,0,0.0,0.0,0.0
8,0,0.0,0.0,0.0
8,0,0.0,0.0,0.0
8,0,0.0,0.0,0.0
8,0,0.0,0.0,0.0
8,0,0.0,0.0,0.0
8,0,0.0,0.0,0.0
8,0,0.0,0.0,0.0
8,0,0.0,0.0,0.0
8,0,0.0,0.0,0.0
8,0,0.0,0.0,0.0
8,0,0.0,0.0,0.0
8,0,0.0,0.0,0.0
8,0,0.0,0.0,0.0
8,0,0.0,0.0,0.0
8,0,0.0,0.0,0.0
8,0,0.0,0.0,0.0
8,0,0.0,0.0,0.0
8,0,0.0,0.0,0.0
8,0,0.0,0.0,0.0
8,0,0.0,0.0,0.0
8,0,0.0,0.0,0.0
8,0,0.0,0.0,0.0
8,0,0.0,0.0,0.0
8,0,0.0,0.0,0.0
8,0,0.0,0.0,0.0
8,0,0.0,0.0,0.0
8,0,0.0,0.0,0.0
8,0,0.0,0.0,0.0
8,0,0.0,0.0,0.0
8,0,0.0,0.0,0.0
8,0,0.0,0.0,0.0
8,0,0.0,0.0,0.0
8,0,0.0,0.0,0.0
8,0,0.0,0.0,0.0
8,0,0.0,0.0,0.0
8,0,0.0,0.0,0.0
8,0,0.0,0.0,0.0
8,0,0.0,0.0,0.0
8,0,0.0,0.0,0.0
8,0,0.0,0.0,0.0
8,0,0.0,0.0,0.0
8,0,0.0,0.0,0.0
8,0,0.0,0.0,0.0
8,0,0.0,0.0,0.0
8,0,0.0,0.0,0.0
8,0,0.0,0.0,0.0
8,0,0.0,0.0,0.0
8,0,0.0,0.0,0.0
8,0,0.0,0.0,0.0
8,0,0.0,0.0,0.0
8,0,0.0,0.0,21.12
8,0,0.0,0.0,0.0
8,0,0.0,0.0,0.0
8,0,0.0,0.0,0.0
8,0,0.0,0.0,0.0
8,0,0.0,0.0,0.0
8,0,0.0,0.0,0.0
8,0,0.0,0.0,0.0
8,0,0.0,0.0,0.0
8,0,0.0,0.0,0.0
8,0,0.0,0.0,0.0
8,0,0.0,0.0,0.0
8,0,0.0,0.0,0.0
8,0,0.0,0.0,0.0
8,0,0.0,0.0,0.0
8,0,0.0,0.0,0.0
8,0,0.0,0.0,0.0
8,0,0.0,0.0,0.0
8,0,0.0,0.0,0.0
8,0,0.0,0.0,0.0
8,0,0.0,0.0,0.0
8,0,0.0,0.0,0.0
8,0,0.0,0.0,0.0
8,0,0.0,0.0,0.0
8,0,0.0,0.0,0.0
8,0,0.0,0.0,0.0
8,0,0.0,0.0,0.0
8,0,0.0,0.0,0.0
8,0,0.0,0.0,0.0
8,0,0.0,0.0,0.0
8,0,0.0,0.0,0.0
8,0,0.0,0.0,0.0
8,0,0.0,0.0,0.0
8,0,0.0,0.0,0.0
8,0,0.0,0.0,0.0
8,0,0.0,0.0,0.0
8,0,0.0,0.0,0.0
8,0,0.0,0.0,0.0
8,0,0.0,0.0,0.0
8,0,0.0,0.0,0.0
8,0,0.0,0.0,0.0
8,0,0.0,0.0,0.0
8,0,0.0,0.0,0.0
8,0,0.0,0.0,0.0
8,0,0.0,0.0,0.0
8,0,0.0,0.0,0.0
8,0,0.0,0.0,0.0
8,0,0.0,0.0,0.0
8,0,0.0,0.0,0.0
8,0,0.0,0.0,0.0
8,0,0.0,0.0,0.0
8,0,0.0,0.0,0.0
8,0,0.0,0.0,0.0
8,0,0.0,0.0,0.0
8,0,0.0,0.0,0.0
8,0,0.0,0.0,0.0
8,0,0.0,0.0,0.0
8,0,0.0,0.0,0.0
8,0,0.0,0.0,0.0
8,0,0.0,0.0,0.0
8,0,0.0,0.0,0.0
8,0,0.0,0.0,0.0
8,0,0.0,0.0,0.0
8,0,0.0,0.0,0.0
8,0,0.0,0.0,0.0
8,0,0.0,0.0,0.0
8,0,0.0,0.0,0.0
8,0,0.0,0.0,0.0
8,0,0.0,0.0,0.0
8,0,0.0,0.0,0.0
8,0,0.0,0.0,0.0
8,0,0.0,0.0,0.0
8,0,0.0,0.0,0.0
8,0,0.0,0.0,0.0
8,0,0.0,0.0,0.0
8,0,0.0,0.0,0.0
8,0,0.0,0.0,0.0
8,0,0.0,0.0,0.0
8,0,0.0,0.0,0.0
8,0,0.0,0.0,0.0
8,0,0.0,0.0,0.0
8,0,0.0,0.0,0.0
8,0,0.0,0.0,0.0
8,0,0.0,0.0,0.0
8,0,0.0,0.0,0.0
8,0,0.0,0.0,0.0
8,0,0.0,0.0,0.0
8,0,0.0,0.0,0.0
8,0,0.0,0.0,0.0
8,0,0.0,0.0,0.0
8,0,0.0,0.0,0.0
8,0,0.0,0.0,0.0
8,0,0.0,0.0,0.0
8,0,0.0,0.0,0.0
8,0,0.0,0.0,0.0
8,0,0.0,0.0,0.0
8,0,0.0,0.0,0.0
8,0,0.0,0.0,0.0
8,0,0.0,0.0,0.0
8,0,0.0,0.0,0.0
8,0,0.0,0.0,0.0
8,0,0.0,0.0,0.0
8,0,0.0,0.0,0.0
8,0,0.0,0.0,0.0
8,0,0.0,0.0,0.0
8,0,0.0,0.0,0.0
8,0,0.0,0.0,0.0
8,0,0.0,0.0,0.0
8,0,0.0,0.0,0.0
8,0,0.0,0.0,0.0
8,0,0.0,0.0,0.0
8,0,0.0,0.0,0.0
8,0,0.0,0.0,0.0
8,0,0.0,0.0,0.0
8,0,0.0,0.0,0.0
8,0,0.0,0.0,0.0
8,0,0.0,0.0,0.0
8,0,0.0,0.0,0.0
8,0,0.0,0.0,0.0
8,0,0.0,0.0,0.0
8,0,0.0,0.0,0.0
8,0,0.0,0.0,0.0
8,0,0.0,0.0,0.0
8,0,0.0,0.0,0.0
8,0,0.0,0.0,0.0
8,0,0.0,0.0,0.0
8,0,0.0,0.0,0.0
8,0,0.0,0.0,0.0
8,0,0.0,0.0,0.0
8,0,0.0,0.0,0.0
8,0,0.0,0.0,0.0
8,0,0.0,0.0,0.0
8,0,0.0,0.0,0.0
8,0,0.0,0.0,0.0
8,0,0.0,0.0,0.0
8,0,0.0,0.0,0.0
8,0,0.0,0.0,0.0
8,0,0.0,0.0,0.0
8,0,0.0,0.0,0.0
8,0,0.0,0.0,0.0
8,0,0.0,0.0,0.0
8,0,0.0,0.0,0.0
8,0,0.0,0.0,0.0
8,0,0.0,0.0,0.0
8,0,0.0,0.0,0.0
8,0,0.0,0.0,0.0
8,0,0.0,0.0,0.0
8,0,0.0,0.0,0.0
8,0,0.0,0.0,0.0
8,0,0.0,0.0,0.0
8,0,0.0,0.0,0.0
8,0,0.0,0.0,0.0
8,0,0.0,0.0,0.0
8,0,0.0,0.0,0.0
8,0,0.0,0.0,0.0
8,0,0.0,0.0,0.0
8,0,0.0,0.0,0.0
8,0,0.0,0.0,0.0
8,0,0.0,0.0,0.0
8,0,0.0,0.0,0.0
8,0,0.0,0.0,0.0
8,0,0.0,0.0,0.0
8,0,0.0,0.0,0.0
8,0,0.0,0.0,0.0
8,0,0.0,0.0,0.0
8,0,0.0,0.0,0.0
8,0,0.0,0.0,0.0
8,0,0.0,0.0,0.0
8,0,0.0,0.0,0.0
8,0,0.0,0.0,0.0
8,0,0.0,0.0,0.0
8,0,0.0,0.0,0.0
8,0,0.0,0.0,0.0
8,0,0.0,0.0,0.0
8,0,0.0,0.0,0.0
8,0,0.0,0.0,0.0
8,0,0.0,0.0,0.0
8,0,0.0,0.0,0.0
8,0,0.0,0.0,0.0
8,0,0.0,0.0,0.0
8,0,0.0,0.0,0.0
8,0,0.0,0.0,0.0
8,0,0.0,0.0,0.0
8,0,0.0,0.0,0.0
8,0,0.0,0.0,0.0
8,0,0.0,0.0,0.0
8,0,0.0,0.0,0.0
8,0,0.0,0.0,0.0
8,0,0.0,0.0,0.0
8,0,0.0,0.0,0.0
8,0,0.0,0.0,0.0
8,0,0.0,0.0,0.0
8,0,0.0,0.0,0.0
8,0,0.0,0.0,0.0
8,0,0.0,0.0,0.0
8,0,0.0,0.0,0.0
8,0,0.0,0.0,0.0
8,0,0.0,0.0,0.0
8,0,0.0,0.0,0.0
8,0,0.0,0.0,0.0
8,0,0.0,0.0,0.0
8,0,0.0,0.0,0.0
8,0,0.0,0.0,0.0
8,0,0.0,0.0,0.0
8,0,0.0,0.0,0.0
8,0,0.0,0.0,0.0
8,0,0.0,0.0,0.0
8,0,0.0,0.0,0.0
8,0,0.0,0.0,0.0
8,0,0.0,0.0,0.0
8,0,0.0,0.0,0.0
8,0,0.0,0.0,0.0
8,0,0.0,0.0,0.0
8,0,0.0,0.0,0.0
8,0,0.0,0.0,0.0
8,0,0.0,0.0,0.0
8,0,0.0,0.0,0.0
8,0,0.0,0.0,0.0
8,0,0.0,0.0,0.0
8,0,0.0,0.0,0.0
8,0,0.0,0.0,0.0
8,0,0.0,0.0,0.0
8,0,0.0,0.0,0.0
8,0,0.0,0.0,0.0
8,0,0.0,0.0,0.0
8,0,0.0,0.0,0.0
8,0,0.0,0.0,0.0
8,0,0.0,0.0,0.0
8,0,0.0,0.0,0.0
8,0,0.0,0.0,0.0
8,0,0.0,0.0,0.0
8,0,0.0,0.0,0.0
8,0,0.0,0.0,0.0
8,0,0.0,0.0,0.0
8,0,0.0,0.0,0.0
8,0,0.0,0.0,0.0
8,0,0.0,0.0,0.0
8,0,0.0,0.0,0.0
8,0,0.0,0.0,0.0
8,0,0.0,0.0,0.0
8,0,0.0,0.0,0.0
8,0,0.0,0.0,0.0
8,0,0.0,0.0,0.0
8,0,0.0,0.0,0.0
8,0,0.0,0.0,0.0
8,0,0.0,0.0,0.0
8,0,0.0,0.0,0.0
8,0,0.0,0.0,0.0
8,0,0.0,0.0,0.0
8,0,0.0,0.0,0.0
8,0,0.0,0.0,0.0
8,0,0.0,0.0,0.0
8,0,0.0,0.0,0.0
8,0,0.0,0.0,0.0
8,0,0.0,0.0,0.0
8,0,0.0,0.0,0.0
8,0,0.0,0.0,0.0
8,0,0.0,0.0,0.0
8,0,0.0,0.0,0.0
8,0,0.0,0.0,0.0
8,0,0.0,0.0,0.0
8,0,0.0,0.0,0.0
8,0,0.0,0.0,0.0
8,0,0.0,0.0,0.0
8,0,0.0,0.0,0.0
8,0,0.0,0.0,0.0
8,0,0.0,0.0,0.0
8,0,0.0,0.0,0.0
8,0,0.0,0.0,0.0
8,0,0.0,0.0,0.0
8,0,0.0,0.0,0.0
8,0,0.0,0.0,0.0
8,0,0.0,0.0,0.0
8,0,0.0,0.0,0.0
8,0,0.0,0.0,0.0
8,0,0.0,0.0,0.0
8,0,0.0,0.0,0.0
8,0,0.0,0.0,0.0
8,0,0.0,0.0,0.0
8,0,0.0,0.0,0.0
8,0,0.0,0.0,0.0
8,0,0.0,0.0,0.0
8,0,0.0,0.0,0.0
8,0,0.0,0.0,0.0
8,0,0.0,0.0,0.0
8,0,0.0,0.0,0.0
8,0,0.0,0.0,0.0
8,0,0.0,0.0,0.0
8,0,0.0,0.0,0.0
8,0,0.0,0.0,0.0
8,0,0.0,0.0,0.0
8,0,0.0,0.0,0.0
8,0,0.0,0.0,0.0
8,0,0.0,0.0,0.0
8,0,0.0,0.0,0.0
8,0,0.0,0.0,0.0
8,0,0.0,0.0,0.0
8,0,0.0,0.0,0.0
8,0,0.0,0.0,0.0
8,0,0.0,0.0,0.0
8,0,0.0,0.0,0.0
8,0,0.0,0.0,0.0
8,0,0.0,0.0,0.0
8,0,0.0,0.0,0.0
8,0,0.0,0.0,0.0
8,0,0.0,0.0,0.0
8,0,0.0,0.0,0.0
8,0,0.0,0.0,0.0
8,0,0.0,0.0,0.0
8,0,0.0,0.0,0.0
8,0,0.0,0.0,0.0
8,0,0.0,0.0,0.0
8,0,0.0,0.0,0.0
8,0,0.0,0.0,0.0
8,0,0.0,0.0,0.0
8,0,0.0,0.0,0.0
8,0,0.0,0.0,0.0
8,0,0.0,0.0,0.0
8,0,0.0,0.0,0.0
8,0,0.0,0.0,0.0
8,0,0.0,0.0,0.0
8,0,0.0,0.0,0.0
8,0,0.0,0.0,0.0
8,0,0.0,0.0,0.0
8,0,0.0,0.0,0.0
8,0,0.0,0.0,0.0
8,0,0.0,0.0,0.0
8,0,0.0,0.0,0.0
8,0,0.0,0.0,0.0
8,0,0.0,0.0,0.0
8,0,0.0,0.0,0.0
8,0,0.0,0.0,0.0
8,0,0.0,0.0,0.0
8,0,0.0,0.0,0.0
8,0,0.0,0.0,0.0
8,0,0.0,0.0,0.0
8,0,0.0,0.0,0.0
8,0,0.0,0.0,0.0
8,0,0.0,0.0,0.0
8,0,0.0,0.0,0.0
8,0,0.0,0.0,0.0
8,0,0.0,0.0,0.0
8,0,0.0,0.0,0.0
8,0,0.0,0.0,0.0
8,0,0.0,0.0,0.0
8,0,0.0,0.0,0.0
8,0,0.0,0.0,0.0
8,0,0.0,0.0,0.0
8,0,0.0,0.0,0.0
8,0,0.0,0.0,0.0
8,0,0.0,0.0,0.0
8,0,0.0,0.0,0.0
8,0,0.0,0.0,0.0
8,0,0.0,0.0,0.0
8,0,0.0,0.0,0.0
8,0,0.0,0.0,0.0
8,0,0.0,0.0,0.0
8,0,0.0,0.0,0.0
8,0,0.0,0.0,0.0
8,0,0.0,0.0,0.0
8,0,0.0,0.0,0.0
8,0,0.0,0.0,0.0
8,0,0.0,0.0,0.0
8,0,0.0,0.0,0.0
8,0,0.0,0.0,0.0
8,0,0.0,0.0,0.0
8,0,0.0,0.0,0.0
8,0,0.0,0.0,0.0
8,0,0.0,0.0,0.0
8,0,0.0,0.0,0.0
8,0,0.0,0.0,0.0
8,0,0.0,0.0,0.0
8,0,0.0,0.0,0.0
8,0,0.0,0.0,0.0
8,0,0.0,0.0,0.0
8,0,0.0,0.0,0.0
8,0,0.0,0.0,0.0
8,0,0.0,0.0,0.0
8,0,0.0,0.0,0.0
8,0,0.0,0.0,0.0
8,0,0.0,0.0,0.0
8,0,0.0,0.0,0.0
8,0,0.0,0.0,0.0
8,0,0.0,0.0,0.0
8,0,0.0,0.0,0.0
8,0,0.0,0.0,0.0
8,0,0.0,0.0,0.0
8,0,0.0,0.0,0.0
8,0,0.0,0.0,0.0
8,0,0.0,0.0,0.0
8,0,0.0,0.0,0.0
8,0,0.0,0.0,0.0
8,0,0.0,0.0,0.0
8,0,0.0,0.0,0.0
8,0,0.0,0.0,0.0
8,0,0.0,0.0,0.0
8,0,0.0,0.0,0.0
8,0,0.0,0.0,0.0
8,0,0.0,0.0,0.0
8,0,0.0,0.0,0.0
8,0,0.0,0.0,0.0
8,0,0.0,0.0,0.0
8,0,0.0,0.0,0.0
8,0,0.0,0.0,0.0
8,0,0.0,0.0,0.0
8,0,0.0,0.0,0.0
8,0,0.0,0.0,0.0
8,0,0.0,0.0,0.0
8,0,0.0,0.0,0.0
8,0,0.0,0.0,31.680000000000003
8,0,0.0,0.0,0.0
8,0,0.0,0.0,0.0
8,0,0.0,0.0,0.0
8,0,0.0,0.0,0.0
8,0,0.0,0.0,0.0
8,0,0.0,0.0,0.0
8,0,0.0,0.0,0.0
8,0,0.0,0.0,0.0
8,0,0.0,0.0,0.0
8,0,0.0,0.0,0.0
8,0,0.0,0.0,0.0
8,0,0.0,0.0,0.0
8,0,0.0,0.0,0.0
8,0,0.0,0.0,0.0
8,0,0.0,0.0,0.0
8,0,0.0,0.0,0.0
8,0,0.0,0.0,0.0
8,0,0.0,0.0,0.0
8,0,0.0,0.0,0.0
8,0,0.0,0.0,0.0
8,0,0.0,0.0,0.0
8,0,0.0,0.0,0.0
8,0,0.0,0.0,0.0
8,0,0.0,0.0,0.0
8,0,0.0,0.0,0.0
8,0,0.0,0.0,0.0
8,0,0.0,0.0,0.0
8,0,0.0,0.0,0.0
8,0,0.0,0.0,0.0
8,0,0.0,0.0,0.0
8,0,0.0,0.0,0.0
8,0,0.0,0.0,0.0
8,0,0.0,0.0,0.0
8,0,0.0,0.0,0.0
8,0,0.0,0.0,0.0
8,0,0.0,0.0,0.0
8,0,0.0,0.0,0.0
8,0,0.0,0.0,0.0
8,0,0.0,0.0,0.0
8,0,0.0,0.0,0.0
8,0,0.0,0.0,0.0
8,0,0.0,0.0,0.0
8,0,0.0,0.0,0.0
8,0,0.0,0.0,0.0
8,0,0.0,0.0,0.0
8,0,0.0,0.0,0.0
8,0,0.0,0.0,0.0
8,0,0.0,0.0,0.0
8,0,0.0,0.0,0.0
8,0,0.0,0.0,0.0
8,0,0.0,0.0,0.0
8,0,0.0,0.0,0.0
8,0,0.0,0.0,0.0
8,0,0.0,0.0,0.0
8,0,0.0,0.0,0.0
8,0,0.0,0.0,0.0
8,0,0.0,0.0,0.0
8,0,0.0,0.0,0.0
8,0,0.0,0.0,0.0
8,0,0.0,0.0,0.0
8,0,0.0,0.0,0.0
8,0,0.0,0.0,0.0
8,0,0.0,0.0,0.0
8,0,0.0,0.0,0.0
8,0,0.0,0.0,0.0
8,0,0.0,0.0,0.0
8,0,0.0,0.0,0.0
8,0,0.0,0.0,0.0
8,0,0.0,0.0,0.0
8,0,0.0,0.0,0.0
8,0,0.0,0.0,0.0
8,0,0.0,0.0,0.0
8,0,0.0,0.0,0.0
8,0,0.0,0.0,0.0
8,0,0.0,0.0,0.0
8,0,0.0,0.0,0.0
8,0,0.0,0.0,0.0
8,0,0.0,0.0,0.0
8,0,0.0,0.0,0.0
8,0,0.0,0.0,0.0
8,0,0.0,0.0,0.0
8,0,0.0,0.0,0.0
8,0,0.0,0.0,0.0
8,0,0.0,0.0,0.0
8,0,0.0,0.0,0.0
8,0,0.0,0.0,0.0
8,0,0.0,0.0,0.0
8,0,0.0,0.0,0.0
8,0,0.0,0.0,0.0
8,0,0.0,0.0,0.0
8,0,0.0,0.0,0.0
8,0,0.0,0.0,0.0
8,0,0.0,0.0,0.0
8,0,0.0,0.0,0.0
8,0,0.0,0.0,0.0
8,0,0.0,0.0,0.0
8,0,0.0,0.0,0.0
8,0,0.0,0.0,0.0
8,0,0.0,0.0,0.0
8,0,0.0,0.0,11.88
8,0,0.0,0.0,0.0
8,0,0.0,0.0,0.0
8,0,0.0,0.0,0.0
8,0,0.0,0.0,0.0
8,0,0.0,0.0,0.0
8,0,0.0,0.0,0.0
8,0,0.0,0.0,0.0
8,0,0.0,0.0,0.0
8,0,0.0,0.0,0.0
8,0,0.0,0.0,0.0
8,0,0.0,0.0,0.0
8,0,0.0,0.0,0.0
8,0,0.0,0.0,0.0
8,0,0.0,0.0,0.0
8,0,0.0,0.0,0.0
8,0,0.0,0.0,0.0
8,0,0.0,0.0,0.0
8,0,0.0,0.0,0.0
8,0,0.0,0.0,0.0
8,0,0.0,0.0,0.0
8,0,0.0,0.0,0.0
8,0,0.0,0.0,0.0
8,0,0.0,0.0,0.0
8,0,0.0,0.0,0.0
8,0,0.0,0.0,0.0
8,0,0.0,0.0,0.0
8,0,0.0,0.0,0.0
8,0,0.0,0.0,0.0
8,0,0.0,0.0,0.0
8,0,0.0,0.0,0.0
8,0,0.0,0.0,0.0
8,0,0.0,0.0,0.0
8,0,0.0,0.0,0.0
8,0,0.0,0.0,0.0
8,0,0.0,0.0,0.0
8,0,0.0,0.0,0.0
8,0,0.0,0.0,0.0
8,0,0.0,0.0,0.0
8,0,0.0,0.0,0.0
8,0,0.0,0.0,0.0
8,0,0.0,0.0,0.0
8,0,0.0,0.0,0.0
8,0,0.0,0.0,0.0
8,0,0.0,0.0,0.0
8,0,0.0,0.0,0.0
8,0,0.0,0.0,0.0
8,0,0.0,0.0,0.0
8,0,0.0,0.0,0.0
8,0,0.0,0.0,0.0
8,0,0.0,0.0,0.0
8,0,0.0,0.0,0.0
8,0,0.0,0.0,0.0
8,0,0.0,0.0,0.0
8,0,0.0,0.0,0.0
8,0,0.0,0.0,0.0
8,0,0.0,0.0,0.0
8,0,0.0,0.0,0.0
8,0,0.0,0.0,0.0
8,0,0.0,0.0,0.0
8,0,0.0,0.0,0.0
8,0,0.0,0.0,0.0
8,0,0.0,0.0,0.0
8,0,0.0,0.0,0.0
8,0,0.0,0.0,0.0
8,0,0.0,0.0,0.0
8,0,0.0,0.0,0.0
8,0,0.0,0.0,0.0
8,0,0.0,0.0,0.0
8,0,0.0,0.0,0.0
8,0,0.0,0.0,0.0
8,0,0.0,0.0,0.0
8,0,0.0,0.0,0.0
8,0,0.0,0.0,0.0
8,0,0.0,0.0,0.0
8,0,0.0,0.0,0.0
8,0,0.0,0.0,0.0
8,0,0.0,0.0,0.0
8,0,0.0,0.0,0.0
8,0,0.0,0.0,0.0
8,0,0.0,0.0,0.0
8,0,0.0,0.0,0.0
8,0,0.0,0.0,0.0
8,0,0.0,0.0,0.0
8,0,0.0,0.0,0.0
8,0,0.0,0.0,0.0
8,0,0.0,0.0,0.0
8,0,0.0,0.0,0.0
8,0,0.0,0.0,0.0
8,0,0.0,0.0,0.0
8,0,0.0,0.0,0.0
8,0,0.0,0.0,0.0
8,0,0.0,0.0,0.0
8,0,0.0,0.0,0.0
8,0,0.0,0.0,0.0
8,0,0.0,0.0,0.0
8,0,0.0,0.0,0.0
8,0,0.0,0.0,0.0
8,0,0.0,0.0,0.0
8,0,0.0,0.0,0.0
8,0,0.0,0.0,0.0
8,0,0.0,0.0,0.0
8,0,0.0,0.0,0.0
8,0,0.0,0.0,0.0
8,0,0.0,0.0,0.0
8,0,0.0,0.0,0.0
8,0,0.0,0.0,0.0
8,0,0.0,0.0,0.0
8,0,0.0,0.0,0.0
8,0,0.0,0.0,0.0
8,0,0.0,0.0,0.0
8,0,0.0,0.0,0.0
8,0,0.0,0.0,0.0
8,0,0.0,0.0,0.0
8,0,0.0,0.0,0.0
8,0,0.0,0.0,0.0
8,0,0.0,0.0,0.0
8,0,0.0,0.0,0.0
8,0,0.0,0.0,0.0
8,0,0.0,0.0,0.0
8,0,0.0,0.0,0.0
8,0,0.0,0.0,0.0
8,0,0.0,0.0,0.0
8,0,0.0,0.0,0.0
8,0,0.0,0.0,0.0
8,0,0.0,0.0,0.0
8,0,0.0,0.0,0.0
8,0,0.0,0.0,0.0
8,0,0.0,0.0,0.0
8,0,0.0,0.0,0.0
8,0,0.0,0.0,0.0
8,0,0.0,0.0,0.0
8,0,0.0,0.0,0.0
8,0,0.0,0.0,0.0
8,0,0.0,0.0,0.0
8,0,0.0,0.0,0.0
8,0,0.0,0.0,0.0
8,0,0.0,0.0,0.0
8,0,0.0,0.0,0.0
8,0,0.0,0.0,0.0
8,0,0.0,0.0,0.0
8,0,0.0,0.0,0.0
8,0,0.0,0.0,0.0
8,0,0.0,0.0,0.0
8,0,0.0,0.0,0.0
8,0,0.0,0.0,0.0
8,0,0.0,0.0,0.0
8,0,0.0,0.0,0.0
8,0,0.0,0.0,0.0
8,0,0.0,0.0,0.0
8,0,0.0,0.0,0.0
8,0,0.0,0.0,0.0
8,0,0.0,0.0,0.0
8,0,0.0,0.0,0.0
8,0,0.0,0.0,0.0
8,0,0.0,0.0,0.0
8,0,0.0,0.0,0.0
8,0,0.0,0.0,0.0
8,0,0.0,0.0,0.0
8,0,0.0,0.0,0.0
8,0,0.0,0.0,0.0
8,0,0.0,0.0,0.0
8,0,0.0,0.0,0.0
8,0,0.0,0.0,0.0
8,0,0.0,0.0,0.0
8,0,0.0,0.0,0.0
8,0,0.0,0.0,0.0
8,0,0.0,0.0,0.0
8,0,0.0,0.0,0.0
8,0,0.0,0.0,0.0
8,0,0.0,0.0,0.0
8,0,0.0,0.0,0.0
8,0,0.0,0.0,0.0
8,0,0.0,0.0,0.0
8,0,0.0,0.0,0.0
8,0,0.0,0.0,0.0
8,0,0.0,0.0,0.0
8,0,0.0,0.0,0.0
8,0,0.0,0.0,0.0
8,0,0.0,0.0,0.0
8,0,0.0,0.0,0.0
8,0,0.0,0.0,0.0
8,0,0.0,0.0,0.0
8,0,0.0,0.0,0.0
8,0,0.0,0.0,0.0
8,0,0.0,0.0,0.0
8,0,0.0,0.0,0.0
8,0,0.0,0.0,0.0
8,0,0.0,0.0,0.0
8,0,0.0,0.0,0.0
8,0,0.0,0.0,0.0
8,0,0.0,0.0,0.0
8,0,0.0,0.0,0.0
8,0,0.0,0.0,0.0
8,0,0.0,0.0,0.0
8,0,0.0,0.0,0.0
8,0,0.0,0.0,0.0
8,0,0.0,0.0,0.0
8,0,0.0,0.0,0.0
8,0,0.0,0.0,0.0
8,0,0.0,0.0,0.0
8,0,0.0,0.0,0.0
8,0,0.0,0.0,0.0
8,0,0.0,0.0,0.0
8,0,0.0,0.0,0.0
8,0,0.0,0.0,0.0
8,0,0.0,0.0,0.0
8,0,0.0,0.0,0.0
8,0,0.0,0.0,0.0
8,0,0.0,0.0,0.0
8,0,0.0,0.0,0.0
8,0,0.0,0.0,0.0
8,0,0.0,0.0,0.0
8,0,0.0,0.0,0.0
8,0,0.0,0.0,0.0
8,0,0.0,0.0,0.0
8,0,0.0,0.0,0.0
8,0,0.0,0.0,0.0
8,0,0.0,0.0,0.0
8,0,0.0,0.0,0.0
8,0,0.0,0.0,0.0
8,0,0.0,0.0,0.0
8,0,0.0,0.0,0.0
8,0,0.0,0.0,0.0
8,0,0.0,0.0,0.0
8,0,0.0,0.0,0.0
8,0,0.0,0.0,0.0
8,0,0.0,0.0,0.0
8,0,0.0,0.0,0.0
8,0,0.0,0.0,0.0
8,0,0.0,0.0,0.0
8,0,0.0,0.0,0.0
8,0,0.0,0.0,0.0
8,0,0.0,0.0,0.0
8,0,0.0,0.0,0.0
8,0,0.0,0.0,0.0
8,0,0.0,0.0,0.0
8,0,0.0,0.0,0.0
8,0,0.0,0.0,0.0
8,0,0.0,0.0,0.0
8,0,0.0,0.0,0.0
8,0,0.0,0.0,0.0
8,0,0.0,0.0,0.0
8,0,0.0,0.0,0.0
8,0,0.0,0.0,0.0
8,0,0.0,0.0,0.0
8,0,0.0,0.0,0.0
8,0,0.0,0.0,0.0
8,0,0.0,0.0,0.0
8,0,0.0,0.0,0.0
8,0,0.0,0.0,0.0
8,0,0.0,0.0,0.0
8,0,0.0,0.0,0.0
8,0,0.0,0.0,0.0
8,0,0.0,0.0,0.0
8,0,0.0,0.0,0.0
8,0,0.0,0.0,0.0
8,0,0.0,0.0,0.0
8,0,0.0,0.0,0.0
8,0,0.0,0.0,0.0
8,0,0.0,0.0,0.0
8,0,0.0,0.0,0.0
8,0,0.0,0.0,0.0
8,0,0.0,0.0,0.0
8,0,0.0,0.0,0.0
8,0,0.0,0.0,0.0
8,0,0.0,0.0,0.0
8,0,0.0,0.0,0.0
8,0,0.0,0.0,0.0
8,0,0.0,0.0,0.0
8,0,0.0,0.0,0.0
8,0,0.0,0.0,0.0
8,0,0.0,0.0,0.0
8,0,0.0,0.0,0.0
8,0,0.0,0.0,0.0
8,0,0.0,0.0,0.0
8,0,0.0,0.0,0.0
8,0,0.0,0.0,0.0
8,0,0.0,0.0,0.0
8,0,0.0,0.0,0.0
8,0,0.0,0.0,0.0
8,0,0.0,0.0,0.0
8,0,0.0,0.0,0.0
8,0,0.0,0.0,0.0
8,0,0.0,0.0,0.0
8,0,0.0,0.0,0.0
8,0,0.0,0.0,0.0
8,0,0.0,0.0,0.0
8,0,0.0,0.0,0.0
8,0,0.0,0.0,0.0
8,0,0.0,0.0,0.0
8,0,0.0,0.0,0.0
8,0,0.0,0.0,0.0
8,0,0.0,0.0,0.0
8,0,0.0,0.0,0.0
8,0,0.0,0.0,0.0
8,0,0.0,0.0,0.0
8,0,0.0,0.0,0.0
8,0,0.0,0.0,0.0
8,0,0.0,0.0,0.0
8,0,0.0,0.0,0.0
8,0,0.0,0.0,0.0
8,0,0.0,0.0,0.0
8,0,0.0,0.0,0.0
8,0,0.0,0.0,0.0
8,0,0.0,0.0,0.0
8,0,0.0,0.0,0.0
8,0,0.0,0.0,0.0
8,0,0.0,0.0,0.0
8,0,0.0,0.0,0.0
8,0,0.0,0.0,0.0
8,0,0.0,0.0,0.0
8,0,0.0,0.0,0.0
8,0,0.0,0.0,0.0
8,0,0.0,0.0,0.0
8,0,0.0,0.0,0.0
8,0,0.0,0.0,0.0
8,0,0.0,0.0,0.0
8,0,0.0,0.0,0.0
8,0,0.0,0.0,0.0
8,0,0.0,0.0,0.0
8,0,0.0,0.0,0.0
8,0,0.0,0.0,0.0
8,0,0.0,0.0,0.0
8,0,0.0,0.0,0.0
8,0,0.0,0.0,0.0
8,0,0.0,0.0,0.0
8,0,0.0,0.0,0.0
8,0,0.0,0.0,0.0
8,0,0.0,0.0,0.0
8,0,0.0,0.0,0.0
8,0,0.0,0.0,0.0
8,0,0.0,0.0,0.0
8,0,0.0,0.0,0.0
8,0,0.0,0.0,0.0
8,0,0.0,0.0,0.0
8,0,0.0,0.0,0.0
8,0,0.0,0.0,0.0
8,0,0.0,0.0,0.0
8,0,0.0,0.0,0.0
8,0,0.0,0.0,0.0
8,0,0.0,0.0,0.0
8,0,0.0,0.0,0.0
8,0,0.0,0.0,0.0
8,0,0.0,0.0,0.0
8,0,0.0,0.0,0.0
8,0,0.0,0.0,0.0
8,0,0.0,0.0,0.0
8,0,0.0,0.0,0.0
8,0,0.0,0.0,0.0
8,0,0.0,0.0,0.0
8,0,0.0,0.0,0.0
8,0,0.0,0.0,0.0
8,0,0.0,0.0,0.0
8,0,0.0,0.0,0.0
8,0,0.0,0.0,0.0
8,0,0.0,0.0,0.0
8,0,0.0,0.0,0.0
8,0,0.0,0.0,0.0
8,0,0.0,0.0,0.0
8,0,0.0,0.0,0.0
8,0,0.0,0.0,0.0
8,0,0.0,0.0,0.0
8,0,0.0,0.0,0.0
8,0,0.0,0.0,0.0
8,0,0.0,0.0,0.0
8,0,0.0,0.0,0.0
8,0,0.0,0.0,0.0
8,0,0.0,0.0,0.0
8,0,0.0,0.0,0.0
8,0,0.0,0.0,0.0
8,0,0.0,0.0,0.0
8,0,0.0,0.0,0.0
8,0,0.0,0.0,0.0
8,0,0.0,0.0,0.0
8,0,0.0,0.0,0.0
8,0,0.0,0.0,0.0
8,0,0.0,0.0,0.0
8,0,0.0,0.0,0.0
8,0,0.0,0.0,0.0
8,0,0.0,0.0,0.0
8,0,0.0,0.0,0.0
8,0,0.0,0.0,0.0
8,0,0.0,0.0,0.0
8,0,0.0,0.0,0.0
8,0,0.0,0.0,0.0
8,0,0.0,0.0,0.0
8,0,0.0,0.0,0.0
8,0,0.0,0.0,0.0
8,0,0.0,0.0,0.0
8,0,0.0,0.0,0.0
8,0,0.0,0.0,0.0
8,0,0.0,0.0,0.0
8,0,0.0,0.0,0.0
8,0,0.0,0.0,0.0
8,0,0.0,0.0,0.0
8,0,0.0,0.0,0.0
8,0,0.0,0.0,0.0
8,0,0.0,0.0,0.0
8,0,0.0,0.0,0.0
8,0,0.0,0.0,0.0
8,0,0.0,0.0,0.0
8,0,0.0,0.0,0.0
8,0,0.0,0.0,0.0
8,0,0.0,0.0,0.0
8,0,0.0,0.0,0.0
8,0,0.0,0.0,0.0
8,0,0.0,0.0,0.0
8,0,0.0,0.0,0.0
8,0,0.0,0.0,0.0
8,0,0.0,0.0,0.0
8,0,0.0,0.0,0.0
8,0,0.0,0.0,0.0
8,0,0.0,0.0,0.0
8,0,0.0,0.0,0.0
8,0,0.0,0.0,0.0
8,0,0.0,0.0,0.0
8,0,0.0,0.0,0.0
8,0,0.0,0.0,0.0
8,0,0.0,0.0,0.0
8,0,0.0,0.0,0.0
8,0,0.0,0.0,0.0
8,0,0.0,0.0,0.0
8,0,0.0,0.0,0.0
8,0,0.0,0.0,0.0
8,0,0.0,0.0,0.0
8,0,0.0,0.0,0.0
8,0,0.0,0.0,0.0
8,0,0.0,0.0,0.0
8,0,0.0,0.0,0.0
8,0,0.0,0.0,0.0
8,0,0.0,0.0,0.0
8,0,0.0,0.0,0.0
8,0,0.0,0.0,0.0
8,0,0.0,0.0,0.0
8,0,0.0,0.0,0.0
8,0,0.0,0.0,0.0
8,0,0.0,0.0,0.0
8,0,0.0,0.0,0.0
8,0,0.0,0.0,0.0
8,0,0.0,0.0,0.0
8,0,0.0,0.0,0.0
8,0,0.0,0.0,0.0
8,0,0.0,0.0,0.0
8,0,0.0,0.0,0.0
8,0,0.0,0.0,0.0
8,0,0.0,0.0,0.0
8,0,0.0,0.0,0.0
8,0,0.0,0.0,0.0
8,0,0.0,0.0,0.0
8,0,0.0,0.0,0.0
8,0,0.0,0.0,0.0
8,0,0.0,0.0,0.0
8,0,0.0,0.0,0.0
8,0,0.0,0.0,0.0
8,0,0.0,0.0,0.0
8,0,0.0,0.0,0.0
8,0,0.0,0.0,0.0
8,0,0.0,0.0,0.0
8,0,0.0,0.0,0.0
8,0,0.0,0.0,0.0
8,0,0.0,0.0,0.0
8,0,0.0,0.0,0.0
8,0,0.0,0.0,0.0
8,0,0.0,0.0,0.0
8,0,0.0,0.0,0.0
8,0,0.0,0.0,0.0
8,0,0.0,0.0,0.0
8,0,0.0,0.0,0.0
8,0,0.0,0.0,0.0
8,0,0.0,0.0,0.0
8,0,0.0,0.0,0.0
8,0,0.0,0.0,0.0
8,0,0.0,0.0,0.0
8,0,0.0,0.0,0.0
8,0,0.0,0.0,0.0
8,0,0.0,0.0,0.0
8,0,0.0,0.0,0.0
8,0,0.0,0.0,0.0
8,0,0.0,0.0,0.0
8,0,0.0,0.0,0.0
8,0,0.0,0.0,0.0
8,0,0.0,0.0,0.0
8,0,0.0,0.0,0.0
8,0,0.0,0.0,0.0
8,0,0.0,0.0,0.0
8,0,0.0,0.0,0.0
8,0,0.0,0.0,0.0
8,0,0.0,0.0,0.0
8,0,0.0,0.0,0.0
8,0,0.0,0.0,0.0
8,0,0.0,0.0,0.0
8,0,0.0,0.0,0.0
8,0,0.0,0.0,0.0
8,0,0.0,0.0,0.0
8,0,0.0,0.0,0.0
8,0,0.0,0.0,0.0
8,0,0.0,0.0,0.0
8,0,0.0,0.0,0.0
8,0,0.0,0.0,0.0
8,0,0.0,0.0,0.0
8,0,0.0,0.0,0.0
8,0,0.0,0.0,0.0
8,0,0.0,0.0,0.0
8,0,0.0,0.0,0.0
8,0,0.0,0.0,0.0
8,0,0.0,0.0,0.0
8,0,0.0,0.0,0.0
8,0,0.0,0.0,0.0
8,0,0.0,0.0,0.0
8,0,0.0,0.0,0.0
8,0,0.0,0.0,0.0
8,0,0.0,0.0,0.0
8,0,0.0,0.0,0.0
8,0,0.0,0.0,0.0
8,0,0.0,0.0,0.0
8,0,0.0,0.0,0.0
8,0,0.0,0.0,0.0
8,0,0.0,0.0,0.0
8,0,0.0,0.0,0.0
8,0,0.0,0.0,0.0
8,0,0.0,0.0,0.0
8,0,0.0,0.0,0.0
8,0,0.0,0.0,0.0
8,0,0.0,0.0,0.0
8,0,0.0,0.0,0.0
8,0,0.0,0.0,0.0
8,0,0.0,0.0,0.0
8,0,0.0,0.0,0.0
8,0,0.0,0.0,0.0
8,0,0.0,0.0,0.0
8,0,0.0,0.0,0.0
8,0,0.0,0.0,0.0
8,0,0.0,0.0,0.0
8,0,0.0,0.0,0.0
8,0,0.0,0.0,0.0
8,0,0.0,0.0,0.0
8,0,0.0,0.0,0.0
8,0,0.0,0.0,0.0
8,0,0.0,0.0,0.0
8,0,0.0,0.0,0.0
8,0,0.0,0.0,0.0
8,0,0.0,0.0,0.0
8,0,0.0,0.0,0.0
8,0,0.0,0.0,0.0
8,0,0.0,0.0,0.0
8,0,0.0,0.0,0.0
8,0,0.0,0.0,0.0
8,0,0.0,0.0,0.0
8,0,0.0,0.0,0.0
8,0,0.0,0.0,0.0
8,0,0.0,0.0,0.0
8,0,0.0,0.0,0.0
8,0,0.0,0.0,0.0
8,0,0.0,0.0,0.0
8,0,0.0,0.0,0.0
8,0,0.0,0.0,0.0
8,0,0.0,0.0,0.0
8,0,0.0,0.0,0.0
8,0,0.0,0.0,0.0
8,0,0.0,0.0,0.0
8,0,0.0,0.0,0.0
8,0,0.0,0.0,0.0
8,0,0.0,0.0,0.0
8,0,0.0,0.0,0.0
8,0,0.0,0.0,0.0
8,0,0.0,0.0,0.0
8,0,0.0,0.0,0.0
8,0,0.0,0.0,0.0
8,0,0.0,0.0,0.0
8,0,0.0,0.0,0.0
8,0,0.0,0.0,0.0
8,0,0.0,0.0,0.0
8,0,0.0,0.0,0.0
8,0,0.0,0.0,0.0
8,0,0.0,0.0,0.0
8,0,0.0,0.0,0.0
8,0,0.0,0.0,0.0
8,0,0.0,0.0,0.0
8,0,0.0,0.0,0.0
8,0,0.0,0.0,0.0
8,0,0.0,0.0,0.0
8,0,0.0,0.0,0.0
8,0,0.0,0.0,0.0
8,0,0.0,0.0,0.0
8,0,0.0,0.0,0.0
8,0,0.0,0.0,0.0
8,0,0.0,0.0,30.360000000000003
8,0,0.0,0.0,0.0
8,0,0.0,0.0,0.0
8,0,0.0,0.0,0.0
8,0,0.0,0.0,0.0
8,0,0.0,0.0,0.0
8,0,0.0,0.0,0.0
8,0,0.0,0.0,0.0
8,0,0.0,0.0,0.0
8,0,0.0,0.0,0.0
8,0,0.0,0.0,0.0
8,0,0.0,0.0,0.0
8,0,0.0,0.0,0.0
8,0,0.0,0.0,0.0
8,0,0.0,0.0,0.0
8,0,0.0,0.0,0.0
8,0,0.0,0.0,0.0
8,0,0.0,0.0,0.0
8,0,0.0,0.0,0.0
8,0,0.0,0.0,0.0
8,0,0.0,0.0,0.0
8,0,0.0,0.0,0.0
8,0,0.0,0.0,0.0
8,0,0.0,0.0,0.0
8,0,0.0,0.0,0.0
8,0,0.0,0.0,0.0
8,0,0.0,0.0,0.0
8,0,0.0,0.0,0.0
8,0,0.0,0.0,0.0
8,0,0.0,0.0,0.0
8,0,0.0,0.0,0.0
8,0,0.0,0.0,0.0
8,0,0.0,0.0,0.0
8,0,0.0,0.0,0.0
8,0,0.0,0.0,0.0
8,0,0.0,0.0,0.0
8,0,0.0,0.0,0.0
8,0,0.0,0.0,0.0
8,0,0.0,0.0,0.0
8,0,0.0,0.0,0.0
8,0,0.0,0.0,0.0
8,0,0.0,0.0,0.0
8,0,0.0,0.0,0.0
8,0,0.0,0.0,0.0
8,0,0.0,0.0,0.0
8,0,0.0,0.0,0.0
8,0,0.0,0.0,0.0
8,0,0.0,0.0,0.0
8,0,0.0,0.0,0.0
8,0,0.0,0.0,0.0
8,0,0.0,0.0,0.0
8,0,0.0,0.0,0.0
8,0,0.0,0.0,0.0
8,0,0.0,0.0,0.0
8,0,0.0,0.0,0.0
8,0,0.0,0.0,0.0
8,0,0.0,0.0,0.0
8,0,0.0,0.0,0.0
8,0,0.0,0.0,0.0
8,0,0.0,0.0,0.0
8,0,0.0,0.0,0.0
8,0,0.0,0.0,0.0
8,0,0.0,0.0,0.0
8,0,0.0,0.0,0.0
8,0,0.0,0.0,0.0
8,0,0.0,0.0,0.0
8,0,0.0,0.0,0.0
8,0,0.0,0.0,0.0
8,0,0.0,0.0,0.0
8,0,0.0,0.0,0.0
8,0,0.0,0.0,0.0
8,0,0.0,0.0,0.0
8,0,0.0,0.0,0.0
8,0,0.0,0.0,0.0
8,0,0.0,0.0,0.0
8,0,0.0,0.0,0.0
8,0,0.0,0.0,0.0
8,0,0.0,0.0,0.0
8,0,0.0,0.0,0.0
8,0,0.0,0.0,0.0
8,0,0.0,0.0,0.0
8,0,0.0,0.0,0.0
8,0,0.0,0.0,0.0
8,0,0.0,0.0,0.0
8,0,0.0,0.0,0.0
8,0,0.0,0.0,0.0
8,0,0.0,0.0,0.0
8,0,0.0,0.0,0.0
8,0,0.0,0.0,0.0
8,0,0.0,0.0,0.0
8,0,0.0,0.0,0.0
8,0,0.0,0.0,0.0
8,0,0.0,0.0,0.0
8,0,0.0,0.0,0.0
8,0,0.0,0.0,0.0
8,0,0.0,0.0,0.0
8,0,0.0,0.0,0.0
8,0,0.0,0.0,0.0
8,0,0.0,0.0,0.0
8,0,0.0,0.0,0.0
8,0,0.0,0.0,0.0
8,0,0.0,0.0,0.0
8,0,0.0,0.0,0.0
8,0,0.0,0.0,0.0
8,0,0.0,0.0,0.0
8,0,0.0,0.0,0.0
8,0,0.0,0.0,0.0
8,0,0.0,0.0,0.0
8,0,0.0,0.0,0.0
8,0,0.0,0.0,0.0
8,0,0.0,0.0,0.0
8,0,0.0,0.0,0.0
8,0,0.0,0.0,0.0
8,0,0.0,0.0,9.24
8,0,0.0,0.0,0.0
8,0,0.0,0.0,0.0
8,0,0.0,0.0,0.0
8,0,0.0,0.0,0.0
8,0,0.0,0.0,0.0
8,0,0.0,0.0,0.0
8,0,0.0,0.0,0.0
8,0,0.0,0.0,0.0
8,0,0.0,0.0,0.0
8,0,0.0,0.0,0.0
8,0,0.0,0.0,0.0
8,0,0.0,0.0,0.0
8,0,0.0,0.0,0.0
8,0,0.0,0.0,0.0
8,0,0.0,0.0,0.0
8,0,0.0,0.0,0.0
8,0,0.0,0.0,0.0
8,0,0.0,0.0,0.0
8,0,0.0,0.0,0.0
8,0,0.0,0.0,0.0
8,0,0.0,0.0,0.0
8,0,0.0,0.0,0.0
8,0,0.0,0.0,0.0
8,0,0.0,0.0,0.0
8,0,0.0,0.0,0.0
8,0,0.0,0.0,0.0
8,0,0.0,0.0,0.0
8,0,0.0,0.0,0.0
8,0,0.0,0.0,0.0
8,0,0.0,0.0,0.0
8,0,0.0,0.0,0.0
8,0,0.0,0.0,0.0
8,0,0.0,0.0,0.0
8,0,0.0,0.0,0.0
8,0,0.0,0.0,0.0
8,0,0.0,0.0,0.0
8,0,0.0,0.0,0.0
8,0,0.0,0.0,0.0
8,0,0.0,0.0,0.0
8,0,0.0,0.0,0.0
8,0,0.0,0.0,0.0
8,0,0.0,0.0,0.0
8,0,0.0,0.0,0.0
8,0,0.0,0.0,0.0
8,0,0.0,0.0,0.0
8,0,0.0,0.0,0.0
8,0,0.0,0.0,0.0
8,0,0.0,0.0,0.0
8,0,0.0,0.0,0.0
8,0,0.0,0.0,0.0
8,0,0.0,0.0,0.0
8,0,0.0,0.0,0.0
8,0,0.0,0.0,0.0
8,0,0.0,0.0,0.0
8,0,0.0,0.0,0.0
8,0,0.0,0.0,0.0
8,0,0.0,0.0,0.0
8,0,0.0,0.0,0.0
8,0,0.0,0.0,0.0
8,0,0.0,0.0,0.0
8,0,0.0,0.0,0.0
8,0,0.0,0.0,0.0
8,0,0.0,0.0,0.0
8,0,0.0,0.0,0.0
8,0,0.0,0.0,0.0
8,0,0.0,0.0,0.0
8,0,0.0,0.0,0.0
8,0,0.0,0.0,0.0
8,0,0.0,0.0,0.0
8,0,0.0,0.0,0.0
8,0,0.0,0.0,0.0
8,0,0.0,0.0,0.0
8,0,0.0,0.0,0.0
8,0,0.0,0.0,0.0
8,0,0.0,0.0,0.0
8,0,0.0,0.0,0.0
8,0,0.0,0.0,0.0
8,0,0.0,0.0,0.0
8,0,0.0,0.0,0.0
8,0,0.0,0.0,0.0
8,0,0.0,0.0,0.0
8,0,0.0,0.0,0.0
8,0,0.0,0.0,0.0
8,0,0.0,0.0,0.0
8,0,0.0,0.0,0.0
8,0,0.0,0.0,0.0
8,0,0.0,0.0,0.0
8,0,0.0,0.0,0.0
8,0,0.0,0.0,0.0
8,0,0.0,0.0,0.0
8,0,0.0,0.0,0.0
8,0,0.0,0.0,0.0
8,0,0.0,0.0,0.0
8,0,0.0,0.0,0.0
8,0,0.0,0.0,0.0
8,0,0.0,0.0,0.0
8,0,0.0,0.0,0.0
8,0,0.0,0.0,0.0
8,0,0.0,0.0,0.0
8,0,0.0,0.0,0.0
8,0,0.0,0.0,0.0
8,0,0.0,0.0,0.0
8,0,0.0,0.0,0.0
8,0,0.0,0.0,0.0
8,0,0.0,0.0,0.0
8,0,0.0,0.0,0.0
8,0,0.0,0.0,0.0
8,0,0.0,0.0,0.0
8,0,0.0,0.0,0.0
8,0,0.0,0.0,0.0
8,0,0.0,0.0,0.0
8,0,0.0,0.0,0.0
8,0,0.0,0.0,0.0
8,0,0.0,0.0,0.0
8,0,0.0,0.0,0.0
8,0,0.0,0.0,0.0
8,0,0.0,0.0,0.0
8,0,0.0,0.0,0.0
8,0,0.0,0.0,0.0
8,0,0.0,0.0,0.0
8,0,0.0,0.0,0.0
8,0,0.0,0.0,0.0
8,0,0.0,0.0,0.0
8,0,0.0,0.0,0.0
8,0,0.0,0.0,0.0
8,0,0.0,0.0,0.0
8,0,0.0,0.0,0.0
8,0,0.0,0.0,0.0
8,0,0.0,0.0,0.0
8,0,0.0,0.0,0.0
8,0,0.0,0.0,0.0
8,0,0.0,0.0,0.0
8,0,0.0,0.0,0.0
8,0,0.0,0.0,0.0
8,0,0.0,0.0,0.0
8,0,0.0,0.0,0.0
8,0,0.0,0.0,0.0
8,0,0.0,0.0,0.0
8,0,0.0,0.0,0.0
8,0,0.0,0.0,0.0
8,0,0.0,0.0,0.0
8,0,0.0,0.0,0.0
8,0,0.0,0.0,0.0
8,0,0.0,0.0,0.0
8,0,0.0,0.0,0.0
8,0,0.0,0.0,0.0
8,0,0.0,0.0,0.0
8,0,0.0,0.0,0.0
8,0,0.0,0.0,0.0
8,0,0.0,0.0,0.0
8,0,0.0,0.0,0.0
8,0,0.0,0.0,0.0
8,0,0.0,0.0,0.0
8,0,0.0,0.0,0.0
8,0,0.0,0.0,0.0
8,0,0.0,0.0,0.0
8,0,0.0,0.0,0.0
8,0,0.0,0.0,0.0
8,0,0.0,0.0,0.0
8,0,0.0,0.0,0.0
8,0,0.0,0.0,0.0
8,0,0.0,0.0,0.0
8,0,0.0,0.0,0.0
8,0,0.0,0.0,0.0
8,0,0.0,0.0,0.0
8,0,0.0,0.0,0.0
8,0,0.0,0.0,0.0
8,0,0.0,0.0,0.0
8,0,0.0,0.0,0.0
8,0,0.0,0.0,0.0
8,0,0.0,0.0,0.0
8,0,0.0,0.0,0.0
8,0,0.0,0.0,0.0
8,0,0.0,0.0,0.0
8,0,0.0,0.0,0.0
8,0,0.0,0.0,0.0
8,0,0.0,0.0,0.0
8,0,0.0,0.0,0.0
8,0,0.0,0.0,0.0
8,0,0.0,0.0,0.0
8,0,0.0,0.0,0.0
8,0,0.0,0.0,0.0
8,0,0.0,0.0,0.0
8,0,0.0,0.0,0.0
8,0,0.0,0.0,0.0
8,0,0.0,0.0,0.0
8,0,0.0,0.0,0.0
8,0,0.0,0.0,0.0
8,0,0.0,0.0,0.0
8,0,0.0,0.0,0.0
8,0,0.0,0.0,0.0
8,0,0.0,0.0,0.0
8,0,0.0,0.0,0.0
8,0,0.0,0.0,0.0
8,0,0.0,0.0,0.0
8,0,0.0,0.0,0.0
8,0,0.0,0.0,0.0
8,0,0.0,0.0,0.0
8,0,0.0,0.0,0.0
8,0,0.0,0.0,0.0
8,0,0.0,0.0,0.0
8,0,0.0,0.0,0.0
8,0,0.0,0.0,0.0
8,0,0.0,0.0,0.0
8,0,0.0,0.0,0.0
8,0,0.0,0.0,0.0
8,0,0.0,0.0,0.0
8,0,0.0,0.0,0.0
8,0,0.0,0.0,0.0
8,0,0.0,0.0,0.0
8,0,0.0,0.0,0.0
8,0,0.0,0.0,0.0
8,0,0.0,0.0,0.0
8,0,0.0,0.0,0.0
8,0,0.0,0.0,0.0
8,0,0.0,0.0,0.0
8,0,0.0,0.0,0.0
8,0,0.0,0.0,0.0
8,0,0.0,0.0,0.0
8,0,0.0,0.0,0.0
8,0,0.0,0.0,0.0
8,0,0.0,0.0,0.0
8,0,0.0,0.0,0.0
8,0,0.0,0.0,0.0
8,0,0.0,0.0,0.0
8,0,0.0,0.0,0.0
8,0,0.0,0.0,0.0
8,0,0.0,0.0,0.0
8,0,0.0,0.0,0.0
8,0,0.0,0.0,0.0
8,0,0.0,0.0,0.0
8,0,0.0,0.0,0.0
8,0,0.0,0.0,0.0
8,0,0.0,0.0,0.0
8,0,0.0,0.0,0.0
8,0,0.0,0.0,0.0
8,0,0.0,0.0,0.0
8,0,0.0,0.0,0.0
8,0,0.0,0.0,0.0
8,0,0.0,0.0,0.0
8,0,0.0,0.0,0.0
8,0,0.0,0.0,0.0
8,0,0.0,0.0,0.0
8,0,0.0,0.0,0.0
8,0,0.0,0.0,0.0
8,0,0.0,0.0,0.0
8,0,0.0,0.0,0.0
8,0,0.0,0.0,0.0
8,0,0.0,0.0,0.0
8,0,0.0,0.0,0.0
8,0,0.0,0.0,0.0
8,0,0.0,0.0,0.0
8,0,0.0,0.0,0.0
8,0,0.0,0.0,0.0
8,0,0.0,0.0,0.0
8,0,0.0,0.0,0.0
8,0,0.0,0.0,0.0
8,0,0.0,0.0,0.0
8,0,0.0,0.0,0.0
8,0,0.0,0.0,0.0
8,0,0.0,0.0,0.0
8,0,0.0,0.0,0.0
8,0,0.0,0.0,0.0
8,0,0.0,0.0,0.0
8,0,0.0,0.0,0.0
8,0,0.0,0.0,0.0
8,0,0.0,0.0,0.0
8,0,0.0,0.0,0.0
8,0,0.0,0.0,0.0
8,0,0.0,0.0,0.0
8,0,0.0,0.0,60.720000000000006
8,0,0.0,0.0,0.0
8,0,0.0,0.0,0.0
8,0,0.0,0.0,0.0
8,0,0.0,0.0,0.0
8,0,0.0,0.0,0.0
8,0,0.0,0.0,0.0
8,0,0.0,0.0,0.0
8,0,0.0,0.0,0.0
8,0,0.0,0.0,0.0
8,0,0.0,0.0,0.0
8,0,0.0,0.0,0.0
8,0,0.0,0.0,0.0
8,0,0.0,0.0,0.0
8,0,0.0,0.0,0.0
8,0,0.0,0.0,0.0
8,0,0.0,0.0,0.0
8,0,0.0,0.0,0.0
8,0,0.0,0.0,0.0
8,0,0.0,0.0,0.0
8,0,0.0,0.0,0.0
8,0,0.0,0.0,0.0
8,0,0.0,0.0,0.0
8,0,0.0,0.0,0.0
8,0,0.0,0.0,0.0
8,0,0.0,0.0,0.0
8,0,0.0,0.0,0.0
8,0,0.0,0.0,0.0
8,0,0.0,0.0,0.0
8,0,0.0,0.0,0.0
8,0,0.0,0.0,0.0
8,0,0.0,0.0,0.0
8,0,0.0,0.0,0.0
8,0,0.0,0.0,0.0
8,0,0.0,0.0,0.0
8,0,0.0,0.0,0.0
8,0,0.0,0.0,0.0
8,0,0.0,0.0,0.0
8,0,0.0,0.0,0.0
8,0,0.0,0.0,0.0
8,0,0.0,0.0,71.27999999999997
8,0,0.0,0.0,0.0
8,0,0.0,0.0,0.0
8,0,0.0,0.0,0.0
8,0,0.0,0.0,0.0
8,0,0.0,0.0,0.0
8,0,0.0,0.0,0.0
8,0,0.0,0.0,0.0
8,0,0.0,0.0,0.0
8,0,0.0,0.0,0.0
8,0,0.0,0.0,0.0
8,0,0.0,0.0,0.0
8,0,0.0,0.0,0.0
8,0,0.0,0.0,0.0
8,0,0.0,0.0,0.0
8,0,0.0,0.0,0.0
8,0,0.0,0.0,0.0
8,0,0.0,0.0,0.0
8,0,0.0,0.0,0.0
8,0,0.0,0.0,0.0
8,0,0.0,0.0,0.0
8,0,0.0,0.0,0.0
8,0,0.0,0.0,0.0
8,0,0.0,0.0,0.0
8,0,0.0,0.0,0.0
8,0,0.0,0.0,0.0
8,0,0.0,0.0,0.0
8,0,0.0,0.0,0.0
8,0,0.0,0.0,0.0
8,0,0.0,0.0,0.0
8,0,0.0,0.0,0.0
8,0,0.0,0.0,0.0
8,0,0.0,0.0,0.0
8,0,0.0,0.0,0.0
8,0,0.0,0.0,0.0
8,0,0.0,0.0,0.0
8,0,0.0,0.0,0.0
8,0,0.0,0.0,0.0
8,0,0.0,0.0,0.0
8,0,0.0,0.0,0.0
8,0,0.0,0.0,0.0
8,0,0.0,0.0,0.0
8,0,0.0,0.0,0.0
8,0,0.0,0.0,0.0
8,0,0.0,0.0,0.0
8,0,0.0,0.0,0.0
8,0,0.0,0.0,0.0
8,0,0.0,0.0,0.0
8,0,0.0,0.0,0.0
8,0,0.0,0.0,0.0
8,0,0.0,0.0,0.0
8,0,0.0,0.0,0.0
8,0,0.0,0.0,0.0
8,0,0.0,0.0,0.0
8,0,0.0,0.0,0.0
8,0,0.0,0.0,0.0
8,0,0.0,0.0,0.0
8,0,0.0,0.0,0.0
8,0,0.0,0.0,0.0
8,0,0.0,0.0,0.0
8,0,0.0,0.0,0.0
8,0,0.0,0.0,0.0
8,0,0.0,0.0,0.0
8,0,0.0,0.0,0.0
8,0,0.0,0.0,0.0
8,0,0.0,0.0,0.0
8,0,0.0,0.0,0.0
8,0,0.0,0.0,0.0
8,0,0.0,0.0,0.0
8,0,0.0,0.0,0.0
8,0,0.0,0.0,0.0
8,0,0.0,0.0,0.0
8,0,0.0,0.0,0.0
8,0,0.0,0.0,0.0
8,0,0.0,0.0,0.0
8,0,0.0,0.0,0.0
8,0,0.0,0.0,0.0
8,0,0.0,0.0,0.0
8,0,0.0,0.0,0.0
8,0,0.0,0.0,0.0
8,0,0.0,0.0,0.0
8,0,0.0,0.0,0.0
8,0,0.0,0.0,0.0
8,0,0.0,0.0,14.520000000000001
8,0,0.0,0.0,0.0
8,0,0.0,0.0,0.0
8,0,0.0,0.0,0.0
8,0,0.0,0.0,0.0
8,0,0.0,0.0,0.0
8,0,0.0,0.0,0.0
8,0,0.0,0.0,0.0
8,0,0.0,0.0,0.0
8,0,0.0,0.0,0.0
8,0,0.0,0.0,0.0
8,0,0.0,0.0,0.0
8,0,0.0,0.0,0.0
8,0,0.0,0.0,0.0
8,0,0.0,0.0,0.0
8,0,0.0,0.0,0.0
8,0,0.0,0.0,0.0
8,0,0.0,0.0,0.0
8,0,0.0,0.0,0.0
8,0,0.0,0.0,0.0
8,0,0.0,0.0,0.0
8,0,0.0,0.0,0.0
8,0,0.0,0.0,0.0
8,0,0.0,0.0,0.0
8,0,0.0,0.0,0.0
8,0,0.0,0.0,0.0
8,0,0.0,0.0,0.0
8,0,0.0,0.0,0.0
8,0,0.0,0.0,0.0
8,0,0.0,0.0,0.0
8,0,0.0,0.0,0.0
8,0,0.0,0.0,0.0
8,0,0.0,0.0,0.0
8,0,0.0,0.0,0.0
8,0,0.0,0.0,0.0
8,0,0.0,0.0,0.0
8,0,0.0,0.0,0.0
8,0,0.0,0.0,0.0
8,0,0.0,0.0,0.0
8,0,0.0,0.0,0.0
8,0,0.0,0.0,0.0
8,0,0.0,0.0,0.0
8,0,0.0,0.0,0.0
8,0,0.0,0.0,0.0
8,0,0.0,0.0,0.0
8,0,0.0,0.0,0.0
8,0,0.0,0.0,0.0
8,0,0.0,0.0,0.0
8,0,0.0,0.0,0.0
8,0,0.0,0.0,0.0
8,0,0.0,0.0,0.0
8,0,0.0,0.0,0.0
8,0,0.0,0.0,0.0
8,0,0.0,0.0,0.0
8,0,0.0,0.0,0.0
8,0,0.0,0.0,0.0
8,0,0.0,0.0,0.0
8,0,0.0,0.0,0.0
8,0,0.0,0.0,0.0
8,0,0.0,0.0,0.0
8,0,0.0,0.0,0.0
8,0,0.0,0.0,0.0
8,0,0.0,0.0,0.0
8,0,0.0,0.0,0.0
8,0,0.0,0.0,0.0
8,0,0.0,0.0,0.0
8,0,0.0,0.0,0.0
8,0,0.0,0.0,0.0
8,0,0.0,0.0,0.0
8,0,0.0,0.0,0.0
8,0,0.0,0.0,0.0
8,0,0.0,0.0,0.0
8,0,0.0,0.0,0.0
8,0,0.0,0.0,0.0
8,0,0.0,0.0,0.0
8,0,0.0,0.0,0.0
8,0,0.0,0.0,0.0
8,0,0.0,0.0,0.0
8,0,0.0,0.0,0.0
8,0,0.0,0.0,0.0
8,0,0.0,0.0,0.0
8,0,0.0,0.0,0.0
8,0,0.0,0.0,0.0
8,0,0.0,0.0,0.0
8,0,0.0,0.0,0.0
8,0,0.0,0.0,0.0
8,0,0.0,0.0,0.0
8,0,0.0,0.0,0.0
8,0,0.0,0.0,0.0
8,0,0.0,0.0,0.0
8,0,0.0,0.0,0.0
8,0,0.0,0.0,0.0
8,0,0.0,0.0,0.0
8,0,0.0,0.0,0.0
8,0,0.0,0.0,0.0
8,0,0.0,0.0,0.0
8,0,0.0,0.0,0.0
8,0,0.0,0.0,0.0
8,0,0.0,0.0,0.0
8,0,0.0,0.0,0.0
8,0,0.0,0.0,0.0
8,0,0.0,0.0,0.0
8,0,0.0,0.0,0.0
8,0,0.0,0.0,0.0
8,0,0.0,0.0,0.0
8,0,0.0,0.0,0.0
8,0,0.0,0.0,0.0
8,0,0.0,0.0,0.0
8,0,0.0,0.0,0.0
8,0,0.0,0.0,0.0
8,0,0.0,0.0,0.0
8,0,0.0,0.0,0.0
8,0,0.0,0.0,0.0
8,0,0.0,0.0,0.0
8,0,0.0,0.0,0.0
8,0,0.0,0.0,0.0
8,0,0.0,0.0,0.0
8,0,0.0,0.0,0.0
8,0,0.0,0.0,0.0
8,0,0.0,0.0,0.0
8,0,0.0,0.0,0.0
8,0,0.0,0.0,0.0
8,0,0.0,0.0,0.0
8,0,0.0,0.0,0.0
8,0,0.0,0.0,0.0
8,0,0.0,0.0,0.0
8,0,0.0,0.0,0.0
8,0,0.0,0.0,0.0
8,0,0.0,0.0,0.0
8,0,0.0,0.0,0.0
8,0,0.0,0.0,0.0
8,0,0.0,0.0,0.0
8,0,0.0,0.0,0.0
8,0,0.0,0.0,0.0
8,0,0.0,0.0,0.0
8,0,0.0,0.0,0.0
8,0,0.0,0.0,0.0
8,0,0.0,0.0,0.0
8,0,0.0,0.0,0.0
8,0,0.0,0.0,0.0
8,0,0.0,0.0,0.0
8,0,0.0,0.0,0.0
8,0,0.0,0.0,0.0
8,0,0.0,0.0,0.0
8,0,0.0,0.0,0.0
8,0,0.0,0.0,0.0
8,0,0.0,0.0,0.0
8,0,0.0,0.0,0.0
